Lateral Error,Yaw Error,Action,Reward
-0.004544096879088827,-0.0013007481715792124,3.0,-0.843105234045042
0.016862104680900842,0.004092075093490097,3.0,-2.0699693319145607
0.041399386638291215,0.010018721638449518,3.0,-3.3487661222753022
0.06697532244550605,0.015945368183408887,4.0,-5.784693435033774
0.11569386870067548,0.02731101205797802,0.0,-4.056367823072367
0.08112735646144734,0.017548931902438537,4.0,-6.1800822084087415
0.12360164416817483,0.02731101205797802,0.0,-4.450423440277989
0.08900846880555977,0.017548931902438537,2.0,-4.375872570029467
0.08751745140058934,0.01648089603125364,2.0,-4.5204338492501055
0.09040867698500211,0.01648089603125364,3.0,-5.75808457452669
0.11516169149053382,0.021873719296322945,0.0,-3.8758613531141113
0.07751722706228223,0.01157742790429221,4.0,-5.930581096153085
0.1186116219230617,0.02133950805983175,2.0,-6.336531458375726
0.1267306291675145,0.022407543931016648,0.0,-4.35423766692289
0.08708475333845779,0.01157742790429221,3.0,-5.327050256995368
0.10654100513990736,0.01590306683466769,1.0,-4.485626640239023
0.08971253280478045,0.011043216667801009,1.0,-3.3921774873926447
0.0678435497478529,0.005116570122841597,1.0,-2.2456724557622416
0.044913449115244836,-0.0008100764221178174,1.0,-1.047648208945558
0.02095296417891116,-0.006736722967077235,3.0,-1.960476048191988
0.03920952096383976,-0.0018768728002105108,1.0,-0.9719585046561551
0.0194391700931231,-0.006736722967077235,2.0,-0.8047145058997974
0.01609429011799595,-0.007269696065279824,2.0,-0.7425223699376658
0.014850447398753316,-0.007269696065279824,1.0,-0.4187416018740561
-0.008374832037481123,-0.012662519330349115,1.0,-1.714213756816233
-0.03428427513632466,-0.018589165875308483,3.0,-0.8947038540517803
-0.017894077081035607,-0.0137293157084418,3.0,-0.1805958378447514
0.0036119167568950277,-0.007802669163482414,2.0,-0.21790618252296085
0.004358123650459217,-0.007269696065279824,2.0,-0.15320639758341925
0.003064127951668385,-0.007269696065279824,2.0,-0.09154841533320175
0.001830968306664035,-0.007269696065279824,3.0,-1.1076815363396229
0.022153630726792457,-0.0018768728002105108,1.0,-0.13407564567458846
0.0026815129134917697,-0.006736722967077235,2.0,-0.09810925658645996
-0.001962185131729199,-0.007269696065279824,2.0,-0.14669366201795628
-0.0029338732403591254,-0.007269696065279824,2.0,-0.1906476475683655
-0.00381295295136731,-0.007269696065279824,2.0,-0.24514044297348492
-0.004902808859469698,-0.007269696065279824,2.0,-0.304566846931657
-0.00609133693863314,-0.007269696065279824,2.0,-0.36653500232490643
-0.007330700046498129,-0.007269696065279824,2.0,-0.4299472849309776
-0.008598945698619551,-0.007269696065279824,2.0,-0.4942481602600978
-0.009884963205201956,-0.007269696065279824,4.0,-1.615231041881586
0.03230462083763172,0.003560419961444619,2.0,-1.8655836170084568
0.03731167234016913,0.004628455832629515,2.0,-1.9068532320622933
0.03813706464124587,0.004628455832629515,3.0,-3.0291657384663258
0.06058331476932651,0.010021279097698833,1.0,-2.142300785311702
0.04284601570623404,0.005161428930832106,2.0,-2.0778695862106398
0.04155739172421279,0.004628455832629516,2.0,-2.1179976473047466
0.04235995294609494,0.004628455832629516,2.0,-2.1583274950114104
0.04316654990022821,0.004628455832629516,2.0,-2.1988480262402263
0.04397696052480453,0.004628455832629516,2.0,-2.2395488908088974
0.04479097781617795,0.004628455832629516,3.0,-3.361655401352502
0.06723310802705004,0.010021279097698833,2.0,-3.5588438419255337
0.07117687683851068,0.010554252195901422,2.0,-3.6516931971868516
0.07303386394373704,0.010554252195901422,3.0,-4.825866305144931
0.09651732610289862,0.015947075460970694,2.0,-5.075076915295277
0.10150153830590554,0.016480048559173285,2.0,-5.219911420757048
0.10439822841514095,0.015871426191525987,2.0,-5.364798745108964
0.10729597490217928,0.015871426191525987,1.0,-4.421373585103765
0.08842747170207531,0.010478602926456715,1.0,-3.3280388582018867
0.06656077716403773,0.004551956381497304,4.0,-5.444698016094628
0.10889396032189255,0.014848247773528054,3.0,-6.881234738567636
0.1376246947713527,0.021311661659424427,0.0,-5.001086722978425
0.1000217344595685,0.011015370267393687,1.0,-3.799277827530983
0.07598555655061966,0.004551956381497308,2.0,-3.735185977213733
0.07470371954427465,0.004018983283294717,1.0,-2.6943859887994623
0.05388771977598925,-0.0013738399817745937,1.0,-1.4980424596172588
0.029960849192345172,-0.0073004865267340124,1.0,-0.26590364180186754
0.005318072836037351,-0.01322713307169341,3.0,-1.1150167753661084
0.022300335507322168,-0.008367282904826707,3.0,-2.235176687070075
0.0447035337414015,-0.002440636359867288,1.0,-1.2465421954383404
0.02493084390876681,-0.0073004865267340124,2.0,-1.078248584260275
0.0215649716852055,-0.007833459624936602,2.0,-1.0146871000351814
0.020293742000703628,-0.007833459624936602,1.0,-0.1360097219565507
-0.002720194439131014,-0.013226282890005893,1.0,-1.4337831118570725
-0.028675662237141453,-0.019152929434965257,1.0,-2.9868668618753595
-0.059737337237507196,-0.025079575979924707,4.0,-1.1335434459476672
-0.022670868918953348,-0.014783284587893996,4.0,-1.1375016480619438
0.022750032961238877,-0.0028783087884555157,2.0,-1.3348537804669967
0.026697075609339933,-0.0018102729172706198,3.0,-2.404430542232587
0.04808861084465174,0.0035825503477986903,2.0,-2.549916345559557
0.05099832691119114,0.004115523446001281,3.0,-3.6722226266664544
0.07344445253332908,0.009508346711070596,2.0,-3.86991112869054
0.07739822257381081,0.010041319809273187,2.0,-3.963294013791962
0.07926588027583924,0.010041319809273187,2.0,-4.056773630356026
0.08113547260712052,0.010041319809273187,2.0,-4.15034344223961
0.0830068688447922,0.010041319809273187,2.0,-4.243997483685302
0.08487994967370603,0.010041319809273187,2.0,-4.337730299005403
0.08675460598010806,0.010041319809273187,2.0,-4.431536889690569
0.08863073779381138,0.010041319809273187,3.0,-5.606644856297262
0.11213289712594524,0.015434143074342458,0.0,-3.6794933263252543
0.0735898665265051,0.005137851682311703,1.0,-2.4295463042063377
0.048590926084126754,-0.0013255622035846636,2.0,-2.3146396120801453
0.046292792241602904,-0.0018585353017872535,2.0,-2.30432661033176
0.0460865322066352,-0.0018585353017872535,2.0,-2.094489641274161
0.041889792825483226,-0.022560632650108513,4.0,-4.055182732022514
0.08110365464045029,-0.011730516623384066,2.0,-4.1584453383937605
0.08316890676787522,-0.01066248075219917,2.0,-4.052587650004419
0.08105175300008839,-0.01066248075219917,2.0,-3.946910353907753
0.07893820707815505,-0.01066248075219917,2.0,-3.8335344173286483
0.07667068834657297,-0.01066248075219917,2.0,-3.726884754327491
0.07453769508654981,-0.01066248075219917,2.0,-3.8203205858637896
0.07640641171727579,-0.01066248075219917,2.0,-3.7139462422360747
0.0742789248447215,-0.01066248075219917,2.0,-3.6077388561148096
0.07215477712229619,-0.01066248075219917,2.0,-3.501713619055404
0.07003427238110807,-0.01066248075219917,2.0,-3.3958875920872194
0.0679177518417444,-0.01066248075219917,3.0,-4.371395076218613
0.08742790152437227,-0.005269657487129899,3.0,-5.5034612046331155
0.11006922409266232,0.0006569890578295069,3.0,-6.704392347256107
0.13408784694512216,0.006583635602788984,0.0,-4.659472230086467
0.09318944460172934,-0.003712655789241698,3.0,-5.489209370122992
0.10978418740245983,0.0006129831411338196,2.0,-5.591864030547859
0.11183728061095717,0.0011459562393364125,2.0,-5.5756707989534
0.11151341597906801,0.0011459562393364125,3.0,-6.669847101344341
0.13339694202688682,0.0065387795044057765,0.0,-4.636969030302866
0.09273938060605733,-0.0037575118876249053,2.0,-4.572937058619705
0.0914587411723941,-0.004825547758809802,2.0,-4.507623081206003
0.09015246162412006,-0.004825547758809802,3.0,-5.545829268923415
0.11091658537846831,0.0005672755062595044,2.0,-5.648055213913564
0.11296110427827126,0.0011002486044620972,3.0,-6.72718232972435
0.134543646594487,0.006493071869531461,0.0,-4.694777458785055
0.0938955491757011,-0.0038032195224992228,4.0,-6.618828127369614
0.13237656254739227,0.005958860633040265,0.0,-4.678062296725834
0.09356124593451667,-0.0038032195224992228,4.0,-6.596853087826441
0.1319370617565288,0.005958860633040265,0.0,-4.670508702414874
0.09341017404829746,-0.0038032195224992228,4.0,-6.592634680545927
0.13185269361091853,0.005958860633040265,0.0,-4.664178459241294
0.09328356918482586,-0.0038032195224992228,3.0,-5.481597844733389
0.10963195689466779,0.0005224194078762925,1.0,-4.490514362664458
0.08981028725328916,-0.004337430758990423,4.0,-6.514481484083131
0.13028962968166263,0.005958860633040265,0.0,-4.78751795335326
0.0957503590670652,-0.0038032195224992228,4.0,-6.51041769558097
0.1302083539116194,-0.01729528497525339,4.0,-8.766250377436181
0.17532500754872363,-0.005390309175815018,0.0,-6.717314082558011
0.13434628165116022,-0.01515238933135448,1.0,-5.276730931175292
0.10553461862350584,-0.0216158032172509,3.0,-6.052486925093503
0.12104973850187006,-0.016755953050384128,3.0,-7.089393832678242
0.14178787665356485,-0.010829306505424652,1.0,-6.196114110058662
0.12392228220117325,-0.015689156672291423,0.0,-3.757171483054021
0.07514342966108042,-0.027054800546860554,2.0,-3.2927361852187067
0.06585472370437413,-0.028122836418045458,3.0,-4.119219366254725
0.0823843873250945,-0.022730013152976146,3.0,-5.102477490788102
0.10204954981576204,-0.01680336660801667,2.0,-5.0565887705016
0.101131775410032,-0.016270393509814077,3.0,-5.9878542585576895
0.1197570851711538,-0.010877570244744712,2.0,-5.9945426546308
0.119890853092616,-0.01034459714654212,2.0,-5.897158898985601
0.11794317797971202,-0.01034459714654212,4.0,-7.9977737044120945
0.1599554740882419,0.0004855188801822453,0.0,-5.994462571826538
0.11988925143653076,-0.009276561275357219,4.0,-7.882680330492021
0.15765360660984043,0.0004855188801822453,0.0,-5.90311976579546
0.1180623953159092,-0.009276561275357219,4.0,-7.795800848271224
0.15591601696542448,0.0004855188801822453,0.0,-5.790683570098763
0.11581367140197527,-0.009276561275357219,2.0,-5.48398518782739
0.10967970375654779,-0.010344597146542116,0.0,-3.3955071751037162
0.06791014350207433,-0.021174713173266475,2.0,-2.9837543232398804
0.05967508646479761,-0.022242749044451372,2.0,-2.781949810376659
0.05563899620753319,-0.022242749044451372,2.0,-2.564711556162189
0.051294231123243786,-0.022242749044451372,2.0,-2.361098528919076
0.04722197057838152,-0.022242749044451372,2.0,-2.1581211163165004
0.04316242232633001,-0.022242749044451372,2.0,-1.9559772070742385
0.03911954414148477,-0.022242749044451372,2.0,-1.7549548452801016
0.035099096905602034,-0.022242749044451372,2.0,-1.536966507833168
0.030739330156663358,-0.022242749044451372,3.0,-2.4139882097071537
0.04827976419414308,-0.01684992577938201,3.0,-3.44883882871458
0.0689767765742916,-0.010923279234422531,2.0,-3.4550626675639484
0.06910125335127897,-0.010390306136219938,2.0,-3.35748627866377
0.06714972557327539,-0.010390306136219938,2.0,-3.2605849318285522
0.06521169863657104,-0.010390306136219938,2.0,-3.1415334199110214
0.06283066839822042,-0.010390306136219938,3.0,-4.124161160630834
0.08248322321261668,-0.0049974828711505746,3.0,-5.291516261636006
0.10583032523272011,-0.00837650620273733,1.0,-4.293806103653769
0.08587612207307538,-0.0132363563696041,1.0,-2.841417851084967
0.05682835702169934,-0.019163002914563576,2.0,-2.6388381831447534
0.05277676366289506,-0.01969597601276617,2.0,-2.5415016201228435
0.05083003240245687,-0.01969597601276617,2.0,-2.225046634373961
0.04450093268747922,-0.01969597601276617,2.0,-2.126011112893392
0.04252022225786784,-0.01969597601276617,2.0,-2.0279195967256656
0.04055839193451331,-0.01969597601276617,3.0,-2.813823189673669
0.056276463793473376,-0.014303152747696807,1.0,-1.7700327707677552
0.0354006554153551,-0.019163002914563573,2.0,-1.5666089202751405
0.03133217840550281,-0.019695976012766167,3.0,-2.3516061215961246
0.04703212243192249,-0.014303152747696802,2.0,-2.4116715027160236
0.04823343005432047,-0.013770179649494209,2.0,-2.342737518058631
0.04685475036117263,-0.013770179649494209,3.0,-3.178606661984718
0.06357213323969436,-0.00837735638442485,2.0,-3.2900072664531184
0.06580014532906237,-0.007844383286222261,2.0,-3.297707744759198
0.06595415489518396,-0.007844383286222261,2.0,-3.0798507488511904
0.061597014977023815,-0.007844383286222261,2.0,-3.0864192896013902
0.06172838579202781,-0.007844383286222261,2.0,-3.0937505239163237
0.06187501047832648,-0.007844383286222261,2.0,-2.9046308784515276
0.058092617569030544,-0.007844383286222261,2.0,-2.8830634150398287
0.05766126830079658,-0.007844383286222261,2.0,-2.8899727757590803
0.057799455515181605,-0.007844383286222261,3.0,-3.781453835511525
0.07562907671023049,-0.002451560021152902,2.0,-3.9464629772297584
0.07892925954459516,-0.0019185869229503135,2.0,-3.7772565602585413
0.07554513120517083,-0.0019185869229503135,2.0,-3.836962353285464
0.07673924706570928,-0.0019185869229503135,2.0,-3.8972718479172075
0.07794543695834415,-0.0019185869229503135,2.0,-3.7616307473421755
0.07523261494684351,-0.0019185869229503135,3.0,-4.904388304307512
0.09808776608615025,0.003474236342119046,3.0,-6.203940263588087
0.12407880527176174,0.009400882887078523,1.0,-5.15755352380681
0.10315107047613621,0.004541032720211752,3.0,-6.247586895459278
0.12495173790918557,0.009400882887078523,1.0,-5.399607369173144
0.10799214738346288,0.004541032720211752,2.0,-5.2106962426744
0.10421392485348799,0.004008059622009163,2.0,-5.323782186369456
0.10647564372738913,0.004008059622009163,1.0,-4.320276542295852
0.08640553084591704,-0.001384763643060196,1.0,-2.9673877378297897
0.059347754756595796,-0.0035100906090703983,2.0,-2.8699007235590948
0.05739801447118189,-0.004043063707272987,1.0,-1.7968145992343
0.035936291984686,-0.009435886972342346,1.0,-0.5428423182615152
0.010856846365230304,-0.015362533517301822,2.0,-0.3382678524124865
0.00676535704824973,-0.015895506615504415,2.0,-0.2440977366986162
0.004881954733972324,-0.015895506615504415,2.0,-0.11814014633423353
-0.0023628029266846706,-0.015895506615504415,3.0,-0.9066420949913865
0.01813284189982773,-0.010502683350435051,3.0,-2.0461830689504183
0.040923661379008366,-0.0045760368054755755,3.0,-3.2396260480062073
0.06479252096012414,0.0013506097394839014,2.0,-3.404328014882516
0.06808656029765033,0.00188358283768649,4.0,-5.440070383593945
0.10880140767187889,0.012713698864410854,2.0,-5.815028885244438
0.11630057770488875,0.013781734735595757,2.0,-5.981042336560832
0.11962084673121665,0.013781734735595757,2.0,-6.147359564839631
0.12294719129679262,0.013781734735595757,2.0,-6.2733878804834795
0.1254677576096696,0.013781734735595757,1.0,-5.357729464550477
0.10715458929100954,0.008388911470526396,3.0,-6.252926003540848
0.12505852007081697,0.013248761637393167,1.0,-5.402634955886035
0.10805269911772071,0.008388911470526396,3.0,-6.493111236332425
0.1298622247266485,0.013248761637393167,1.0,-5.645365930174309
0.11290731860348617,0.008388911470526396,1.0,-4.572388582397691
0.09144777164795383,0.0024622649255669196,2.0,-4.49654665603302
0.0899309331206604,0.0019292918273643312,3.0,-5.47648261838609
0.10952965236772179,0.007322115092433691,4.0,-7.86704898560954
0.1573409797121908,0.018687758967002824,0.0,-6.083831682994315
0.1216766336598863,0.00892567881146336,0.0,-3.7803824956445755
0.07560764991289151,-0.00297929698797501,3.0,-4.661091056139975
0.0932218211227995,0.001346341942400556,0.0,-2.623506896830898
0.05247013793661796,-0.008949949449630113,2.0,-2.172539183673857
0.04345078367347714,-0.010017985320815014,2.0,-2.1002285803644942
0.04200457160728988,-0.010017985320815014,2.0,-2.054186515362625
0.0410837303072525,-0.010017985320815014,2.0,-2.0092677929680427
0.04018535585936085,-0.010017985320815014,2.0,-1.9409495307789624
0.038818990615579245,-0.010017985320815014,2.0,-1.8935348835693586
0.03787069767138717,-0.010017985320815014,3.0,-2.7301656883161556
0.05460331376632312,-0.004625162055745654,3.0,-3.923251844744589
0.07846503689489179,0.0013014844892138226,3.0,-5.168804132816116
0.10337608265632232,0.007228131034173299,2.0,-5.385306533958195
0.1077061306791639,0.022472667622133888,0.0,-3.491355235462384
0.06982710470924768,0.011642551595409525,2.0,-3.288741972614874
0.06577483945229748,0.010574515724224623,2.0,-3.4936007616844766
0.06987201523368954,0.010574515724224623,2.0,-3.501218618767753
0.07002437237535505,0.010574515724224623,2.0,-3.4788823839387497
0.06957764767877499,0.010574515724224623,3.0,-4.795692840812614
0.09591385681625228,0.01596733898929398,1.0,-3.8459232143603024
0.07691846428720604,0.011107488822427212,3.0,-5.027519286697252
0.10055038573394504,0.01596733898929398,1.0,-4.109941330112
0.08219882660224001,0.011107488822427212,1.0,-3.100467252243292
0.06200934504486584,0.005180842277467734,2.0,-2.9501217510232185
0.05900243502046437,0.004647869179265146,2.0,-3.1029180164264103
0.062058360328528205,0.004647869179265146,3.0,-4.139216587338371
0.08278433174676741,0.010040692444334505,2.0,-4.448523054780045
0.08897046109560089,0.010573665542537095,2.0,-4.456081052590479
0.08912162105180958,0.010573665542537095,2.0,-4.631769386598634
0.09263538773197269,0.010573665542537095,2.0,-4.63794095754254
0.0927588191508508,0.010573665542537095,1.0,-3.5635168926986864
0.07127033785397373,0.005180842277467734,2.0,-3.586366588146319
0.07172733176292638,0.004647869179265146,2.0,-3.5397049362177184
0.07079409872435437,0.004647869179265146,2.0,-3.6921056423899974
0.07384211284779994,0.004647869179265146,2.0,-3.6463914585805597
0.0729278291716112,0.004647869179265146,2.0,-3.799226757657305
0.0759845351531461,0.004647869179265146,2.0,-3.7289805899093627
0.07457961179818726,0.004647869179265146,3.0,-4.988642338645926
0.09977284677291852,0.010040692444334505,1.0,-3.9907113580597597
0.0798142271611952,0.005180842277467734,2.0,-4.038809285700845
0.0807761857140169,0.004647869179265146,3.0,-5.074559718205283
0.10149119436410566,0.010040692444334505,1.0,-4.302467830112372
0.08604935660224743,0.005180842277467734,2.0,-4.126791303607095
0.08253582607214191,0.004647869179265146,2.0,-4.080441149762345
0.0816088229952469,0.004647869179265146,3.0,-5.314160298007736
0.10628320596015473,0.010040692444334505,1.0,-4.3436392274234805
0.08687278454846961,0.005180842277467734,3.0,-5.473331127558754
0.10946662255117508,0.010040692444334505,1.0,-4.477009823104146
0.08954019646208293,0.005180842277467734,2.0,-4.524863137693134
0.09049726275386269,0.004647869179265146,2.0,-4.478831561567265
0.0895766312313453,0.004647869179265146,4.0,-7.030189745901419
0.14060379491802838,0.0429100179075861,0.0,-5.295412582888877
0.10590825165777755,0.033147937752046636,0.0,-3.241127602609532
0.06482255205219065,0.021242961952608268,3.0,-4.360183510317726
0.08720367020635453,0.025568600882983843,4.0,-6.761011439775305
0.1352202287955061,0.036934244757552956,0.0,-5.176441897615377
0.10352883795230754,0.027172164602013493,3.0,-6.347321580100908
0.12694643160201816,0.03149780353238907,0.0,-4.412951591814631
0.08825903183629262,0.021201512140358408,3.0,-5.551336975451831
0.11102673950903663,0.025527151070733983,0.0,-3.76277811506259
0.0752555623012518,0.015230859678703322,3.0,-4.630022608963696
0.09260045217927391,0.019556498609078897,3.0,-6.061991593608457
0.12123983187216916,0.025483145154038375,0.0,-4.278135692668146
0.08556271385336292,0.015186853762007714,4.0,-6.250474638067669
0.12500949276135337,0.02494893391754718,0.0,-4.569073038280886
0.09138146076561773,0.015186853762007714,0.0,-2.3719223416223105
0.047438446832446204,0.0032818779625692625,3.0,-3.1326558454007163
0.06265311690801433,0.007607516892944742,4.0,-5.561925287988567
0.11123850575977134,0.018973160767513885,1.0,-4.935517213771755
0.0987103442754351,0.014647521837138308,1.0,-3.729896175912664
0.07459792351825328,0.008720875292178893,3.0,-4.848393440115678
0.09696786880231356,0.013580725459045604,1.0,-3.8655256033329204
0.07731051206665841,0.008720875292178893,3.0,-4.984224588512581
0.09968449177025163,0.013580725459045604,2.0,-5.282351385367373
0.10564702770734746,0.014113698557248196,3.0,-6.357818201365654
0.12715636402731306,0.01950652182231756,2.0,-6.707799699681905
0.1341559939936381,0.02003949492052015,2.0,-6.9533730447992355
0.1390674608959847,0.02003949492052015,1.0,-5.918412030482758
0.11836824060965516,0.014646671655450789,3.0,-7.089100462409873
0.14178200924819745,0.01950652182231756,2.0,-7.43919361177309
0.1487838722354618,0.02003949492052015,1.0,-6.3892674877718845
0.1277853497554377,0.014646671655450789,4.0,-8.665203043090864
0.1733040608618173,0.02494296304748145,0.0,-6.984636472377785
0.1396927294475557,0.015180882891941985,2.0,-6.769566586828219
0.1353913317365644,0.014112847020757088,2.0,-6.9633259852120855
0.1392665197042417,0.014112847020757088,2.0,-7.157107157029451
0.143142143140589,0.014112847020757088,2.0,-7.151528008490438
0.14303056016980875,0.014112847020757088,2.0,-7.345372167924403
0.14690744335848804,0.022038466451261667,0.0,-5.345884423446787
0.10691768846893575,0.011208350424537225,2.0,-5.225639690065579
0.10451279380131158,0.010140314553352328,1.0,-4.23356129606331
0.08467122592126619,0.0047474912882830116,2.0,-4.1666267218559385
0.08333253443711877,0.004214518190080421,2.0,-4.200690517218678
0.08401381034437357,0.004214518190080421,4.0,-6.413083570756592
0.12826167141513184,0.015044634216804872,0.0,-4.586869690165743
0.09173739380331487,0.0052825540612653175,3.0,-5.4959711945731975
0.10991942389146395,0.009608192991640844,0.0,-3.5183185382923465
0.07036637076584693,-0.0006880984003899057,3.0,-4.375498606689843
0.08750997213379685,0.0036375405299856143,0.0,-2.3442491536433137
0.046884983072866274,-0.006658750862045135,4.0,-4.238479423805738
0.08476958847611475,0.003103329293494415,2.0,-4.484099317648438
0.08968198635296876,0.004171365164679312,2.0,-4.520564876447842
0.09041129752895684,0.004171365164679312,2.0,-4.557119751523288
0.09114239503046576,0.004171365164679312,2.0,-4.59376181067157
0.09187523621343138,0.004171365164679312,2.0,-4.63048898417397
0.09260977968347939,0.004171365164679312,2.0,-4.667299262725661
0.09334598525451322,0.004171365164679312,2.0,-4.704190695436736
0.09408381390873473,0.004171365164679312,2.0,-4.741161387902625
0.09482322775805249,0.004171365164679312,2.0,-4.778209500341629
0.09556419000683257,0.004171365164679312,3.0,-5.896489634366532
0.11792979268733064,0.009564188429748627,0.0,-3.9144351751010005
0.07828870350202001,-0.0007321029622821217,2.0,-3.689545042453503
0.07379090084907006,-0.0018001388334670174,1.0,-2.5959579294681685
0.05191915858936337,-0.0071929620985363325,1.0,-1.341833989741166
0.02683667979482332,-0.013119608643495725,3.0,-2.1985115450844925
0.04397023090168985,-0.008259758476629029,1.0,-1.15369656444839
0.0230739312889678,-0.013119608643495725,3.0,-2.010841167404852
0.040216823348097036,-0.008259758476629029,3.0,-3.1289796988638447
0.06257959397727689,-0.0023331119316696075,2.0,-3.2175980667544373
0.06435196133508875,-0.001800138833467017,2.0,-3.2019026237343606
0.06403805247468722,-0.001800138833467017,2.0,-3.18633353653484
0.0637266707306968,-0.001800138833467017,1.0,-2.0932474459174326
0.04186494891834865,-0.0071929620985363325,3.0,-3.0009634546572133
0.06001926909314427,-0.0023331119316696075,4.0,-5.260627485062864
0.10521254970125729,0.009032531942899595,0.0,-3.3855544449170822
0.06771108889834164,-0.0007295482126399561,0.0,-0.9884799457295502
0.019769598914591006,-0.012634524012078435,3.0,-1.740428887805051
0.034808577756101015,-0.00830888508170294,4.0,-3.9487951569807573
0.07897590313961514,0.0030567587928662506,0.0,-2.0265414808658258
0.040530829617316515,-0.006705321362673298,3.0,-2.8291849008512355
0.05658369801702471,-0.0023796824322977706,2.0,-2.916732979203942
0.05833465958407884,-0.0018467093340951803,2.0,-2.9000346126037018
0.058000692252074035,-0.0018467093340951803,2.0,-2.88346913165143
0.0576693826330286,-0.0018467093340951803,2.0,-2.8670388397504034
0.05734077679500806,-0.0018467093340951803,2.0,-2.850746074390276
0.05701492148780553,-0.0018467093340951803,2.0,-2.8345932070103714
0.056691864140207424,-0.0018467093340951803,2.0,-2.8185826428136993
0.05637165285627399,-0.0018467093340951803,2.0,-2.802716820528881
0.056054336410577624,-0.0018467093340951803,1.0,-1.7090093735055758
0.03418018747011152,-0.007239532599164497,4.0,-3.7053661326878777
0.07410732265375755,0.0030567587928662506,1.0,-2.868886973652783
0.05737773947305567,-0.0012688801375092677,3.0,-3.829234447104573
0.07658468894209146,0.00359097002935745,1.0,-2.888283268263647
0.05776566536527293,-0.0012688801375092672,4.0,-4.943842885225779
0.09887685770451557,0.009027411254521483,1.0,-4.155055335510068
0.08310110671020135,0.004701772324145955,1.0,-3.0058681662264926
0.06011736332452985,-0.0012248742208134588,3.0,-3.9676039165692445
0.07935207833138488,0.0036349759460532587,1.0,-3.028514545918978
0.06057029091837955,-0.0012248742208134584,2.0,-2.908103834238182
0.05816207668476364,-0.0017578473190160487,4.0,-5.065193568288492
0.10130387136576983,0.009072268707708397,1.0,-4.2790846220389085
0.08558169244077818,0.0047466297773328696,1.0,-3.1299743617678217
0.06259948723535644,-0.0011800167676265447,2.0,-3.010572967365655
0.060211459347313104,-0.0017129898658291348,1.0,-1.9150866616384632
0.03830173323276927,-0.00710581313089845,4.0,-3.9150648909834054
0.0783012978196681,0.0031904782611322973,0.0,-1.9919429660469137
0.03983885932093827,-0.00657160189440725,4.0,-3.887177595463987
0.07774355190927974,0.003190478261132298,0.0,-1.9605898840449865
0.03921179768089973,-0.00657160189440725,3.0,-2.765776222210006
0.055315524444200126,-0.0022459629640317236,3.0,-3.9365753437106137
0.07873150687421228,0.00368068358092769,0.0,-1.9072759410224995
0.03814551882044999,-0.006615607811103059,4.0,-3.8022801868532725
0.07604560373706545,0.0031464723444364906,0.0,-1.8788824148803753
0.037577648297607506,-0.006615607811103059,4.0,-3.7736729406276575
0.07547345881255316,0.0031464723444364906,0.0,-1.8466546336167842
0.03693309267233568,-0.006615607811103059,4.0,-3.7413719826304237
0.07482743965260848,0.0031464723444364906,0.0,-1.8164419414908624
0.036328838829817245,-0.006615607811103059,3.0,-2.6215089468196484
0.05243017893639297,-0.002289968880727532,0.0,-0.5458938739006
0.010917877478012,-0.012586260272758283,3.0,-1.2951844363089524
0.02590368872617905,-0.008260621342382788,0.0,-0.8401398639315473
-0.016802797278630946,-0.01855691273441354,3.0,-0.14071451975218083
-0.0028142903950436164,-0.01423127380403806,3.0,-0.9260069297724323
0.018520138595448647,-0.008304627259078677,2.0,-0.9627477609419287
0.019254955218838573,-0.007771654160876087,2.0,-0.8955936807942946
0.017911873615885893,-0.007771654160876087,0.0,-1.3518801194565169
-0.02703760238913034,-0.018601770187600536,4.0,-0.4552683132877309
0.009105366265754618,-0.008839690032060981,0.0,-1.5811008425661586
-0.03162201685132317,-0.018601770187600536,4.0,-0.20917365107066077
0.004183473021413216,-0.008839690032060981,0.0,-1.821982498029214
-0.03643964996058428,-0.018601770187600536,4.0,-0.05503824171557954
-0.001100764834311591,-0.008839690032060981,1.0,-0.9750091855827911
-0.019500183711655822,-0.013165328962436478,3.0,-0.1457042652432014
-0.002914085304864028,-0.008305478795569782,1.0,-1.1583778019427386
-0.023167556038854772,-0.013165328962436478,4.0,-0.792695366197407
0.01585390732394814,-0.002869037570405724,1.0,-0.1041349728692913
-0.002082699457385826,-0.00719467650078125,1.0,-1.3511190246153368
-0.027022380492306736,-0.013121323045740643,4.0,-0.5962939253584971
0.011925878507169942,-0.0028250316537098887,0.0,-1.382990369167284
-0.02765980738334568,-0.012587111809249443,0.0,-3.885399698802759
-0.07770799397605518,-0.024492087608687877,4.0,-2.148130421593661
-0.04296260843187322,-0.014730007453148368,0.0,-4.230735873561003
-0.08461471747122007,-0.024492087608687877,3.0,-3.583293963023489
-0.07166587926046977,-0.020166448678312302,3.0,-2.5585178692471415
-0.051170357384942834,-0.014239802133352934,4.0,-0.4034481502476029
-0.008068963004952058,-0.0028741582587837305,3.0,-0.8759235413758527
0.017518470827517056,0.00358925562711264,3.0,-2.0980953723966804
0.041961907447933613,0.009515902172072061,3.0,-3.3726253324856175
0.06745250664971235,0.015442548717031433,3.0,-4.6990358092206295
0.09398071618441259,0.02136919526199083,3.0,-6.093471427345375
0.1218694285469075,0.027295841806950303,0.0,-4.25466503050761
0.08509330061015219,0.016999550414919615,3.0,-5.267167124400034
0.10534334248800067,0.021325189345295124,0.0,-3.381777538104358
0.06763555076208716,0.011028897953264378,3.0,-4.341539041840034
0.08683078083680068,0.01535453688363986,3.0,-5.6794319501019395
0.11358863900203879,0.02128118342859925,0.0,-3.79146036373065
0.075829207274613,0.010984892036568506,3.0,-4.7511599422657
0.09502319884531399,0.015310530966943986,1.0,-3.90688825774806
0.07813776515496121,0.010450680800077305,0.0,-1.717545413688692
0.034350908273773836,-0.0009149630744918988,1.0,-0.4161458526446529
0.008322917052893059,-0.007378376960388275,1.0,-0.8474202363516854
-0.016948404727033708,-0.013305023505347664,1.0,-2.162001417408
-0.04324002834816,-0.019231670050307032,2.0,-2.4276249237412846
-0.04855249847482569,-0.019764643148509623,3.0,-1.5198817640138975
-0.030397635280277953,-0.014371819883440351,4.0,-0.6352312776956472
0.012704625553912946,-0.003006176008871143,0.0,-1.3451434397048343
-0.026902868794096684,-0.012768256164410697,0.0,-3.849103888262679
-0.07698207776525358,-0.024673231963849133,4.0,-2.1133304115181164
-0.04226660823036233,-0.014911151808309623,4.0,-0.16619113995515505
0.003323822799103101,-0.003006176008871143,2.0,-0.34905552333837125
0.006981110466767425,-0.0019381401376862475,1.0,-0.751676183621508
-0.01503352367243016,-0.007330963402755563,2.0,-0.9249229828404105
-0.01849845965680821,-0.007863936500958152,2.0,-0.9941905459430872
-0.019883810918861745,-0.007863936500958152,3.0,-0.0490687911662823
0.000981375823325646,-0.002471113235888837,3.0,-1.1900211260398703
0.023800422520797407,0.0034555333090705753,2.0,-1.330382085388786
0.02660764170777572,0.003988506407273166,2.0,-1.3666414468637322
0.027332828937274643,0.003988506407273166,2.0,-1.3985330923110941
0.027970661846221885,0.003988506407273166,2.0,-1.43251121715113
0.028650224343022602,0.003988506407273166,2.0,-1.4668081758198244
0.029336163516396487,0.003988506407273166,2.0,-1.5014021188387336
0.030028042376774672,0.003988506407273166,3.0,-2.6174381270177745
0.05234876254035549,0.009381329672342483,2.0,-2.8088234463173163
0.056176468926346326,0.009914302770545072,0.0,-0.7263004738950661
0.014526009477901322,-0.0009158132561793731,3.0,-1.5808430050461808
0.03161686010092361,0.0034098256741961477,3.0,-2.801603065644678
0.056032061312893566,0.009336472219155569,3.0,-4.074543682467768
0.08149087364935535,0.01526311876411494,3.0,-5.399323944935411
0.1079864788987082,0.02118976530907433,1.0,-4.613300934521662
0.09226601869043324,0.025456759805292647,1.0,-3.5585429432934785
0.07117085886586957,0.01953011326033328,1.0,-2.6592010380219837
0.053184020760439675,0.013603466715373864,3.0,-3.6708635146641884
0.07341727029328377,0.01846331688224059,0.0,-1.8922224240940526
0.03784444848188105,0.008167025490209841,4.0,-3.8362409491780007
0.07672481898356001,0.017929105645749392,0.0,-1.9579947739882253
0.039159895479764506,0.008167025490209841,4.0,-4.10699072521039
0.08213981450420779,0.017929105645749392,0.0,-2.225812553126893
0.044516251062537864,0.008167025490209841,0.0,-0.10152892108971877
0.0020305784217943754,-0.0037379503092286387,4.0,-1.8704336460165343
0.03740867292033069,0.006024129846310915,3.0,-3.1421393995104703
0.0628427879902094,0.012487543732207281,3.0,-4.562460382639259
0.09124920765278519,0.018414190277166703,0.0,-2.5791509701703816
0.051583019403407634,0.008117898885135954,4.0,-4.727419335104118
0.09454838670208235,0.017879979040675505,4.0,-7.208812634939812
0.14417625269879625,0.029784954840113977,0.0,-5.417462118127327
0.10834924236254655,0.020022874684574428,0.0,-3.3222092516688457
0.06644418503337692,0.00811789888513595,4.0,-5.2662861826930865
0.10532572365386172,0.017879979040675502,0.0,-3.5881765859406616
0.07176353171881324,0.00811789888513595,4.0,-5.535566907510313
0.11071133815020626,0.017879979040675502,0.0,-3.655333383467407
0.07310666766934813,0.00811789888513595,0.0,-1.459283931377556
0.029185678627551122,-0.0037870769143025285,4.0,-3.2976086541305696
0.06595217308261139,0.005975003241237026,0.0,-1.5166606908009919
0.03033321381601984,-0.0037870769143025285,0.0,-0.993001616852067
-0.01986003233704134,-0.015692052713740964,3.0,-0.35648592512995575
-0.007129718502599115,-0.011366413783365389,3.0,-0.8803855521651485
0.01760771104330297,-0.005439767238406013,0.0,-1.313677969567959
-0.02627355939135918,-0.01573605863043672,3.0,-0.4693322558341605
-0.009386645116683209,-0.011410419700061146,3.0,-0.5412234218413402
0.010824468436826804,-0.005483773155101771,0.0,-1.6497845427767581
-0.032995690855535165,-0.015780064547132475,3.0,-0.8073215941564483
-0.01614643188312897,-0.0114544256167569,3.0,-0.21712881670589393
0.004342576334117878,-0.005527779071797524,0.0,-1.791343505125973
-0.03582687010251946,-0.01582407046382823,4.0,-0.07575303299645507
-0.0015150606599291015,-0.006061990308288722,1.0,-1.039572638687179
-0.02079145277374358,-0.010387629238664204,4.0,-1.0515486363292201
0.021030972726584406,-9.133784663344782e-05,0.0,-0.7836633547903694
-0.015673267095807387,0.025584602659004238,1.0,-1.8528706619085238
-0.03705741323817048,0.019121188773107825,4.0,-0.40617618583899395
0.008123523716779879,0.02941748016513853,1.0,-0.2017927187060581
-0.004035854374121162,0.025091841234763053,1.0,-1.160363738473417
-0.02320727476946834,0.01916519468980358,1.0,-2.1757779032126785
-0.04351555806425357,0.013238548144844103,4.0,-0.205794347487375
-0.0041158869497475,0.023534839536874762,1.0,-0.8255197769704592
-0.016510395539409185,0.019209200606499187,1.0,-1.8365155760934706
-0.03673031152186941,0.013282554061539711,4.0,-0.35098806018549455
0.007019761203709891,0.02357884545357037,2.0,-0.7861573329280871
0.015723146658561744,0.024646881324755267,1.0,-0.10528351185000173
-0.0021056702370000346,0.019254058059685903,1.0,-1.0739141749206818
-0.021478283498413638,0.013327411514726425,3.0,-0.023788134762656295
0.00047576269525312587,0.018187261681593198,1.0,-0.7842797603218026
-0.015685595206436052,0.013327411514726425,3.0,-0.32936767681582824
0.006587353536316565,0.018187261681593198,1.0,-0.4766057512678419
-0.009532115025356839,0.013327411514726425,1.0,-1.5400874142565188
-0.030801748285130374,0.007400764969766949,4.0,-0.5965903369552941
0.011931806739105882,0.01769705636179761,4.0,-3.1513043116162747
0.0630260862323255,0.02960203216123603,4.0,-5.811071964311569
0.11622143928623138,0.041507007960674504,1.0,-5.320982334160336
0.10641964668320672,0.037181369030298984,0.0,-3.3820091965322985
0.06764018393064597,0.025815725155729777,4.0,-5.5695268097887105
0.11139053619577421,0.03557780531126933,0.0,-3.749346772158584
0.07498693544317167,0.025815725155729777,0.0,-1.5918408240624307
0.031836816481248614,0.013910749356291396,0.0,-0.6529847946518359
-0.013059695893036719,0.0020057735568530205,1.0,-1.9265790405136096
-0.03853158081027219,-0.00445764032904342,3.0,-0.9884362379675872
-0.019768724759351743,0.0004022098378233512,0.0,-3.0431265225886177
-0.060862530451772354,-0.009894081554207318,3.0,-2.2317514934888067
-0.04463502986977613,-0.005568442623831751,3.0,-1.0840769665115377
-0.021681539330230752,0.0003582039211277257,2.0,-0.967522247460776
-0.01935044494921552,0.0008911770193303142,2.0,-0.9578853645785628
-0.019157707291571256,0.0008911770193303142,2.0,-0.9140679039261401
-0.018281358078522804,0.0008911770193303142,3.0,-0.18207652982533284
0.003641530596506657,0.006284000284399674,3.0,-1.4351185329461058
0.028702370658922116,0.012210646829359151,3.0,-2.7406147962946212
0.05481229592589243,0.018137293374318627,3.0,-4.098385086102898
0.08196770172205795,0.0426906243178437,0.0,-2.4692257280893424
0.04938451456178685,0.032394332925813035,0.0,-0.43075864438380895
0.008615172887676178,0.020489357126374667,0.0,-1.9423021595635794
-0.03884604319127159,0.008584381326936298,3.0,-0.9684290959604471
-0.019368581919208944,0.012910020257311864,0.0,-2.8432891323578673
-0.056865782647157345,0.0026137288652811953,2.0,-3.0010532961633314
-0.06002106592326663,0.001545692994096294,0.0,-5.318761635650841
-0.10637523271301681,-0.00928442303262807,3.0,-4.502545691042282
-0.09005091382084564,-0.004958784102252505,3.0,-3.2782996384784466
-0.06556599276956894,0.0009678624427069721,3.0,-2.203979578411687
-0.04407959156823374,0.006894508987666449,3.0,-0.9140886029230232
-0.018281772058460464,0.012821155532625925,0.0,-2.8280846979094925
-0.05656169395818985,0.002524864140595257,0.0,-5.163259894927319
-0.10326519789854638,-0.009380111658843112,4.0,-3.410647812483431
-0.06821295624966862,0.00038196849669635077,4.0,-0.9432815041168962
-0.018865630082337922,0.01228694429613472,4.0,-1.5980492314314385
0.03196098462862877,0.02419192009557309,4.0,-4.2449936498949485
0.08489987299789897,0.03609689589501146,3.0,-5.905819976626763
0.11811639953253525,0.04256030978090788,4.0,-8.595246641010624
0.17190493282021246,0.05392595365547708,0.0,-6.968697677401198
0.13937395354802395,0.04416387349993753,0.0,-5.038589340148093
0.10077178680296187,0.032258897700499146,0.0,-2.797063322940913
0.055941266458818265,0.02035392190106078,4.0,-4.968750119382925
0.09937500238765849,0.03011600205660024,1.0,-4.411822710531404
0.08823645421062808,0.025790363126224666,3.0,-5.652949031065225
0.11305898062130448,0.030650213293091436,3.0,-6.9562471553631555
0.13912494310726312,0.03657685983805092,0.0,-5.276439796913638
0.10552879593827276,0.026280568446020253,2.0,-5.352917676094733
0.10705835352189466,0.025212532574835356,3.0,-6.696479909623414
0.13392959819246827,0.03060535583990472,0.0,-4.770166846781604
0.09540333693563208,0.020309064447874062,2.0,-4.770198810915533
0.09540397621831066,0.019241028576689162,4.0,-7.151928709429133
0.14303857418858265,0.030071144603413525,0.0,-5.329826318199109
0.10659652636398217,0.020309064447874062,0.0,-3.1853388389881827
0.06370677677976365,0.008404088648435691,4.0,-5.251625002095999
0.10503250004191997,0.018166168803975154,0.0,-3.3302641988208164
0.06660528397641632,0.008404088648435691,2.0,-3.2243168186538544
0.06448633637307709,0.004114181176063245,2.0,-3.359875550637026
0.06719751101274052,0.004114181176063245,0.0,-1.1356739287559432
0.022713478575118864,-0.0067159348506611195,4.0,-3.089656215257779
0.06179312430515558,0.003046145304878344,4.0,-5.5436555825718425
0.11087311165143685,0.014951121104316714,0.0,-3.6205451154112285
0.07241090230822457,0.00518904094877725,1.0,-2.465523593058517
0.049310471861170345,-0.0012743729371191897,4.0,-4.38568873926144
0.08771377478522879,0.009021918454911479,1.0,-3.7033118246171655
0.07406623649234331,0.004696279524535912,2.0,-3.50364482635026
0.0700728965270052,0.004163306426333324,2.0,-3.6062305336933216
0.07212461067386643,0.004163306426333324,4.0,-5.881801940337009
0.11763603880674019,0.014993422453057688,1.0,-5.051493760570262
0.10102987521140523,0.010667783522682123,1.0,-4.021058020407566
0.08042116040815132,0.004741136977722646,1.0,-2.7758175789406794
0.055516351578813586,-0.0011855095672368308,4.0,-4.893086850633964
0.09786173701267929,0.009110781824793837,1.0,-4.1772702335236485
0.08354540467047297,0.004785142894418271,1.0,-2.931279976395795
0.05862559952791589,-0.0011415036505412054,4.0,-5.049690166401043
0.10099380332802085,0.009154787741489463,1.0,-4.1714320496822825
0.08342864099364564,0.004829148811113897,4.0,-6.3097176925196425
0.12619435385039285,0.015125440203144566,1.0,-5.676675890382836
0.11353351780765672,0.010799801272769,3.0,-6.613310896355754
0.13226621792711507,0.01565965143963577,1.0,-5.876883283279826
0.11753766566559651,0.010799801272769,2.0,-5.929273169957584
0.11858546339915169,0.01026682817456641,1.0,-4.840654616431294
0.09681309232862588,0.004874004909497051,1.0,-3.796204628756028
0.07592409257512056,-0.0010526416354624255,3.0,-4.626711868125279
0.09253423736250557,0.0038072085314043453,0.0,-2.7035747996334134
0.05407149599266827,-0.006489082860626323,4.0,-4.428719010881998
0.08857438021763996,0.0032729972949131405,1.0,-3.6955954458387703
0.0739119089167754,-0.0010526416354624255,4.0,-5.814251411788143
0.11628502823576285,0.009243649756568243,1.0,-4.901844570139843
0.09803689140279687,0.004918010826192676,1.0,-3.854687539024182
0.07709375078048364,-0.0010086357187668001,4.0,-5.974310676190502
0.11948621352381003,0.009287655673263869,1.0,-5.096953520607572
0.10193907041215144,0.004962016742888303,1.0,-4.015181037689645
0.08030362075379291,-0.0009646298020711746,4.0,-5.938267131921644
0.11876534263843289,0.009331661589959494,1.0,-5.061428322164085
0.10122856644328171,-0.020210743239458876,4.0,-7.002994763952902
0.14005989527905804,-0.009914451847428209,1.0,-6.144560216695866
0.12289120433391731,-0.014240090777803775,4.0,-7.975346190084199
0.159506923801684,-0.0039437993857731075,1.0,-7.169586119560228
0.14339172239120457,-0.008269438316148682,3.0,-7.962825091635794
0.15925650183271586,-0.003409588149281911,0.0,-5.988981808177668
0.11977963616355336,-0.01370587954131257,3.0,-6.625053749997787
0.13250107499995573,-0.009380240610937004,1.0,-5.691785599218723
0.11383571198437445,-0.014240090777803775,3.0,-6.403247912590552
0.12806495825181102,-0.009380240610937004,0.0,-4.378369107029204
0.0875673821405841,-0.01967653200296767,3.0,-4.962115542433941
0.09924231084867882,-0.015350893072592107,3.0,-6.109472731089279
0.12218945462178558,-0.00942424652763263,0.0,-3.8885009696070054
0.07777001939214011,-0.019720537919663297,3.0,-4.668842609501238
0.09337685219002476,-0.015394898989287732,2.0,-4.536138753977477
0.09072277507954954,-0.014861925891085143,2.0,-4.496829039151501
0.08993658078303,-0.014861925891085143,2.0,-4.259955852486525
0.08519911704973049,-0.014861925891085143,3.0,-5.302548075637366
0.10605096151274733,-0.009469102626015784,3.0,-6.3035430116003175
0.12607086023200637,-0.0035424560810563073,2.0,-6.473481380122812
0.12946962760245623,-0.0030094829828537146,4.0,-8.690863276068853
0.17381726552137708,0.007820633043870645,0.0,-6.7197222028470485
0.13439444405694095,-0.0019414471116688176,4.0,-8.730854137228363
0.17461708274456728,0.007820633043870645,0.0,-6.779459716471984
0.13558919432943967,-0.0019414471116688176,4.0,-8.78715216103406
0.17574304322068118,0.007820633043870645,1.0,-7.90627614993574
0.1581255229987148,0.003494994113495071,1.0,-6.640065758355572
0.13280131516711144,-0.002431652431464406,4.0,-8.756530404648808
0.17513060809297615,0.007864638960566253,1.0,-8.072817838283337
0.16145635676566672,0.0035390000301906786,1.0,-6.827674180470784
0.1365534836094157,-0.002387646514768798,1.0,-5.535109437076998
0.11070218874153996,-0.008314293059728275,3.0,-6.5257238428386355
0.1305144768567727,-0.003454442892861504,0.0,-4.356106369931016
0.08712212739862032,-0.013750734284892164,1.0,-3.0255829057629247
0.06051165811525849,-0.020214148170788603,0.0,-0.5015049677801017
0.010030099355602033,-0.031579792045357734,0.0,-2.081271378214416
-0.04162542756428832,-0.04348476784479611,3.0,-1.7060904097660743
-0.034121808195321485,-0.03915912891442054,3.0,-0.9654037834562061
-0.01930807566912412,-0.06555094962135162,3.0,-0.36984094751304564
-0.007396818950260913,-0.05962430307639214,3.0,-0.28239839817519635
0.005647967963503927,-0.053697656531432665,3.0,-0.9790592888196816
0.019581185776393634,-0.04777100998647319,3.0,-1.9247363365547532
0.038494726731095066,-0.04184436344151371,3.0,-2.70025476065245
0.054005095213049005,-0.03591771689655423,3.0,-3.5541960783543303
0.07108392156708661,-0.029991070351594755,3.0,-4.459997542135734
0.08919995084271468,-0.024064423806635277,3.0,-5.4037699702268815
0.10807539940453763,-0.0181377772616758,0.0,-3.174250634386534
0.06348501268773069,-0.02843406865370646,4.0,-4.856009239720295
0.0971201847944059,-0.018671988498166998,4.0,-7.050585512370754
0.14101171024741507,-0.006767012698728528,0.0,-5.0266899905745985
0.10053379981149198,-0.016529092854268082,4.0,-6.803592348122473
0.13607184696244948,-0.006767012698728528,0.0,-4.977718508156572
0.09955437016313144,-0.016529092854268082,2.0,-4.592503966662513
0.09185007933325026,-0.01759712872545298,4.0,-6.581893427648032
0.1316378685529606,-0.006767012698728526,1.0,-5.643908874317468
0.11287817748634936,-0.011092651629104017,4.0,-7.582429479184825
0.15164858958369648,-0.0007963602370732644,0.0,-5.605155547175713
0.11210311094351426,-0.010558440392612818,1.0,-4.200370831852825
0.0840074166370565,-0.01702185427850915,4.0,-6.082622840696904
0.12165245681393808,-0.006725562886478396,1.0,-5.147093241891195
0.1029418648378239,-0.01105120181685389,3.0,-6.193407934264955
0.1238681586852991,-0.006191351649987198,4.0,-8.398795339747165
0.16797590679494329,0.0051742922245820045,1.0,-7.559566068078794
0.1511913213615759,0.0008486532942064852,1.0,-6.35925483420496
0.12718509668409922,-0.005077993250752934,4.0,-8.351519837254335
0.1670303967450867,0.005218298141277813,1.0,-7.51301147369759
0.15026022947395182,0.0008926592109022937,1.0,-6.3110981465508855
0.1262219629310177,-0.005033987334057126,3.0,-7.217538180880209
0.14435076361760418,-0.00017413716719039991,1.0,-6.222231894360615
0.1244446378872123,-0.005033987334057126,1.0,-4.972380946672023
0.09944761893344045,-0.010960633879016515,1.0,-3.8638584646023806
0.07727716929204761,-0.01688728042397588,3.0,-4.666437660348185
0.09332875320696371,-0.0120274302571092,1.0,-3.5790549252992845
0.07158109850598568,-0.01688728042397588,1.0,-2.2184877196863466
0.04436975439372694,-0.022813926968935347,2.0,-1.8874645487759372
0.03774929097551875,-0.025781345037844895,0.0,-0.5127056130743229
-0.010254112261486458,-0.03661146106456925,4.0,-1.1223100486796889
0.022446200973593778,-0.02684938090902979,2.0,-1.1055344167620895
0.02211068833524179,-0.025781345037844895,2.0,-0.8800016793134726
0.017600033586269454,-0.025781345037844895,4.0,-2.824632668690369
0.05649265337380738,-0.014951229011120486,4.0,-5.0846317427262
0.101692634854524,-0.0030462532116820066,3.0,-6.356979704171786
0.12713959408343573,0.0034171606742143595,3.0,-7.577596297126058
0.15155192594252115,0.00934380721917378,4.0,-9.95847490466417
0.19916949809328338,0.02070945109374298,0.0,-8.168501197510311
0.16337002395020622,0.010947370938203431,0.0,-5.870246512663392
0.11740493025326784,-0.0009576048612350459,4.0,-7.818642741987874
0.1563728548397575,0.008804475294304505,0.0,-5.93888987801095
0.118777797560219,-0.0009576048612350459,4.0,-7.883529471376697
0.15767058942753392,0.008804475294304505,0.0,-6.007193929601586
0.12014387859203172,-0.0009576048612350459,3.0,-6.862955896524031
0.13725911793048062,0.0033680340691404744,3.0,-8.083341903156034
0.16166683806312068,0.009294680614099896,0.0,-6.099983108526167
0.12199966217052334,-0.0010016107779308536,1.0,-4.793454710745802
0.09586909421491605,-0.007465024663827229,2.0,-4.618579955867998
0.09237159911735995,-0.00799799776202982,1.0,-3.4670900958266726
0.06934180191653345,-0.013390821027099101,1.0,-2.168410204780822
0.04336820409561644,-0.019317467572058468,0.0,-0.282762719236292
-0.005655254384725839,-0.030683111446627585,3.0,-0.3112768305377261
0.006225536610754522,-0.02635747251625201,1.0,-0.8936359625665948
-0.0178727192513319,-0.03121732268311878,3.0,-0.1994636699849942
-0.003989273399699884,-0.02635747251625201,2.0,-0.3217709139300739
-0.006435418278601478,-0.025824499418049415,1.0,-1.6270603651113726
-0.032541207302227454,-0.03121732268311878,4.0,-0.18932674096450197
0.0037865348192900397,-0.02092103129108812,4.0,-2.3767088266597765
0.04753417653319553,-0.009016055491649648,4.0,-4.68927452301158
0.09378549046023159,0.0028889203077888262,3.0,-6.020460304234401
0.12040920608468801,0.009352334193685202,3.0,-7.293495825039161
0.1458699165007832,0.015278980738644574,0.0,-5.358783158105275
0.10717566316210551,0.00498268934661382,1.0,-4.1016371263970814
0.08203274252794164,-0.001480724539282554,1.0,-2.89787899199611
0.0579575798399222,-0.007407371084241976,0.0,-0.5657891248890108
0.011315782497780216,-0.018773014958811177,0.0,-1.995578029005857
-0.03991156058011714,-0.03067799075824956,0.0,-4.676634256424102
-0.09353268512848203,-0.04258296655768793,4.0,-3.0751470481151815
-0.06150294096230363,-0.03282088640214847,1.0,-4.248651409344012
-0.08497302818688023,-0.03714652533252404,3.0,-3.579596091275687
-0.07159192182551374,-0.03228667516565727,3.0,-2.672548483354056
-0.053450969667081114,-0.026360028620697792,0.0,-4.96629540944853
-0.09932590818897061,-0.036656320012728456,4.0,-3.3352771100480094
-0.06670554220096019,-0.02689423985718899,2.0,-3.353185898823312
-0.06706371797646624,-0.025826203986004093,0.0,-5.751617813945432
-0.11503235627890865,-0.036656320012728456,4.0,-4.103041859438688
-0.08206083718877376,-0.02689423985718899,3.0,-3.0387552835804903
-0.060775105671609805,-0.02043082597129257,3.0,-2.0282372097839896
-0.04056474419567979,-0.014504179426333197,2.0,-2.047369013580351
-0.04094738027160701,-0.013971206328130606,3.0,-1.080829740824752
-0.02161659481649504,-0.008578383063061322,1.0,-2.1270047099923137
-0.04254009419984627,-0.013438233229928015,1.0,-3.4348315323883556
-0.06869663064776711,-0.01936487977488738,1.0,-4.808227837160441
-0.09616455674320883,-0.02529152631984685,4.0,-2.9544679261686464
-0.05908935852337292,-0.014995234927816143,3.0,-1.786300869797072
-0.03572601739594144,-0.008531821041919798,3.0,-0.6720306345949557
-0.013440612691899115,-0.0026051744969603765,3.0,-0.5043775096619163
0.010087550193238325,0.003321472047999033,3.0,-1.7201677465825118
0.03440335493165024,0.009248118592958455,3.0,-2.9909378063336005
0.059818756126672014,0.015174765137917826,2.0,-3.2329681587281778
0.06465936317456356,0.015707738236120417,0.0,-1.1994861460059338
0.023989722920118674,0.004877622209395967,1.0,-0.08930012721409875
-0.0017860025442819748,-0.0015857916765003993,1.0,-1.2679901286053648
-0.025359802572107293,-0.007512438221459818,1.0,-2.5245541818263373
-0.05049108363652675,-0.013439084766419206,3.0,-1.6649895259339076
-0.03329979051867815,-0.008579234599552513,1.0,-2.710988688775902
-0.054219773775518045,-0.013439084766419206,1.0,-4.028590263599533
-0.08057180527199065,-0.019365731311378573,2.0,-4.30813631645559
-0.0861627263291118,-0.01989870440958116,3.0,-3.3904918907652832
-0.06780983781530567,-0.01450588114451189,1.0,-4.489855142891567
-0.08979710285783135,-0.01936573131137857,3.0,-3.6876787410457066
-0.07375357482091413,-0.01450588114451189,3.0,-2.624907921382019
-0.052498158427640385,-0.008579234599552512,1.0,-3.6728632140102424
-0.07345726428020485,-0.013439084766419205,1.0,-4.9817732461404605
-0.09963546492280921,-0.01936573131137857,3.0,-4.179901810110877
-0.08359803620221753,-0.01450588114451189,3.0,-3.1088094068590704
-0.06217618813718141,-0.008579234599552512,2.0,-3.0749942033879236
-0.06149988406775847,-0.00804626150134992,2.0,-3.1457353825492373
-0.06291470765098475,-0.00804626150134992,4.0,-1.048578117350651
-0.020971562347013018,0.0027838545253745218,2.0,-0.8045769219899023
-0.016091538439798044,0.003851890396559418,2.0,-0.7692926705414336
-0.015385853410828671,0.003851890396559418,3.0,-0.34785541537346953
0.006957108307469391,0.009244713661628734,0.0,-1.6337309015426942
-0.032674618030853884,-0.0010515777304020148,2.0,-1.8615411171934038
-0.03723082234386808,-0.0021196136015869103,1.0,-2.961529851194831
-0.059230597023896624,-0.007512436866656226,3.0,-2.055482306215354
-0.04110964612430708,-0.0026525866997895004,0.0,-4.141339897336301
-0.08282679794672601,-0.012948878091820253,3.0,-3.392352439280656
-0.06784704878561312,-0.00862323916144476,2.0,-3.3594160396778787
-0.06718832079355758,-0.00809026606324217,3.0,-2.3457303953370996
-0.046914607906742,-0.002697442798172856,3.0,-1.1785611191309697
-0.023571222382619394,0.0032292037467865566,2.0,-1.0411758644846296
-0.020823517289692593,0.003762176844989147,2.0,-1.0086279374105587
-0.020172558748211174,0.003762176844989147,0.0,-3.147377993186535
-0.0629475598637307,-0.007067939181735297,2.0,-3.4282053362099143
-0.06856410672419828,-0.008135975052920191,2.0,-3.4998520058263494
-0.06999704011652699,-0.008135975052920191,2.0,-3.57159718704027
-0.0714319437408054,-0.008135975052920191,0.0,-5.81473804796702
-0.1162947609593404,-0.01896609107964464,4.0,-4.028616731686096
-0.08057233463372192,-0.009204010924105084,0.0,-6.062734159566409
-0.12125468319132818,-0.01896609107964464,4.0,-4.268881772053569
-0.08537763544107138,-0.009204010924105084,0.0,-6.311204613478267
-0.12622409226956535,-0.01896609107964464,4.0,-4.5154551475992095
-0.09030910295198419,-0.009204010924105084,4.0,-2.202867303266439
-0.04405734606532878,0.00270096487533339,0.0,-4.13133614775587
-0.0826267229551174,-0.007061115280206158,0.0,-6.589804349808686
-0.1317960869961737,-0.01896609107964464,4.0,-4.796632530047655
-0.0959326506009531,-0.009204010924105084,4.0,-2.4879436012477423
-0.04975887202495484,0.00270096487533339,0.0,-4.415989327761498
-0.08831978655522996,-0.007061115280206158,4.0,-2.523719399040842
-0.05047438798081684,0.00270096487533339,0.0,-4.456078748122912
-0.08912157496245823,-0.007061115280206158,2.0,-4.737174633644819
-0.09474349267289638,-0.008129151151391054,2.0,-4.803434769319132
-0.09606869538638264,-0.008129151151391054,1.0,-5.962149439986665
-0.1192429887997333,-0.013521974416460336,1.0,-7.271701968267692
-0.14543403936535385,-0.0194486209614197,4.0,-5.372417844801402
-0.10744835689602802,-0.009152329569388946,4.0,-3.060301195647828
-0.06120602391295656,0.002752646230049528,4.0,-0.6462912225218262
-0.012925824450436524,0.014657622029488008,1.0,-1.3799968513667138
-0.027599937027334275,0.010331983099112527,0.0,-3.570452053419789
-0.07140904106839578,-0.0010336607754566757,4.0,-1.6315970865213278
-0.03263194173042656,0.008728419380082874,0.0,-3.5044626897096554
-0.0700892537941931,-0.0010336607754566763,4.0,-1.561209497386678
-0.03122418994773356,0.008728419380082874,1.0,-2.347115692684133
-0.04694231385368265,0.004402780449707347,1.0,-3.4987155583743066
-0.06997431116748613,-0.0015238660952520678,4.0,-1.4501281232530603
-0.029002562465061204,0.008772425296778682,0.0,-3.3262174798515494
-0.06652434959703099,-0.0009896548587608686,3.0,-2.472495603548301
-0.049449912070966016,0.0033359840716146514,2.0,-2.337283529336426
-0.04674567058672852,0.003868957169817242,1.0,-3.3824253161369056
-0.06764850632273811,-0.0015238660952520647,3.0,-2.4238430017294674
-0.04847686003458935,0.003335984071614654,2.0,-2.285020941565488
-0.04570041883130976,0.003868957169817245,0.0,-4.425203375826415
-0.08850406751652831,-0.006961158856907197,3.0,-3.619649132392015
-0.0723929826478403,-0.00263551992653167,3.0,-2.4521951302766998
-0.049043902605534,0.0032911266184277423,0.0,-4.485712690648822
-0.08971425381297644,-0.007005164773603007,1.0,-5.854981601493421
-0.11709963202986842,-0.013468578659499348,3.0,-4.993349323756128
-0.09986698647512256,-0.008608728492632655,1.0,-6.041121113976499
-0.12082242227952997,-0.013468578659499348,3.0,-5.187185962016113
-0.10374371924032226,-0.008608728492632655,4.0,-2.979055422830182
-0.05958110845660365,0.002756915381936547,1.0,-3.817669138458763
-0.07635338276917526,-0.0015687235484389713,1.0,-5.021818042214551
-0.10043636084429101,-0.00749537009339839,3.0,-4.115310477670952
-0.08230620955341902,-0.0026355199265316646,1.0,-5.1107243262843465
-0.10221448652568692,-0.00749537009339839,3.0,-4.204411901480977
-0.08408823802961955,-0.0026355199265316646,4.0,-1.9467084886148598
-0.038934169772297196,0.008730123948037538,2.0,-1.651366967192863
-0.03302733934385726,0.009798159819222434,0.0,-3.7368616524996243
-0.0747372330499925,-0.0010319562075020046,1.0,-5.050424418444691
-0.10100848836889383,-0.0074953700933983805,4.0,-3.049485025557048
-0.06098970051114096,0.002800921298632367,1.0,-3.888016005193551
-0.07776032010387102,-0.0015247176317431522,3.0,-2.931565391054683
-0.05863130782109366,0.0033351325351235668,1.0,-3.873063509558472
-0.07746127019116944,-0.0015247176317431522,1.0,-5.077339171835321
-0.10154678343670642,-0.007451364176702572,4.0,-3.078966065170966
-0.061579321303419324,0.002844927215328176,0.0,-5.010073067396893
-0.10020146134793786,-0.006917152940211373,4.0,-3.1140189920952874
-0.06228037984190575,0.002844927215328176,2.0,-2.8707690685185216
-0.05741538137037043,0.003912963086513072,2.0,-2.836920673960094
-0.056738413479201874,0.003912963086513072,2.0,-2.804967320186986
-0.05609934640373972,0.003912963086513072,0.0,-4.940623644364133
-0.09881247288728266,-0.006917152940211371,4.0,-3.04760309831643
-0.06095206196632861,0.0028449272153281773,4.0,-0.6328966456396721
-0.01265793291279344,0.014749903014766658,2.0,-0.29275444222891267
-0.005855088844578254,0.015817938885951555,2.0,-0.17257687416661754
-0.003451537483332351,0.015817938885951555,3.0,-1.0707048140597304
0.021414096281194606,0.02121076215102085,1.0,-0.28920379362128745
0.005784075872425749,0.016350911984154146,1.0,-0.7652557438625246
-0.015305114877250493,0.010424265439194778,1.0,-1.8625766708514409
-0.03725153341702882,0.004497618894235362,1.0,-3.012812089138806
-0.060256241782776124,-0.0014290276507240513,1.0,-4.218946289184703
-0.08437892578369406,-0.007355674195683471,3.0,-3.307252783320756
-0.06614505566641513,-0.0024958240288167448,4.0,-1.0492488389495205
-0.02098497677899041,0.008869819845752459,1.0,-1.834235307826293
-0.03668470615652586,0.0045441809153769315,1.0,-2.9851285480054823
-0.05970257096010965,-0.0013824656295824834,4.0,-0.9380398929270928
-0.018760797858541855,0.008913825762448264,1.0,-1.7210935242914929
-0.034421870485829856,0.004588186832072738,0.0,-3.9637543079185775
-0.07927508615837156,-0.006777457042496464,3.0,-3.1568105255113443
-0.06313621051022689,-0.0024518181121209372,0.0,-5.245608394160839
-0.10491216788321678,-0.01274810950415169,4.0,-3.398516910839851
-0.06797033821679702,-0.0029860293486121355,3.0,-2.12499487954287
-0.042499897590857406,0.003477384537284238,1.0,-3.066943411634322
-0.06133886823268644,-0.0013824656295824789,3.0,-2.1076064608279657
-0.04215212921655931,0.003477384537284239,0.0,-4.140090973250484
-0.08280181946500967,-0.006818906854746509,3.0,-3.334305383745608
-0.06668610767491215,-0.0024932679243709816,2.0,-3.2468292440519613
-0.06493658488103923,-0.0019602948261683915,2.0,-3.263902280786277
-0.06527804561572555,-0.0019602948261683915,2.0,-3.2810983670991805
-0.06562196734198361,-0.0019602948261683915,2.0,-3.2984155784570532
-0.06596831156914107,-0.0019602948261683915,4.0,-1.148882931840874
-0.02297765863681748,0.008869821200556054,1.0,-1.9319024295143405
-0.038638048590286814,0.004544182270180527,1.0,-3.0812907570576553
-0.061625815141153104,-0.0013824642747788866,3.0,-2.120887399712312
-0.04241774799424623,0.003477385892087831,1.0,-3.0621640506183607
-0.061243281012367215,-0.001382464274778886,3.0,-2.1019267263012975
-0.04203853452602595,0.0034773858920878315,1.0,-3.0437023555153244
-0.06087404711030649,-0.001382464274778886,4.0,-0.9961016032281605
-0.01992203206456321,0.008913827117251864,0.0,0.0
