Lateral Error,Yaw Error,Action,Reward
0.0038983554378032984,0.0011159044165023721,0.0,-1.9672072289024665
-0.03934414457804933,-0.009714211610222075,1.0,-3.3530957499284604
-0.0670619149985692,-0.016177625496118404,1.0,-4.68560137724206
-0.09371202754484119,-0.022104272041077812,2.0,-4.988702449748173
-0.09977404899496346,-0.022637245139280407,2.0,-5.187441539883848
-0.10374883079767697,-0.022637245139280407,0.0,-7.573270993152023
-0.15146541986304046,-0.033467361166004767,4.0,-5.897708477483459
-0.11795416954966917,-0.023705281010465304,2.0,-5.887344141049291
-0.11774688282098582,-0.022637245139280407,3.0,-4.994306218610022
-0.09988612437220044,-0.017244421874211092,2.0,-5.036527000709724
-0.10073054001419449,-0.0167114487760085,4.0,-3.012126456660236
-0.06024252913320473,-0.005881332749284052,2.0,-2.8415446426215767
-0.056830892852431536,-0.004813296878099156,4.0,-0.7120882408739758
-0.014241764817479515,0.006016819148625289,2.0,-0.4416792388102164
-0.008833584776204328,0.007084855019810183,2.0,-0.3818250849990238
-0.007636501699980476,0.007084855019810183,3.0,-0.7701687667733143
0.015403375335466285,0.012477678284879475,3.0,-2.069557345209837
0.041391146904196735,0.018404324829838843,2.0,-2.340820653513008
0.04681641307026016,0.01893729792804143,1.0,-1.4162280820971918
0.028324561641943836,0.01354447466297216,2.0,-1.4254446334601514
0.028508892669203027,0.01301150156476957,4.0,-3.7239923907301993
0.07447984781460398,0.023841617591493985,2.0,-4.152324573416607
0.08304649146833212,0.02490965346267888,4.0,-6.542728213589438
0.13085456427178876,0.035739769489403245,0.0,-4.8868578363737285
0.09773715672747457,0.02597768933386378,3.0,-5.9949639411633875
0.11989927882326774,0.030303328264239354,2.0,-6.370270584209364
0.1274054116841873,0.030836301362441948,1.0,-5.5419231053027875
0.11083846210605575,0.025443478097372584,0.0,-3.4734015545516703
0.06946803109103342,0.014077834222803417,4.0,-5.561911940526909
0.11123823881053818,0.023839914378342937,2.0,-5.990124992035303
0.11980249984070605,0.024907950249527834,2.0,-6.209067387958205
0.12418134775916409,0.024907950249527834,0.0,-4.242514202444709
0.08485028404889418,0.014077834222803417,4.0,-6.319239303782913
0.12638478607565826,0.023839914378342937,4.0,-8.956614141638465
0.1791322828327693,0.035744890177781305,0.0,-7.279834415295449
0.14559668830590897,0.025982810022241842,0.0,-5.105450058778818
0.10210900117557635,0.014077834222803417,2.0,-5.01055457697322
0.10021109153946442,0.01300979835161852,2.0,-5.1250092789366475
0.10250018557873294,0.01300979835161852,2.0,-5.2395214894063145
0.10479042978812629,0.01300979835161852,0.0,-3.176222263720203
0.06352444527440407,0.0021796823248940705,2.0,-2.976950668875906
0.05953901337751812,0.0011116464537091755,2.0,-2.9870906456715303
0.0597418129134306,0.0011116464537091755,4.0,-5.168652584774031
0.10337305169548061,0.011941762480433623,0.0,-3.3188554937207697
0.06637710987441539,0.0021796823248940705,2.0,-3.118987619453248
0.06237975238906496,0.0011116464537091755,1.0,-2.047256550632403
0.040945131012648066,-0.004281176811360135,2.0,-1.9007588129446624
0.038015176258893245,-0.004814149909562726,4.0,-4.03019486951717
0.0806038973903434,0.006015966117161717,2.0,-4.3016071307149275
0.08603214261429855,0.0070840019883466115,1.0,-3.2826617754814853
0.0656532355096297,0.0016911787232772983,4.0,-5.360020454411888
0.10720040908823776,0.01198747011530805,0.0,-3.51058242936055
0.070211648587211,0.0022253899597684964,2.0,-3.3111379357249344
0.06622275871449869,0.0011573540885836012,2.0,-3.3210645823310356
0.06642129164662072,0.0011573540885836012,0.0,-1.1608296492001624
0.023216592984003248,-0.009672761938140845,0.0,-1.3121590254645064
-0.026243180509290125,-0.022186360105226604,2.0,-1.7187718033230448
-0.034375436066460895,-0.0232543959764115,4.0,-0.2570699365861334
0.005141398731722669,-0.012424279949687068,2.0,-0.36939452326152167
0.007387890465230433,-0.011356244078502171,1.0,-0.8069263205977101
-0.0161385264119542,-0.01674906734357144,4.0,-1.1141817220359862
0.022283634440719725,-0.006452775951540688,3.0,-2.3635311761715343
0.047270623523430685,1.0637934355681237e-05,3.0,-3.559633564374712
0.07119267128749425,0.005937284479315099,1.0,-2.6450388128220323
0.05290077625644065,0.0010774343124483744,1.0,-1.4729038801465553
0.029458077602931104,-0.00484921223251104,1.0,-0.24934703655856374
0.004986940731171275,-0.01077585877747046,1.0,-1.0367541614543319
-0.020735083229086636,-0.016702505322429825,4.0,-0.8843645739718307
0.017687291479436613,-0.006406213930399072,4.0,-3.224629967368189
0.06449259934736377,0.005498761869039404,2.0,-3.4966697447204727
0.06993339489440945,0.006566797740224299,3.0,-4.640681380090681
0.09281362760181362,0.01195962100529359,0.0,-2.6888534085396607
0.05377706817079322,0.0016633296132628358,2.0,-2.490824090890004
0.04981648181780008,0.0005952937420779403,2.0,-2.5010389872199434
0.05002077974439887,0.0005952937420779403,2.0,-2.311016971001624
0.04622033942003248,0.0005952937420779403,1.0,-1.239972422171927
0.02479944844343854,-0.00479752952299137,0.0,-1.0785364064424894
-0.021570728128849786,-0.016163173397560578,1.0,-2.515906390711632
-0.05031812781423264,-0.022626587283456946,0.0,-5.010222248709672
-0.10020444497419345,-0.033992231158026055,0.0,-7.721742822359918
-0.15443485644719837,-0.04589720695746443,4.0,-6.139006931770546
-0.12278013863541093,-0.03613512680192497,0.0,-8.430910586405798
-0.16861821172811595,-0.04589720695746443,0.0,-11.286208078050796
-0.22572416156101593,-0.0578021827569028,4.0,-9.767123989548555
-0.19534247979097108,-0.048040102601363335,4.0,-7.740731585323091
-0.1548146317064618,-0.03613512680192497,4.0,-5.643010307107737
-0.11286020614215472,-0.024230151002486596,0.0,-7.822158035705241
-0.15644316071410483,-0.03399223115802606,4.0,-6.143381775719884
-0.12286763551439768,-0.024230151002486596,0.0,-8.323612793248792
-0.16647225586497583,-0.03399223115802606,4.0,-6.629097341051105
-0.13258194682102212,-0.024230151002486596,1.0,-7.7146028101083095
-0.15429205620216618,-0.02855578993286217,4.0,-5.882312528343137
-0.11764625056686273,-0.018259498540831493,1.0,-6.900481775592777
-0.13800963551185555,-0.02258513747120701,1.0,-8.499913860883579
-0.16999827721767158,-0.049213881364487747,4.0,-6.854699059235463
-0.13709398118470925,-0.03891758997245706,1.0,-8.083298151228236
-0.16166596302456473,-0.04324322890283258,4.0,-6.40186286072468
-0.1280372572144936,-0.03294693751080184,0.0,-8.669052056437678
-0.17338104112875358,-0.04270901766634139,4.0,-6.8842675587924775
-0.13768535117584954,-0.03294693751080184,0.0,-9.1600979534278
-0.183201959068556,-0.04270901766634139,4.0,-7.573169392317126
-0.15146338784634253,-0.03294693751080184,1.0,-8.747095209472691
-0.17494190418945382,-0.037272576441177326,4.0,-7.011436668094088
-0.14022873336188177,-0.02697628504914657,4.0,-4.870559898614406
-0.09741119797228812,-0.015071309249708094,0.0,-6.968632054746009
-0.13937264109492017,-0.024833389405247642,1.0,-8.500077202905675
-0.1700015440581135,-0.03129680329114402,2.0,-8.903323826221104
-0.1780664765244221,-0.03182977638934661,4.0,-7.015333775742346
-0.14030667551484693,-0.02099966036262216,2.0,-6.99400615138188
-0.13988012302763758,-0.019931624491437264,1.0,-8.263254363599298
-0.16526508727198594,-0.025324447756506576,2.0,-8.607510732781424
-0.1721502146556285,-0.025857420854709164,2.0,-8.647382587531139
-0.17294765175062277,-0.025857420854709164,0.0,-11.071773525819282
-0.22143547051638562,-0.03668753688143362,4.0,-9.440024712348833
-0.18880049424697667,-0.02692545672589406,4.0,-7.299853155787752
-0.14599706311575505,-0.015020480926455585,1.0,-8.304471516065746
-0.1660894303213149,-0.01934611985683111,3.0,-7.517183890286257
-0.15034367780572516,-0.014486269689964389,2.0,-7.54803283652878
-0.1509606567305756,-0.013953296591761798,2.0,-7.683392788205438
-0.15366785576410877,-0.013953296591761798,2.0,-7.818821248654885
-0.1563764249730977,-0.013953296591761798,0.0,-10.125839255201441
-0.20251678510402882,-0.02478341261848624,4.0,-8.40648727365803
-0.1681297454731606,-0.015021332462946693,1.0,-9.410775897415249
-0.188215517948305,-0.01934697139332222,4.0,-7.340997040800119
-0.1468199408160024,-0.009050680001291467,3.0,-6.132469773551402
-0.12264939547102804,-0.0025872661153951326,0.0,-8.224644680749863
-0.16449289361499725,-0.012883557507425888,4.0,-6.412622934949107
-0.12825245869898214,-0.0031214773518863335,4.0,-4.076132190253165
-0.0815226438050633,0.008783498447552055,3.0,-2.7108902607041814
-0.05421780521408363,0.015246912333448473,3.0,-1.4213097043635323
-0.028426194087270644,0.021173558878407946,0.0,-3.3079930957942127
-0.06615986191588426,0.010877267486377276,1.0,-4.705671813269533
-0.09411343626539066,-0.018840292007812794,1.0,-6.069629331161027
-0.12139258662322054,-0.024766938552772268,0.0,-8.568540767929731
-0.1713708153585946,-0.03613258242734148,2.0,-9.11293898701105
-0.182258779740221,-0.037200618298526375,4.0,-7.09364372799529
-0.1418728745599058,-0.02637050227180192,0.0,-9.475623562102161
-0.18951247124204323,-0.03613258242734148,3.0,-8.738421490002246
-0.1747684298000449,-0.03180694349696597,2.0,-8.924961641629032
-0.17849923283258065,-0.03127397039876338,3.0,-8.13782520911734
-0.1627565041823468,-0.02588114713369411,2.0,-8.26343932025915
-0.165268786405183,-0.025348174035491517,3.0,-7.426950386648806
-0.14853900773297612,-0.019955350770422164,2.0,-7.50016755483875
-0.150003351096775,-0.01942237767221957,2.0,-7.678068289153677
-0.15356136578307353,-0.01942237767221957,1.0,-8.937434342712509
-0.1787486868542502,-0.02481520093728893,1.0,-10.342651692307445
-0.2068530338461489,-0.030741847482248296,4.0,-8.582495483795666
-0.17164990967591331,-0.02044555609021758,3.0,-7.48641850441302
-0.1497283700882604,-0.01398214220432116,0.0,-9.661711006467067
-0.19323422012934136,-0.02427843359635182,0.0,-12.255428386744018
-0.24510856773488038,-0.0361834093957903,4.0,-10.64548590447365
-0.212909718089473,-0.026421329240250743,3.0,-9.398457239691329
-0.1879691447938266,-0.019957915354354323,1.0,-10.553310628410884
-0.21106621256821767,-0.02481776552122109,4.0,-8.731900388561124
-0.1746380077712225,-0.014521474129190425,2.0,-8.666600336956888
-0.17333200673913776,-0.013453438258005528,2.0,-8.791289368922321
-0.17582578737844642,-0.013453438258005528,4.0,-6.791633212844717
-0.13583266425689433,-0.002623322231281163,3.0,-5.519555940115358
-0.11039111880230716,0.003840091654615277,3.0,-4.3300561961081545
-0.0866011239221631,0.009766738199574753,0.0,-6.311409022669294
-0.12622818045338588,-0.0005295531924559145,0.0,-8.667050775358671
-0.17334101550717343,-0.012434528991894284,0.0,-11.160074716722422
-0.2232014943344484,-0.024339504791332654,4.0,-9.460344013959741
-0.18920688027919483,-0.014577424635793191,2.0,-9.37647380387888
-0.1875294760775776,-0.013509388764608294,2.0,-9.302917229323862
-0.18605834458647724,-0.013509388764608294,3.0,-8.366743899139854
-0.16733487798279706,-0.00811656549953893,3.0,-7.276791236618408
-0.14553582473236815,-0.0021899189545794536,2.0,-7.219348737044254
-0.14438697474088508,-0.001656945856376865,1.0,-8.29529571657017
-0.1659059143314034,-0.016355438997992456,0.0,-10.82467811046244
-0.2164935622092488,-0.027721082872561566,4.0,-9.080359559219103
-0.18160719118438204,-0.017959002717022103,4.0,-6.79605148041476
-0.1359210296082952,-0.006054026917583729,4.0,-4.445169070906591
-0.08890338141813182,0.0058509488818546404,2.0,-4.09725265211015
-0.08194505304220301,0.006918984753039542,1.0,-5.237478059705955
-0.10474956119411911,0.0015261614879701825,0.0,-7.399779838102438
-0.14799559676204876,-0.00983948238659895,4.0,-5.517370883443561
-0.11034741766887121,-7.740223105948683e-05,2.0,-5.4188950110359535
-0.10837790022071907,0.0009906336401254144,4.0,-3.196898628749233
-0.06393797257498465,0.011820749666849779,2.0,-2.8389750942723473
-0.05677950188544695,0.012888785538034681,2.0,-2.8410927458445028
-0.056821854916890055,0.012888785538034681,0.0,-4.820629344202482
-0.09641258688404965,0.0020586695113103157,0.0,-7.280718321656911
-0.14561436643313824,-0.009846306288128054,1.0,-8.566662911133239
-0.1713332582226648,-0.016309720174024496,1.0,-10.024105096586013
-0.20048210193172028,-0.02223636671898397,4.0,-8.12989625953444
-0.1625979251906888,-0.011940075326953311,2.0,-7.939659174784662
-0.15879318349569324,-0.010872039455768411,2.0,-7.959002056242354
-0.15918004112484707,-0.010872039455768411,3.0,-7.122527546867449
-0.14245055093734899,-0.0054792161906990515,2.0,-7.01569308124408
-0.1403138616248816,-0.004946243092496462,0.0,-9.322419029996826
-0.18644838059993654,-0.015776359119220828,0.0,-11.735138922200427
-0.23470277844400855,-0.027681334918659196,4.0,-9.989893105985994
-0.1997978621197199,-0.017919254763119733,3.0,-8.795564835088612
-0.17591129670177225,-0.01145584087722332,3.0,-7.854986536419949
-0.15709973072839897,-0.0055291943322638435,3.0,-6.667014138974682
-0.13334028277949367,0.0003974522126956335,4.0,-4.340057885564514
-0.08680115771129028,0.011763096087264766,3.0,-2.8982523189698646
-0.05796504637939729,0.018226509973161206,1.0,-3.82779047447191
-0.0765558094894382,0.013366659806294435,1.0,-4.823110434785467
-0.09646220869570934,0.0074400132613349585,3.0,-3.747899141664531
-0.07495798283329062,0.01229986342820173,0.0,-5.782565478133304
-0.11565130956266607,0.0020035720361710613,0.0,-8.051249965279139
-0.16102499930558278,-0.009901403763267308,0.0,-10.630314162516981
-0.21260628325033962,-0.021806379562705678,0.0,-13.30639545891566
-0.2661279091783132,-0.03371135536214405,3.0,-12.678871833584186
-0.25357743667168375,-0.02938571643176848,4.0,-10.638043952756211
-0.21276087905512422,-0.014218752978250097,4.0,-8.383082877222467
-0.16766165754444934,-0.002313777178811723,3.0,-7.092073706354464
-0.14184147412708928,0.004149636707084717,3.0,-5.857822143147385
-0.11715644286294771,0.010076283252044195,1.0,-6.661243850377099
-0.133224877007542,0.005216433085177423,3.0,-5.6337257254544095
-0.11267451450908819,0.010076283252044195,3.0,-4.349284928656762
-0.08698569857313523,0.01600292979700367,1.0,-5.331678719954604
-0.10663357439909207,0.0111430796301369,1.0,-6.379653481853801
-0.127593069637076,0.005216433085177423,1.0,-7.447199947136166
-0.1489439989427233,-0.0007102134597820538,3.0,-6.469438790177686
-0.12938877580355373,0.004149636707084717,2.0,-6.280087647192464
-0.1256017529438493,0.0046826098052873055,3.0,-5.148408383103009
-0.10296816766206018,0.010075433070356665,3.0,-4.06006540899617
-0.0812013081799234,0.01600207961531614,2.0,-3.7653837267468857
-0.07530767453493772,0.01653505271351873,4.0,-1.4476996465031262
-0.02895399293006252,0.027365168740243095,1.0,-2.0240359445757856
-0.04048071889151571,0.02303952980986753,2.0,-1.8853031106407383
-0.037706062212814764,0.02250655671166494,2.0,-1.6430344886683228
-0.03286068977336646,0.02250655671166494,3.0,-0.5589390203986108
-0.011178780407972214,0.0278993799767343,2.0,-0.15812584546522815
-0.003162516909304563,0.028432353074936887,3.0,-1.2197188168377822
0.02439437633675564,0.03382517634000625,2.0,-1.6726918674315612
0.03345383734863122,0.03435814943820885,2.0,-1.9706562731418884
0.03941312546283777,0.03435814943820885,3.0,-3.260449770810906
0.06520899541621812,0.039750972703278216,3.0,-4.8466224444747334
0.09693244888949468,0.04567761924823769,2.0,-5.4033879834867
0.10806775966973399,0.04621059234644029,0.0,-3.625482222888012
0.07250964445776023,0.03538047631971557,1.0,-2.6304134048585555
0.052608268097171104,0.028917062433819155,3.0,-3.9021372999549113
0.07804274599909823,0.033776912600685924,2.0,-4.160604184596649
0.08321208369193299,0.03430988569888852,2.0,-4.508319864130438
0.09016639728260875,0.03430988569888852,2.0,-4.856161422550671
0.09712322845101343,0.03430988569888852,4.0,-7.375410814235797
0.14750821628471594,0.04514000172561324,0.0,-5.811350655277051
0.11622701310554102,0.03537792157007342,0.0,-3.728460131224554
0.07456920262449108,0.023472945770634836,3.0,-4.648462554053053
0.09296925108106105,0.0277985847010104,4.0,-7.272302279016102
0.14544604558032204,0.039164228575579885,0.0,-5.6562119450870885
0.11312423890174177,0.04411371190979807,0.0,-3.715312835295241
0.07430625670590482,0.0322087361103597,0.0,-1.4824230024920373
0.029648460049840748,0.02030376031092133,2.0,-1.5540102230748412
0.031080204461496824,0.01923572443973643,1.0,-0.561291706053643
0.01122583412107286,0.01384290117466707,1.0,-0.4405830415475586
-0.008811660830951171,0.007916254629707593,2.0,-0.5585028725439967
-0.011170057450879933,0.007383281531505005,3.0,-0.7011339218911381
0.014022678437822761,0.012776104796574364,1.0,-0.24755114453341015
-0.0049510228906682035,0.007916254629707593,1.0,-1.256370342525353
-0.025127406850507062,0.0019896080847481164,3.0,-0.3887534138161852
-0.007775068276323705,0.006849458251614887,3.0,-0.7868144650951823
0.015736289301903645,0.012776104796574364,4.0,-3.290107489041467
0.06580214978082935,0.024141748671143496,2.0,-3.635037032629649
0.07270074065259298,0.025209784542328396,1.0,-2.886847332871794
0.05773694665743588,0.01981696127725904,4.0,-5.0383677251353625
0.10076735450270724,0.030113252669289707,0.0,-3.4617913435212806
0.0692358268704256,0.020351172513750244,0.0,-1.1289128413756968
0.022578256827513934,0.008446196714311873,0.0,-1.0822270728248207
-0.021644541456496413,-0.0034587790851264965,0.0,-3.5925547416682595
-0.07185109483336519,-0.015363754884564866,1.0,-4.917161595945917
-0.09834323191891833,-0.0218271687704612,2.0,-5.3069239352697615
-0.10613847870539524,-0.02236014186866379,3.0,-4.521536028124523
-0.09043072056249048,-0.01696731860359452,2.0,-4.450114082128599
-0.08900228164257198,-0.01643434550539193,1.0,-5.764135069811502
-0.11528270139623005,-0.0218271687704612,1.0,-7.028186484759429
-0.14056372969518857,-0.02775381531542059,3.0,-6.395155469216496
-0.12790310938432992,-0.02289396514855389,0.0,-8.54233128580908
-0.1708466257161816,-0.03319025654058464,0.0,-11.31956320138161
-0.2263912640276322,-0.04509523234002311,4.0,-9.846240146047156
-0.19692480292094314,-0.03533315218448357,4.0,-7.663785767642899
-0.15327571535285797,-0.023428176385045088,2.0,-7.539914446492036
-0.1507982889298407,-0.02236014051386019,3.0,-6.754512962657389
-0.1350902592531478,-0.01696731724879092,3.0,-5.601844164472175
-0.1120368832894435,-0.011040670703831471,3.0,-4.611561553899417
-0.09223123107798833,-0.0051140241588719946,2.0,-4.436176515346792
-0.08872353030693583,-0.004581051060669401,2.0,-4.583813351474776
-0.09167626702949552,-0.004581051060669401,2.0,-4.51213101207215
-0.09024262024144299,-0.004581051060669401,1.0,-5.504937367939552
-0.11009874735879104,0.017458158375857822,2.0,-5.5907828466977625
-0.11181565693395526,0.01692518527765523,2.0,-5.387969854606434
-0.10775939709212867,0.01692518527765523,2.0,-5.1694343796531586
-0.10338868759306316,0.01692518527765523,1.0,-6.217390393780771
-0.12434780787561542,0.011532362012585874,2.0,-6.155577157027638
-0.12311154314055277,0.010999388914383283,3.0,-4.92101438737046
-0.0984202877474092,0.016392212179452637,0.0,-6.957023154323791
-0.13914046308647582,0.006095920787421921,0.0,-9.219983451180392
-0.18439966902360785,-0.005809055012016558,0.0,-11.596688632720717
-0.23193377265441434,-0.017714030811455034,3.0,-11.015471975411815
-0.22030943950823628,-0.013388391881079513,2.0,-10.95436705531245
-0.21908734110624897,-0.012855418782876925,2.0,-10.997736259493283
-0.21995472518986564,-0.012855418782876925,2.0,-11.24110692658392
-0.22482213853167837,-0.012855418782876925,4.0,-9.112477898178375
-0.1822495579635675,-0.0020253027561524793,3.0,-7.765602676758573
-0.15531205353517147,0.004438111129743874,3.0,-6.675969304174299
-0.13351938608348599,0.01036475767470324,2.0,-6.406011617297658
-0.12812023234595316,0.010897730772905831,2.0,-6.240527000433257
-0.12481054000866514,0.010897730772905831,3.0,-5.207629987693615
-0.1041525997538723,0.016290554037975184,2.0,-4.885603503556747
-0.09771207007113494,0.016823527136177775,2.0,-4.668028797952342
-0.09336057595904684,0.016823527136177775,2.0,-4.649818356818825
-0.0929963671363765,0.016823527136177775,2.0,-4.432329166671623
-0.08864658333343246,0.016823527136177775,4.0,-2.2621939050028654
-0.04524387810005731,0.027653643162902135,4.0,-0.44144975770506045
0.008828995154101208,0.03955861896234052,2.0,-1.0762663279251012
0.021525326558502027,0.040626654833525414,1.0,-0.22323867939939565
0.004464773587987913,0.03523383156845605,2.0,-0.4920355024586118
0.009840710049172235,0.03470085847025347,1.0,-0.21647651212991167
-0.004329530242598233,0.02930803520518411,2.0,-0.20107536531125275
-0.0040215073062250545,0.02877506210698151,2.0,-0.13231075045361815
0.002646215009072363,0.02877506210698151,1.0,-0.636198044890307
-0.012723960897806138,0.02338223884191215,2.0,-0.6715770863159158
-0.013431541726318316,0.022849265743709553,2.0,-0.40501805769665367
-0.008100361153933073,0.022849265743709553,4.0,-2.0476950059286954
0.0409539001185739,0.03367938177043392,0.0,-0.24637319630933874
0.004927463926186775,0.023917301614894453,3.0,-1.3805444859664397
0.027610889719328797,0.03616855997577461,2.0,-1.8065962174730044
0.03613192434946009,0.0367015330739772,3.0,-3.2345344193169936
0.06469068838633987,0.04209435633904656,0.0,-1.5164122164911604
0.030328244329823208,0.0317980649470159,3.0,-2.6582417817511677
0.053164835635023354,0.03612370387739147,0.0,-0.9133169738829484
0.018266339477658967,0.02582741248536081,4.0,-3.093165052667399
0.061863301053347974,0.03558949264090027,0.0,-1.453486460896645
0.0290697292179329,0.02582741248536081,3.0,-2.543043819954112
0.050860876399082246,0.030153051415736386,0.0,-0.7322681400234597
0.014645362800469195,0.019856760023705722,3.0,-1.7670861108324831
0.03534172221664966,0.024182398954081284,3.0,-3.187842133047027
0.06375684266094053,0.03010904549904076,3.0,-4.642745461405127
0.09285490922810255,0.036035692044000235,0.0,-2.877199064901248
0.05754398129802496,0.025739400651969578,2.0,-2.8846703802415767
0.057693407604831534,0.02467136478078468,0.0,-0.9322598062319056
0.018645196124638115,0.013841248754060263,4.0,-3.0057669774290945
0.06011533954858189,0.023603328909599784,3.0,-4.5137436712901575
0.09027487342580315,0.0300667427954962,0.0,-2.702023778262814
0.05404047556525628,0.01977045140346554,4.0,-4.843075931341488
0.09686151862682976,0.029532531559005006,0.0,-3.1336632748926005
0.06267326549785202,0.01977045140346554,1.0,-2.00716473994013
0.0401432947988026,0.013307037517569205,1.0,-0.9320306060372919
0.018640612120745838,0.007380390972609815,1.0,-0.20938629709911227
-0.0041877259419822455,0.0014537444276503935,4.0,-1.876908346939552
0.03753816693879104,0.011750035819681147,4.0,-4.382004727543916
0.08764009455087832,0.023655011619119592,3.0,-5.890388374868954
0.11780776749737909,0.030118425505016012,0.0,-4.0788820385579125
0.08157764077115824,0.01982213411298535,1.0,-2.9525561771331694
0.059051123542663383,0.013358720227089015,4.0,-5.132286114912721
0.10264572229825442,0.023655011619119735,0.0,-3.387360124997823
0.06774720249995646,0.013892931463580213,2.0,-3.2827943043378167
0.06565588608675633,0.012824895592395316,2.0,-3.395112295428638
0.06790224590857277,0.012824895592395316,3.0,-4.599030916044039
0.09198061832088077,0.018217718857464586,1.0,-3.7761786975746645
0.0755235739514933,0.013357868690597907,1.0,-2.703048234184138
0.054060964683682766,0.007431222145638516,2.0,-2.659719767219485
0.0531943953443897,0.006898249047435927,1.0,-1.637107219880853
0.03274214439761706,0.0015054257823666143,2.0,-1.5405328348851979
0.03081065669770396,0.0009724526841640242,2.0,-1.548564898451461
0.03097129796902922,0.0009724526841640242,2.0,-1.5568591379019303
0.031137182758038607,0.0009724526841640242,2.0,-1.5654113858719998
0.03130822771744,0.0009724526841640242,4.0,-3.7455295790669134
0.07491059158133827,0.011802568710888472,0.0,-1.8966761032930468
0.03793352206586094,0.0020404885553489197,0.0,-0.4818509117227615
-0.00963701823445523,-0.009864487244089556,2.0,-0.7833059104239273
-0.015666118208478547,-0.010932523115274451,2.0,-0.8782029163625307
-0.017564058327250616,-0.010932523115274451,3.0,-0.10812567747967101
0.0021625135495934203,-0.005539699850205138,2.0,-0.1681198118810851
0.0033623962376217024,-0.005006726752002549,3.0,-1.2057011910769395
0.024114023821538787,0.00038609651306676203,2.0,-1.3186292130923523
0.02637258426184704,0.0009190696112693521,1.0,-0.2545535040083002
0.005091070080166004,-0.004473753653799957,1.0,-0.9917402840817525
-0.01983480568163505,-0.010400400198759374,2.0,-1.1854314183159755
-0.023708628366319512,-0.010933373296961965,1.0,-2.3697217994553137
-0.047394435989106275,-0.016326196562031235,3.0,-1.5309980823565903
-0.030619961647131804,-0.011466346395164556,2.0,-1.5221997105544962
-0.030443994211089925,-0.010933373296961965,2.0,-1.6180546116336587
-0.03236109223267317,-0.010933373296961965,3.0,-0.6331349590316522
-0.012662699180633044,-0.005540550031892652,2.0,-0.5740515000453016
-0.011481030000906032,-0.0050075769336900625,0.0,-2.789335052607931
-0.05578670105215862,-0.01583769296041451,0.0,-5.337063071217539
-0.10674126142435078,-0.02774266875985292,4.0,-3.6107255152017865
-0.07221451030403572,-0.017980588604313435,2.0,-3.5504856067697483
-0.07100971213539496,-0.016912552733128538,4.0,-1.517824601799858
-0.030356492035997162,-0.006082436706404086,2.0,-1.352818270906194
-0.027056365418123878,-0.005014400835219192,4.0,-0.7791320533776889
0.015582641067553776,0.005815715191505253,2.0,-1.0496837475545053
0.020993674951090106,0.006883751062690147,3.0,-2.1911801824879444
0.04382360364975889,0.01227657432775944,2.0,-2.4087496004070164
0.04817499200814033,0.01280954742596203,1.0,-1.432969992937931
0.028659399858758615,0.007416724160892735,2.0,-1.3884657151547497
0.027769314303094993,0.006883751062690146,2.0,-1.448633873773616
0.02897267747547232,0.006883751062690146,3.0,-2.5902879912619774
0.05180575982523955,0.01227657432775944,2.0,-2.8071956718082776
0.05614391343616555,0.01280954742596203,4.0,-5.104685826007801
0.10209371652015602,0.023639663452686446,0.0,-3.345497259808292
0.06690994519616585,0.013877583297146926,2.0,-3.2491473578912267
0.06498294715782453,0.012809547425962029,3.0,-4.443314340161221
0.08886628680322442,0.0182023706910313,3.0,-5.793902221891406
0.11587804443782812,0.024129017235990747,0.0,-3.934353253382121
0.07868706506764242,0.01383272584396003,4.0,-6.018763721768899
0.12037527443537796,0.02359480599949955,0.0,-4.2617940301924655
0.08523588060384932,0.01383272584396003,4.0,-6.348670636613419
0.1269734127322684,0.02359480599949955,0.0,-4.590047595011691
0.09180095190023382,0.01383272584396003,2.0,-4.4932478204904305
0.0898649564098086,0.012764689972775132,3.0,-5.686990900108317
0.11373981800216634,0.018157513237844404,0.0,-3.776266766537182
0.07552533533074364,0.007861221845813648,2.0,-3.626747099098851
0.07253494198197702,0.006793185974628754,2.0,-3.6866173024380955
0.07373234604876192,0.006793185974628754,4.0,-5.92884044976861
0.1185768089953722,0.017623302001353203,0.0,-4.11984314881326
0.08239686297626521,0.007861221845813648,0.0,-1.7931767120004907
0.03586353424000981,-0.004043753953624826,2.0,-1.539469241281818
0.03078938482563636,-0.005111789824809721,2.0,-1.495301347717085
0.029906026954341698,-0.005111789824809721,2.0,-1.4514480855647012
0.029028961711294023,-0.005111789824809721,1.0,-0.33559747045902244
0.006711949409180448,-0.01050461308987903,4.0,-2.2964098556473043
0.04592819711294609,-0.00020832169784827884,3.0,-3.596182041116587
0.07192364082233174,0.006255092188048095,3.0,-4.842054726223092
0.09684109452446185,0.012181738733007494,0.0,-2.8823044827491078
0.057646089654982156,0.0018854473409767414,2.0,-2.6801706563198566
0.05360341312639714,0.0008174114697918464,2.0,-2.6874729547132676
0.05374945909426535,0.0008174114697918464,3.0,-3.7761455579440417
0.07552291115888084,0.006210234734861159,3.0,-5.021249920006783
0.10042499840013566,0.012136881279820561,0.0,-3.0659328930958694
0.06131865786191739,0.001840589887789807,3.0,-3.9453562510201428
0.07890712502040285,0.00616622881816533,2.0,-4.109040564660657
0.08218081129321314,0.00669920191636792,1.0,-3.0830133675708993
0.06166026735141798,0.0013063786512986075,1.0,-1.9038874435337771
0.03807774887067554,-0.004620267893660808,2.0,-1.7546842637803406
0.035093685275606815,-0.005153240991863397,3.0,-2.7910012899763927
0.05582002579952785,0.00023958227320591203,2.0,-2.9025496389237566
0.05805099277847513,0.000772555371408502,2.0,-2.909802597753566
0.058196051955071326,0.000772555371408502,2.0,-2.9171903630151967
0.058343807260303936,0.000772555371408502,3.0,-4.00561451865978
0.08011229037319559,0.006165378636477815,3.0,-5.250647101496937
0.10501294202993874,0.012092025181437217,0.0,-3.290845922966479
0.06581691845932958,0.0017957337894064628,3.0,-4.169220671197934
0.08338441342395866,0.006121372719781986,3.0,-5.41951106286863
0.1083902212573726,0.012048019264741387,0.0,-3.4565404879957953
0.0691308097599159,0.0017517278727106342,2.0,-3.25369514138456
0.0650739028276912,0.0006836920015257391,3.0,-4.341328376470009
0.08682656752940018,0.006076515266595052,1.0,-3.4215113663780556
0.06843022732756111,0.001216665099728329,3.0,-4.406375266920611
0.08812750533841221,0.006076515266595052,0.0,-2.3944648900477885
0.047889297800955764,-0.004219776125435695,3.0,-3.2203788813392684
0.06440757762678537,0.00010586280493982559,3.0,-4.411878313502769
0.08823756627005538,0.006032509349899242,2.0,-4.5738705779728495
0.09147741155945699,0.006565482448101831,4.0,-6.810416158143637
0.13620832316287274,0.01739559847482628,0.0,-5.002118594007653
0.10004237188015305,0.007633518319286726,2.0,-4.850736454971221
0.09701472909942442,0.006565482448101831,1.0,-3.824861745408409
0.07649723490816818,0.0011726591830325192,2.0,-3.7258448031580267
0.07451689606316053,0.0006396860848299292,3.0,-4.812526712863432
0.09625053425726865,0.006032509349899242,2.0,-4.974384080082443
0.09948768160164885,0.006565482448101831,3.0,-6.119140492216232
0.12238280984432463,0.011958305713171129,1.0,-5.245612203151926
0.10491224406303852,0.007098455546304421,3.0,-6.280046554750893
0.12560093109501785,0.011958305713171129,0.0,-4.321823257200648
0.08643646514401296,0.0016620143211403756,2.0,-4.117439833800674
0.08234879667601348,0.0005939784499554803,1.0,-3.041173420703642
0.06082346841407284,-0.0047988448151138315,3.0,-3.971307945347513
0.07942615890695026,6.1005351752890625e-05,0.0,-1.9158092505813151
0.0383161850116263,-0.01023528604027786,1.0,-0.5259789419413925
0.01051957883882785,-0.016698699926174194,4.0,-2.439421148045001
0.04878842296090002,-0.006402408534143439,2.0,-2.6013014813773214
0.05202602962754643,-0.0053343726629585435,2.0,-2.554108147546411
0.051082162950928225,-0.0053343726629585435,2.0,-2.507057947449381
0.050141158948987616,-0.0053343726629585435,2.0,-2.4601590933381283
0.04920318186676256,-0.0053343726629585435,1.0,-1.3327583394897313
0.026655166789794627,-0.010727195928027853,2.0,-1.1308738389028203
0.02261747677805641,-0.0021333243631454233,0.0,-1.1362183891639637
-0.022724367783279277,-0.012963440389869853,2.0,-1.3474631196390332
-0.026949262392780664,-0.01403147626105475,3.0,-0.46991118565871426
-0.009398223713174284,-0.008638652995985426,3.0,-0.7650295539237262
0.015300591078474524,-0.0027120064510260606,2.0,-0.7701472595036574
0.015402945190073148,-0.00217903335282347,3.0,-1.7523115807253027
0.035046231614506054,0.00321378991224584,2.0,-2.0096540095364888
0.04019308019072977,0.0037467630104484296,2.0,-1.9627769810723015
0.039255539621446026,0.0037467630104484296,4.0,-4.28728449942457
0.08574568998849139,0.014576879037172873,0.0,-2.3849042486035374
0.047698084972070745,0.004814798881633324,3.0,-3.2084261127369733
0.06416852225473947,0.009140437812008845,2.0,-3.5171798558246206
0.0703435971164924,0.009673410910211436,2.0,-3.5215351824689174
0.07043070364937834,0.009673410910211436,1.0,-2.6447596812041385
0.05289519362408277,0.004280587645142126,3.0,-3.5744053861099334
0.07148810772219867,0.009140437812008845,2.0,-3.6835729169232483
0.07367145833846497,0.009673410910211436,0.0,-1.7226933357666945
0.03445386671533389,-0.0011567051165130098,2.0,-1.4130749714893478
0.02826149942978696,-0.0022247409876979068,2.0,-1.5123507430126326
0.030247014860252653,-0.0022247409876979068,3.0,-2.4934154823364856
0.04986830964672971,0.003168082277371402,0.0,-0.3796916691901949
0.007593833383803898,-0.0071282091146593505,4.0,-2.3894328432119454
0.0477886568642389,0.0026338710408802036,1.0,-1.470463004628064
0.029409260092561278,-0.001691767889495316,2.0,-1.474225657452157
0.02948451314904314,-0.0022247409876979068,2.0,-1.373468539632266
0.02746937079264532,-0.0022247409876979068,2.0,-1.2728265316108909
0.025456530632217818,-0.0022247409876979068,3.0,-2.452749121468618
0.04905498242937236,0.003168082277371402,1.0,-1.4278210070805768
0.028556420141611537,-0.001691767889495316,3.0,-2.5047000139645315
0.05009400027929063,0.003168082277371402,3.0,-3.6426987801985873
0.07285397560397175,0.009094728822330818,1.0,-2.670050952146337
0.053401019042926746,0.004234878655464098,2.0,-2.7181750534938516
0.05436350106987703,0.0037019055572615083,2.0,-2.6708908325667884
0.05341781665133577,0.0037019055572615083,2.0,-2.823743954225355
0.0564748790845071,0.0037019055572615083,4.0,-4.947880548985106
0.09895761097970211,0.01453202158398595,0.0,-3.0434106515928234
0.060868213031856466,0.004769941428446403,4.0,-5.158220586956736
0.10316441173913471,0.01453202158398595,0.0,-3.451126588614896
0.06902253177229792,0.04020796208962365,3.0,-4.675721221358873
0.09351442442717746,0.04453360101999917,0.0,-3.0178568531358203
0.06035713706271641,0.03423730962796842,2.0,-3.1077428261794844
0.06215485652358969,0.033169273756783524,4.0,-5.577128864571793
0.11154257729143587,0.04399938978350797,0.0,-4.020196410733269
0.08040392821466538,0.03423730962796842,3.0,-5.192436483919698
0.10384872967839395,0.03856294855834393,0.0,-3.483114687337749
0.06966229374675498,0.028266657166313183,0.0,-1.3621488191511193
0.027242976383022387,0.016361681366874777,2.0,-1.0944031647400063
0.021888063294800125,0.015293645495689881,2.0,-1.2359590110651768
0.024719180221303535,0.015293645495689881,1.0,-0.3325476430787088
0.0066509528615741765,0.009900822230620518,1.0,-0.7825944999290098
-0.015651889998580196,0.003974175685661045,2.0,-0.8489206117438266
-0.016978412234876533,0.0034412025874584564,0.0,-2.9849133684995275
-0.05969826736999055,-0.007388913439265908,2.0,-3.2639320837451717
-0.06527864167490344,-0.00845694931045081,2.0,-3.3343537648173704
-0.0666870752963474,-0.00845694931045081,3.0,-2.2901629468629334
-0.045803258937258666,-0.00306412604538145,1.0,-3.2840434113156958
-0.06568086822631392,-0.007923976212248222,1.0,-4.539604698971867
-0.09079209397943734,-0.013850622757207698,0.0,-6.9783345538617265
-0.13956669107723454,-0.02521626663177683,3.0,-6.292280058721008
-0.12584560117442017,-0.020890627701401265,3.0,-5.281721493526841
-0.10563442987053681,-0.014963981156441788,0.0,-7.472307521236614
-0.14944615042473228,-0.025260272548472455,2.0,-7.909596091287604
-0.1581919218257521,-0.026328308419657356,3.0,-7.0149990700526486
-0.140299981401053,-0.020935485154588,0.0,-9.347466826939314
-0.18694933653878626,-0.031231776546618666,2.0,-9.790187012472815
-0.1958037402494563,-0.03229981241780357,1.0,-11.201091377458482
-0.22402182754916966,-0.03769263568287292,2.0,-11.6389636585446
-0.23277927317089203,-0.03822560878107552,1.0,-13.106753886622363
-0.26213507773244726,-0.043618432046144885,4.0,-11.3216452621345
-0.22643290524268997,-0.03332214065411392,3.0,-10.458327124753273
-0.20916654249506544,-0.026858726768217482,3.0,-9.45670335077519
-0.18913406701550378,-0.020932080223258008,3.0,-8.36826515611471
-0.1673653031222942,-0.01500543367829853,1.0,-9.506413336087537
-0.1901282667217507,-0.0198652838451653,3.0,-8.666065922458468
-0.17332131844916937,-0.01500543367829853,2.0,-8.685067249993176
-0.17370134499986353,-0.014472460580095941,1.0,-9.693961877907837
-0.19387923755815675,-0.001238599446599708,2.0,-9.97419907471665
-0.199483981494333,-0.0017715725448022963,4.0,-7.705881348145126
-0.15411762696290252,0.009058543481922069,2.0,-7.336466498545084
-0.14672932997090168,0.01012657935310697,4.0,-5.205051523941991
-0.10410103047883983,0.020956695379831334,4.0,-2.564288055140746
-0.05128576110281492,0.032861671179269705,2.0,-2.197514553593051
-0.04395029107186102,0.0339297070504546,2.0,-1.8550066742700322
-0.037100133485400644,0.0339297070504546,0.0,-3.6854869888325483
-0.07370973977665096,0.02309959102373024,2.0,-3.6601677392829974
-0.07320335478565995,0.02203155515254534,3.0,-2.52118709284602
-0.050423741856920404,0.0274243784176147,3.0,-1.0468754735410168
-0.020937509470820338,0.03335102496257417,0.0,-2.775706095460892
-0.05551412190921784,0.023054733570543516,3.0,-1.646848443212078
-0.032936968864241564,0.027380372500919084,1.0,-2.534548904296332
-0.05069097808592664,0.02252052233405231,2.0,-2.4050501017606534
-0.04810100203521307,0.021987549235849724,1.0,-3.254396038056698
-0.06508792076113397,0.016594725970780363,1.0,-4.261695003462413
-0.08523390006924826,0.010668079425820886,0.0,-6.412659397270433
-0.12825318794540866,-0.000697564448748246,4.0,-4.588860126585542
-0.09177720253171086,0.009064515706791218,4.0,-2.0477865644310973
-0.04095573128862194,0.020969491506229586,4.0,-0.5960080637673284
0.011920161275346569,0.03287446730566796,2.0,-0.9423419224212038
0.018846838448424077,0.03394250317685286,3.0,-2.3639793427946794
0.047279586855893584,0.03933532644192222,3.0,-3.943777107299023
0.07887554214598046,0.04526197298688166,0.0,-2.3371893939381723
0.046743787878763446,0.03496568159485098,3.0,-3.3503251598140436
0.06700650319628088,0.039291320525226554,3.0,-4.929193862700027
0.09858387725400053,0.04521796707018599,0.0,-3.323050144344004
0.06646100288688009,0.034921675678155316,1.0,-2.3721168549124414
0.047442337098248834,0.0284582617922589,1.0,-1.2956713550281276
0.025913427100562554,0.022531615247299422,1.0,-0.34851701369711274
0.0069703402739422545,0.016604968702339944,3.0,-1.5293552269994364
0.03058710453998873,0.021464818869206717,3.0,-2.9472074205130934
0.05894414841026187,0.027391465414166195,4.0,-5.294682901087242
0.10589365802174484,0.038757109288735304,0.0,-3.740765451923147
0.07481530903846294,0.028995029133195842,3.0,-4.901583410245904
0.09803166820491808,0.03332066806357142,0.0,-2.993619064642414
0.059872381292848276,0.019802505070353207,3.0,-4.12330919978619
0.0824661839957238,0.024128144000728772,2.0,-4.513095118751305
0.0902619023750261,0.024661117098931366,0.0,-2.455369652121088
0.04910739304242176,0.013831001072207005,3.0,-3.5072035549173135
0.07014407109834628,0.01815664000258257,4.0,-5.997786062033673
0.11995572124067347,0.029522283877151702,0.0,-4.218736459403484
0.08437472918806968,0.01976020372161224,3.0,-5.323195681596495
0.1064639136319299,0.024085842651987807,1.0,-4.433129412438082
0.08866258824876164,0.019225992485121034,2.0,-4.5874382741323725
0.09174876548264745,0.018693019386918447,1.0,-3.54041225372755
0.070808245074551,0.013300196121849087,4.0,-5.788818431481646
0.11577636862963292,0.023596487513879754,1.0,-5.2272529707550985
0.10454505941510198,0.01927084858350418,1.0,-4.07622856713851
0.0815245713427702,0.013344202038544703,3.0,-5.235133946840046
0.10470267893680092,0.018204052205411474,0.0,-3.229219869368412
0.06458439738736824,0.007907760813380807,1.0,-2.0964805899805397
0.041929611799610786,0.0014443469274843662,2.0,-2.0681719797692617
0.04136343959538523,0.0009113738292817778,2.0,-1.9787883586045778
0.03957576717209156,0.0009113738292817778,4.0,-4.223491966503586
0.08446983933007171,0.011741489856006142,4.0,-6.760101642676891
0.13520203285353782,0.023646465655444513,0.0,-4.909708176183496
0.09819416352366993,0.013884385499905049,2.0,-4.909446811239758
0.09818893622479516,0.012816349628720148,1.0,-3.8106130552041617
0.07621226110408323,0.007423526363650788,2.0,-3.8650809891336086
0.07730161978267217,0.0068905532654482,2.0,-3.794854416572917
0.07589708833145833,0.0068905532654482,1.0,-2.8746869187139543
0.05749373837427909,0.0014977300003788405,3.0,-3.9256555897195606
0.07851311179439122,0.006357580167245611,2.0,-3.9600752167923603
0.0792015043358472,0.0068905532654482,0.0,-1.9492526708295488
0.038985053416590976,-0.003939562761276165,2.0,-1.6071771145123104
0.032143542290246206,-0.005007598632461066,0.0,-0.5476891757468236
-0.010953783514936472,-0.01583771465918543,2.0,-1.0390954609096879
-0.02078190921819376,-0.01690575053037033,2.0,-1.0796494913064472
-0.021592989826128943,-0.01690575053037033,2.0,-1.1646230101561932
-0.023292460203123862,-0.01690575053037033,3.0,-0.36949529547103166
-0.007389905909420633,-0.011512927265300973,3.0,-0.8333805779957487
0.016667611559914974,-0.0055862807203414955,1.0,-0.32115345462838457
-0.006423069092567691,-0.010446130887208267,2.0,-0.46685659000595825
-0.009337131800119166,-0.03619586988445366,1.0,-1.9664976495746835
-0.03932995299149367,-0.04158869314952302,2.0,-2.353130836905086
-0.04706261673810172,-0.042121666247725606,2.0,-2.827944192181124
-0.056558883843622475,-0.042121666247725606,3.0,-1.980608396043559
-0.039612167920871175,-0.03672884298265625,3.0,-1.218737644906856
-0.024374752898137123,-0.03080219643769677,1.0,-2.3722357169917325
-0.04744471433983465,-0.03566204660456354,2.0,-2.900556250231871
-0.05801112500463742,-0.03619501970276613,2.0,-3.1296105211478227
-0.06259221042295646,-0.03619501970276613,2.0,-3.5534175785551545
-0.0710683515711031,-0.03619501970276613,4.0,-1.5689410846716143
-0.031378821693432285,-0.02536490367604177,3.0,-0.5977583200386928
-0.011955166400773855,-0.018901489790145328,4.0,-1.6112993366270532
0.03222598673254106,-0.007535845915576194,4.0,-3.8306570592807625
0.07661314118561525,0.0043691298838621755,3.0,-5.262489214924205
0.10524978429848411,0.010832543769758594,0.0,-3.210039332906379
0.06420078665812759,0.0005362523777279344,2.0,-3.087897177174197
0.06175794354348394,-0.0005317834934569624,2.0,-2.976857935959234
0.05953715871918468,-0.0005317834934569624,3.0,-4.146305782279617
0.08292611564559235,0.004861039771612402,2.0,-4.192000373791592
0.08384000747583183,0.0053940128698149944,2.0,-4.33277324070436
0.0866554648140872,0.0053940128698149944,3.0,-5.555147842057451
0.11110295684114901,0.010786836134884358,0.0,-3.4990553048266997
0.06998110609653399,0.0004905447428536987,1.0,-2.1237846504730933
0.04247569300946187,-0.00597286914304272,2.0,-2.052244606956179
0.04104489213912358,-0.006505842241245308,1.0,-0.807012724453213
0.01614025448906426,-0.011898665506314668,4.0,-2.8565593226366963
0.05713118645273393,-0.001602374114283999,4.0,-5.310735473737161
0.10621470947474321,0.01030260168515437,2.0,-5.52894907929653
0.1105789815859306,0.011370637556339267,2.0,-5.721799028463127
0.11443598056926255,0.011370637556339267,4.0,-7.8747031322694125
0.15749406264538826,0.022200753583063698,1.0,-7.301097485896798
0.14602194971793597,0.017875114652688217,1.0,-6.172348274928673
0.12344696549857345,0.011948468107728797,2.0,-6.262268215082946
0.12524536430165892,0.011415495009526204,2.0,-6.270848941464129
0.12541697882928257,0.011415495009526204,1.0,-5.3831292631465235
0.10766258526293046,0.00602267174445684,1.0,-4.157889614786784
0.0831577922957357,9.602519949736367e-05,1.0,-3.08597831221539
0.0617195662443078,-0.005830621345462113,0.0,-0.4500345859167299
0.009000691718334598,-0.0495147324719218,3.0,-0.8578517441395175
0.01715703488279035,-0.04518909354154624,2.0,-0.5511429347393
0.011022858694786,-0.04465612044334365,3.0,-1.2180601866216785
0.024361203732433567,-0.03926329717827428,0.0,-1.0132880844653416
-0.02026576168930683,-0.04955958857030496,3.0,-0.6070475917210846
-0.012140951834421692,-0.04523394963992939,3.0,-0.17143347761148547
0.0034286695522297095,-0.03930730309496991,3.0,-0.9910786480779733
0.019821572961559467,-0.033380656550010435,3.0,-1.8661509512790717
0.03732301902558143,-0.027454010005050954,4.0,-3.8686048128303345
0.0773720962566067,-0.01608836613048183,2.0,-3.924619971946191
0.07849239943892382,-0.015020330259296935,0.0,-1.6129987800871044
0.03225997560174208,-0.025850446286021306,0.0,-1.027068750057177
-0.020541375001143537,-0.037755422085459685,3.0,-0.5169391577708353
-0.010338783155416706,-0.03342978315508412,4.0,-1.649972561600625
0.0329994512320125,-0.022064139280515007,1.0,-0.5739727721967274
0.011479455443934547,-0.026389778210890582,1.0,-0.8766255796640268
-0.017532511593280536,-0.03231642475585006,1.0,-2.37109990774942
-0.047421998154988404,-0.03824307130080953,4.0,-0.6513819810717875
-0.013027639621435749,-0.027946779908778863,1.0,-1.7965300803621096
-0.035930601607242194,-0.03227241883915444,2.0,-2.2100206520686023
-0.04420041304137205,-0.03280539193735703,1.0,-3.6001960331994542
-0.07200392066398908,-0.038198215202426396,0.0,-6.269033572686123
-0.12538067145372245,-0.04956385907699553,2.0,-6.745841114776755
-0.1349168222955351,-0.050631894948180434,2.0,-7.210316156204146
-0.14420632312408294,-0.050631894948180434,0.0,-9.882510698367495
-0.1976502139673499,-0.06146201097490479,2.0,-10.699507385141695
-0.21399014770283392,-0.0625300468460897,2.0,-11.266860756705332
-0.22533721513410665,-0.0625300468460897,3.0,-10.714513410731424
-0.21429026821462846,-0.05713722358102034,2.0,-11.126472091231129
-0.2225294418246226,-0.05660425048281775,1.0,-12.761740533067861
-0.2552348106613572,-0.061997073747887106,2.0,-13.474108022897672
-0.2694821604579535,-0.0625300468460897,3.0,-12.724340973926825
-0.25448681947853646,-0.05713722358102034,2.0,-13.136002280453777
-0.2627200456090756,-0.05660425048281775,4.0,-11.380332233682704
-0.22760664467365407,-0.045774134456093386,2.0,-11.584243919994968
-0.23168487839989935,-0.04470609858490848,2.0,-11.997450121051385
-0.2399490024210277,-0.04470609858490848,2.0,-12.410662100809844
-0.24821324201619688,-0.047140543555615436,2.0,-12.823879300665077
-0.25647758601330156,-0.047140543555615436,2.0,-13.266601995627063
-0.2653320399125413,-0.047140543555615436,2.0,-13.679674396580113
-0.27359348793160226,-0.047140543555615436,3.0,-12.955990942201757
-0.2591198188440351,-0.041747720290546075,4.0,-10.997893791478807
-0.21995787582957615,-0.03038207641597694,2.0,-11.046098704236528
-0.22092197408473052,-0.029314040544792044,2.0,-11.303598203370983
-0.22607196406741967,-0.029314040544792044,2.0,-11.561103245498812
-0.23122206490997624,-0.029314040544792044,3.0,-10.720235679930477
-0.21440471359860952,-0.02392121727972268,2.0,-10.821396304287385
-0.2164279260857477,-0.023388244181520086,2.0,-11.02700697702248
-0.2205401395404496,-0.023388244181520086,3.0,-10.137141343600348
-0.20274282687200698,-0.01799542091645076,3.0,-9.09413132616385
-0.181882626523277,-0.012068774371491394,1.0,-10.172545258453274
-0.20345090516906547,-0.016928624538358077,0.0,-12.62904224155017
-0.2525808448310034,-0.028294268412927204,2.0,-13.096178013113992
-0.26192356026227986,-0.0293623042841121,3.0,-12.257093953089896
-0.24514187906179793,-0.023969481019042737,3.0,-11.264514267148549
-0.22529028534297096,-0.018042834474083294,2.0,-11.314029933764914
-0.22628059867529826,-0.017509861375880703,0.0,-13.669041589033684
-0.2733808317806737,-0.028339977402605077,2.0,-14.13662875260295
-0.282732575052059,-0.029408013273789974,2.0,-14.394934140651369
-0.2878986828130274,-0.029408013273789974,4.0,-12.450788905807595
-0.2490157781161519,-0.0185778972470656,2.0,-12.38427555562537
-0.24768551111250742,-0.017509861375880703,1.0,-13.63093117690761
-0.2726186235381522,-0.022902684640950032,3.0,-12.84812546174711
-0.2569625092349422,-0.018042834474083294,3.0,-11.807169499278142
-0.23614338998556286,-0.01211618792912393,2.0,-11.804621771064376
-0.23609243542128752,-0.011583214830921338,1.0,-12.997384235456874
-0.2599476847091375,-0.01697603809599061,1.0,-14.350087371928673
-0.28700174743857343,-0.022902684640950032,2.0,-14.660471410689018
-0.2932094282137804,-0.023435657739152623,4.0,-12.67117749154651
-0.2534235498309302,-0.012605541712428194,2.0,-12.555709753070134
-0.2511141950614027,-0.011537505841243297,3.0,-11.570940472494263
-0.23141880944988524,-0.006144682576173991,1.0,-12.602361977428249
-0.252047239548565,-0.011004532743040708,2.0,-12.808250947173981
-0.2561650189434796,-0.011537505841243297,3.0,-11.822556091994546
-0.2364511218398909,-0.006144682576173991,2.0,-11.76757423506578
-0.23535148470131562,-0.005611709477971401,1.0,-12.904894041899073
-0.25809788083798146,-0.011004532743040708,2.0,-13.11089163412424
-0.2622178326824848,-0.011537505841243297,4.0,-11.029086507844607
-0.22058173015689214,-0.0007073898145188494,1.0,-11.899111100786621
-0.23798222201573244,-0.00503302874489437,2.0,-12.052466418593873
-0.24104932837187745,-0.0055660018430969595,1.0,-13.187847976511659
-0.2637569595302332,-0.010958825108166266,3.0,-12.306550309023157
-0.24613100618046313,-0.00609897494129955,3.0,-11.16705952485461
-0.2233411904970922,-0.00017232839634013302,3.0,-9.978610531984891
-0.19957221063969782,0.005754318148619283,2.0,-9.822892340316086
-0.19645784680632172,0.006287291246821872,2.0,-9.767425026336099
-0.19534850052672198,0.006287291246821872,2.0,-9.71199479780716
-0.1942398959561432,0.006287291246821872,2.0,-9.656602293356093
-0.19313204586712185,0.006287291246821872,3.0,-8.52645970033121
-0.1705291940066242,0.011680114511891172,2.0,-8.314539211606325
-0.1662907842321265,0.012213087610093763,0.0,-10.371774638824494
-0.20743549277648987,0.0013829715833693133,2.0,-10.578405996574423
-0.21156811993148844,0.00031493571218441807,4.0,-8.409092803023286
-0.1681818560604657,0.011145051738908866,4.0,-5.942049966946021
-0.11884099933892042,0.023050027538347315,4.0,-3.36928792730768
-0.0673857585461536,0.03495500333778569,4.0,-0.6711781897146898
-0.013423563794293797,0.046859979137224055,2.0,-0.04258377676084538
-0.0008516755352169076,0.04792801500840896,2.0,-0.37862954001068094
0.007572590800213619,0.04792801500840896,2.0,-0.7987424830751426
0.015974849661502852,0.04792801500840896,3.0,-2.299523999993193
0.04599047999986386,0.05332083827347832,0.0,-0.7051699282160495
0.01410339856432099,0.04302454688144765,2.0,-0.8639304764946841
0.01727860952989368,0.041956511010262744,1.0,-0.15136612271117147
0.0030273224542234295,0.03656368774519339,1.0,-0.7188142553948076
-0.014376285107896153,0.03063704120023391,3.0,-0.522490198821357
0.010449803976427141,0.03549689136710068,0.0,-1.228281808670452
-0.024565636173409035,0.025200599975070022,2.0,-1.2255461071823168
-0.02451092214364634,0.024132564103885125,2.0,-1.0136856837160662
-0.020273713674321327,0.024132564103885125,1.0,-1.883098998174687
-0.03766197996349374,0.018739740838815782,2.0,-1.8276396284148642
-0.036552792568297285,0.01820676774061319,2.0,-1.667918368008605
-0.0333583673601721,0.01820676774061319,4.0,-0.6718871894259314
0.013437743788518627,0.02903688376733756,2.0,-1.1441531311040327
0.022883062622080654,0.030104919638522458,0.0,-0.7865195562926988
-0.015730391125853976,0.019274803611798088,2.0,-0.8340187267192045
-0.01668037453438409,0.01820676774061319,1.0,-1.7527626141787103
-0.03505525228357421,0.012813944475543921,4.0,-0.4231159247923034
0.008462318495846069,0.023110235867574644,1.0,-0.23722716606397304
-0.004744543321279461,0.018784596937199093,2.0,-0.1813680345174835
-0.0036273606903496703,0.018251623838996502,2.0,-0.032259304300419185
-0.0006451860860083836,0.018251623838996502,2.0,-0.14545480507811304
0.002909096101562261,0.018251623838996502,3.0,-1.3830704271974787
0.02766140854394957,0.023644447104065842,2.0,-1.7002001673039977
0.034004003346079954,0.024177420202268433,0.0,-0.2874833026725963
-0.005749666053451926,0.013347304175544012,1.0,-1.455231500167393
-0.02910463000334786,0.006883890289647649,2.0,-1.5026253853634386
-0.03005250770726877,0.00635091719144506,2.0,-1.4459715754278473
-0.02891943150855695,0.00635091719144506,4.0,-0.7818118234334395
0.01563623646866879,0.01718103321816951,2.0,-1.1513590726307044
0.023027181452614086,0.018249069089354402,2.0,-1.3118759381623843
0.026237518763247685,0.018249069089354402,2.0,-1.4725369465428597
0.029450738930857194,0.018249069089354402,2.0,-1.6332995620957094
0.03266599124191419,0.018249069089354402,1.0,-0.7156006767472194
0.014312013534944388,0.012856245824285132,2.0,-0.7132101097595596
0.014264202195191191,0.012323272726082543,2.0,-0.8188119475804995
0.01637623895160999,0.012323272726082543,3.0,-2.00518419444003
0.040103683888800604,0.017716095991151815,1.0,-1.1885098124911428
0.023770196249822857,0.012856245824285132,1.0,-0.11074903277501325
0.002214980655500265,0.006929599279325738,3.0,-1.1439296026367893
0.022878592052735784,0.011789449446192446,2.0,-1.356915742731932
0.02713831485463864,0.012322422544395037,2.0,-1.4656554187258863
0.029313108374517727,0.012322422544395037,1.0,-0.49727848541780373
0.009945569708356075,0.006929599279325738,4.0,-2.6174141660513173
0.05234828332102635,0.01722589067135649,0.0,-0.8097343838880897
0.016194687677761794,0.007463810515816936,4.0,-2.825354190510777
0.05650708381021554,0.01722589067135649,1.0,-2.1136191110811096
0.0422723822216222,0.01290025174098101,1.0,-1.0363558836166318
0.020727117672332634,0.006973605196021615,1.0,-0.10492129098641789
-0.002098425819728358,0.0010469586510621965,1.0,-1.2775219379076974
-0.025550438758153948,-0.00487968789389722,1.0,-2.5112243989353993
-0.05022448797870799,-0.010806334438856632,3.0,-1.6353929157108251
-0.032707858314216506,-0.005946484271989914,2.0,-1.5741154629699683
-0.03148230925939936,-0.005413511173787325,4.0,-0.5512475365799631
0.011024950731599262,0.005416604852937119,1.0,-0.26480487033225686
-0.005296097406645137,0.001090965922561594,2.0,-0.3644553067623773
-0.007289106135247546,0.0005579928243590038,0.0,-2.531391082994496
-0.05062782165988992,-0.010272123202365443,4.0,-0.6714780939886157
-0.013429561879772314,-0.0005100430468258913,2.0,-0.4630575638294448
-0.009261151276588896,0.0005579928243590038,4.0,-1.72273530508497
0.0344547061016994,0.011388108851083453,1.0,-0.9599199069434259
0.019198398138868516,0.007062469920707945,1.0,-0.17138378549095362
-0.0034276757098190723,0.0011358233757485265,1.0,-1.3499890085490696
-0.02699978017098139,-0.004790823169210887,1.0,-2.582508525226441
-0.05165017050452882,-0.010717469714170301,1.0,-3.8670029273748483
-0.07734005854749697,-0.016644116259129666,1.0,-5.216024631681143
-0.10432049263362286,-0.02257076280408908,3.0,-4.429223980884484
-0.08858447961768968,-0.017710912637222354,0.0,-6.660820308256713
-0.13321640616513425,-0.02800720402925303,3.0,-6.0441201060193
-0.120882402120386,-0.023681565098877456,3.0,-5.046745869689454
-0.10093491739378908,-0.017754918553918024,4.0,-2.9135740129900203
-0.058271480259800404,-0.006389274679348815,2.0,-2.75116006081067
-0.0550232012162134,-0.005321238808163921,1.0,-3.879401842902202
-0.07758803685804404,-0.01071406207323323,1.0,-5.16404852141736
-0.1032809704283472,-0.016640708618192595,2.0,-5.419212645983244
-0.10838425291966487,-0.017173681716395186,1.0,-6.66352387972432
-0.1332704775944864,-0.022566504981464508,0.0,-9.161378471229664
-0.18322756942459328,-0.033932148856033614,4.0,-7.487688558903152
-0.14975377117806304,-0.024170068700494155,4.0,-5.2860625049635
-0.10572125009927,-0.012265092901055711,1.0,-6.265608408276993
-0.12531216816553986,-0.016590731831431192,1.0,-7.602157056968954
-0.15204314113937908,-0.022517378376390604,4.0,-5.727329876899875
-0.1145465975379975,-0.012221086984359874,1.0,-6.697604372585459
-0.13395208745170917,-0.01654672591473535,2.0,-6.952027209476727
-0.13904054418953454,-0.017079699012937943,1.0,-8.19541944422291
-0.1639083888844582,-0.02247252227800726,4.0,-6.318295605702266
-0.12636591211404533,-0.012176230885976528,0.0,-8.391824084614663
-0.16783648169229326,-0.021938311041516063,4.0,-6.609393044741775
-0.1321878608948355,-0.012176230885976528,2.0,-6.49772837579466
-0.1299545675158932,-0.011108195014791633,2.0,-6.59540394800901
-0.1319080789601802,-0.011108195014791633,2.0,-6.693130036509919
-0.13386260073019837,-0.011108195014791633,1.0,-7.8721284940684235
-0.15744256988136845,-0.016501018279860905,4.0,-5.9489571112309525
-0.11897914222461906,-0.006204726887830149,4.0,-3.612191106413458
-0.07224382212826916,0.005700248911608326,2.0,-3.3433913289132406
-0.06686782657826482,0.006768284782793221,1.0,-4.365230813936151
-0.08730461627872302,0.0013754615177239086,2.0,-4.4621350122782735
-0.08924270024556548,0.0008424884195213184,2.0,-4.454693999203944
-0.08909387998407889,0.0008424884195213184,0.0,-6.62308318859636
-0.1324616637719272,-0.009987627607203129,2.0,-6.929688391775986
-0.13859376783551974,-0.011055663478388026,2.0,-7.027050545801551
-0.14054101091603102,-0.011055663478388026,2.0,-7.124456185352016
-0.1424891237070403,-0.011055663478388026,2.0,-7.221903550890653
-0.14443807101781309,-0.011055663478388026,1.0,-8.40061569971694
-0.1680123139943388,-0.016448486743457297,4.0,-6.475152460504728
-0.12950304921009456,-0.006152195351426542,4.0,-4.135133324213141
-0.08270266648426283,0.005752780448011933,1.0,-4.94772053055028
-0.0989544106110056,0.0014271415176364084,3.0,-3.965699898943913
-0.07931399797887825,0.006286991684503132,2.0,-3.8010498587298964
-0.07602099717459793,0.006819964782705721,4.0,-1.570347950796732
-0.03140695901593464,0.01765008080943017,2.0,-1.2096452139958642
-0.02419290427991728,0.018718116680615068,3.0,-0.08013115877403505
0.001602623175480701,0.024110939945684418,2.0,-0.36435997596689856
0.007287199519337971,0.02464391304388701,0.0,-1.5946048474546837
-0.03189209694909367,0.013813797017162592,1.0,-2.772554508115584
-0.05545109016231168,0.007350383131266236,1.0,-3.8958436785953348
-0.0779168735719067,0.0014237365863068172,1.0,-5.074205323472427
-0.10148410646944854,-0.004502909958652595,2.0,-5.223036807715
-0.1044607361543,-0.0050358830568551834,1.0,-6.348737157175242
-0.12697474314350482,-0.010428706321924493,4.0,-4.375803931115033
-0.08751607862230067,-0.00013241492989374065,3.0,-3.0765514678510653
-0.0615310293570213,0.006330998956002633,4.0,-0.7468350174311031
-0.014936700348622062,0.017696642830571836,4.0,-1.8007398880069523
0.03601479776013904,0.029601618630010228,0.0,-0.10890403300149538
0.0021780806600299077,0.01983953847447076,2.0,-0.07115100572549413
0.0014230201145098826,0.018771502603285865,2.0,-0.23324437108586887
0.0046648874217173775,0.018771502603285865,0.0,-1.7808454871674384
-0.03561690974334877,0.007941386576561415,1.0,-3.01178340048527
-0.0602356680097054,0.0014779726906650429,2.0,-3.1080974947851194
-0.06216194989570238,0.0009449995924624531,0.0,-5.271415579381053
-0.10542831158762105,-0.009885116434261994,0.0,-7.757345034164896
-0.1551469006832979,-0.02179009223370046,4.0,-5.986912240935602
-0.11973824481871205,-0.01202801207816092,1.0,-6.96505155062871
-0.13930103101257418,-0.0163536510085364,4.0,-5.032789722901826
-0.10065579445803652,-0.006057359616505645,3.0,-3.7853671410485616
-0.07570734282097123,0.00040605426939072423,1.0,-4.754094567213337
-0.09508189134426673,-0.004453795897475996,1.0,-5.990097412299054
-0.11980194824598107,-0.010380442442435413,2.0,-6.183715810294794
-0.12367431620589589,-0.010913415540638004,3.0,-5.198204757163109
-0.10396409514326217,-0.005520592275568691,3.0,0.0
