Lateral Error,Yaw Error,Action,Reward
-0.0014519218772386417,-0.000415612518274011,3.0,-1.0054196700792015
0.020108393401584032,0.0049772107467953,3.0,-2.24003212505754
0.0448006425011508,0.010903857291754712,0.0,-0.28275294983643834
0.0056550589967287665,0.0006075658997239594,2.0,-0.1146236670392542
0.002292473340785084,-0.00046046997146093624,3.0,-1.1378905331173224
0.02275781066234645,0.004932353293608374,3.0,-2.368863159243533
0.04737726318487066,0.010858999838567786,0.0,-0.40240776540516565
0.008048155308103313,0.0005627084465370341,2.0,-0.1880374453859191
0.003760748907718382,-0.0005053274246478614,3.0,-1.2650815274139484
0.02530163054827897,0.004887495840421449,4.0,-3.5892508957603497
0.071785017915207,0.01625313971499065,0.0,-1.7795075344514857
0.035590150689029716,0.006491059559451097,0.0,-0.5626029556827038
-0.011252059113654077,-0.0054139162399873784,2.0,-0.8250635112747194
-0.01650127022549439,-0.006481952111172274,2.0,-0.8806991027688984
-0.01761398205537797,-0.006481952111172274,4.0,-1.2344413819993252
0.024688827639986505,0.00434816391555217,3.0,-2.5728283535741436
0.05145656707148287,0.010811577801448535,0.0,-0.6065950569831936
0.012131901139663871,0.000515286409417784,3.0,-1.4740610993637016
0.029481221987274032,0.004840925339793306,3.0,-2.707491044901535
0.0541498208980307,0.01076757188475272,1.0,-1.8310156357046383
0.036620312714092766,0.005907721717886002,1.0,-0.69029780102894
0.0138059560205788,-1.8924827073415452e-05,2.0,-0.5797894568160925
0.01159578913632185,-0.0005518979252760059,4.0,-2.7445878094095875
0.054891756188191754,0.01027821810144844,0.0,-0.8819081409468355
0.01763816281893671,0.0005161379459088897,4.0,-2.839695684396898
0.05679391368793796,0.01027821810144844,0.0,-0.9792071165829763
0.019584142331659525,0.0005161379459088897,3.0,-1.846367926271787
0.03692735852543574,0.004841776876284412,0.0,-0.18456955848027978
-0.0036913911696055957,-0.005454514515746337,1.0,-1.5244009055866117
-0.030488018111732233,-0.011917928401642693,2.0,-1.7377746465067792
-0.034755492930135586,-0.012450901499845284,3.0,-0.7657705632416263
-0.015315411264832527,-0.007058078234775985,3.0,-0.3649543641190799
0.007299087282381597,-0.0011314316898165665,2.0,-0.4656912020562301
0.009313824041124602,-0.0005984585916139765,0.0,-1.7178118143829424
-0.034356236287658846,-0.011428574618338424,4.0,-0.1624631009115144
0.003249262018230288,-0.0016664944627988716,4.0,-2.5222694106774513
0.050445388213549026,0.010238481336639604,1.0,-1.742670277993727
0.03485340555987454,0.005912842406264085,0.0,-0.4868442479473401
-0.009736884958946802,-0.005452801468305116,0.0,-2.926534519056003
-0.058530690381120055,-0.017357777267743596,4.0,-1.127010530961227
-0.02254021061922454,-0.007595697112204042,4.0,-1.2064252641172457
0.024128505282344913,0.004309278687234433,1.0,-0.3834032912072546
0.0076680658241450915,-1.6360243141089103e-05,3.0,-1.3489584276497022
0.026979168552994044,0.004843489923725632,0.0,-0.6715660780340857
-0.013431321560681714,-0.005452801468305116,4.0,-1.2337472382983
0.024674944765966,0.004309278687234433,0.0,-0.6832930214813904
-0.013665860429627807,-0.005452801468305116,4.0,-1.2261604744515677
0.024523209489031354,0.004309278687234433,1.0,-0.4097180448789294
0.008194360897578587,-1.636024314108807e-05,3.0,-1.3725211739308685
0.02745042347861737,0.004843489923725633,0.0,-0.6506404829439806
-0.013012809658879613,-0.005452801468305115,3.0,-0.16825347779494457
0.003365069555898891,-0.0011271625379295912,3.0,-1.3465268846301945
0.02693053769260389,0.004799484007029825,0.0,-0.67448078842803
-0.0134896157685606,-0.005496807385000924,1.0,-2.023572982371204
-0.04047145964742408,-0.01196022127089728,4.0,-0.10436380854497679
-0.0020872761708995357,-0.001663929878866527,2.0,-0.17073383133915057
0.0034146766267830115,-0.0012045163753289265,2.0,-0.15560699135057518
0.0031121398270115034,-0.0012045163753289265,3.0,-1.2118017456746446
0.02423603491349289,0.004188306889740385,1.0,-0.28245629168426273
0.005649125833685255,-0.0006715432771263359,4.0,-2.3418825467831845
0.046837650935663694,0.009624748114904413,2.0,-2.6501940373257726
0.05300388074651545,0.01069278398608931,1.0,-1.6682041086962904
0.03336408217392581,0.005299960721020001,1.0,-0.532759216917718
0.01065518433835436,-0.0006266858239394154,3.0,-1.5035366443270168
0.030070732886540337,0.004233164342927305,0.0,-0.5240377140980095
-0.01048075428196019,-0.006063127049103444,2.0,-0.7868516315679529
-0.015737032631359057,-0.0071311629202883385,2.0,-0.842897777926656
-0.01685795555853312,-0.0071311629202883385,3.0,-0.1821682037009811
0.003643364074019622,-0.001738339655219026,2.0,-0.28095909012580084
0.005619181802516017,-0.0012053665570164358,3.0,-1.357346937482586
0.027146938749651718,0.004187456708052876,3.0,-2.5903309865069235
0.05180661973013847,0.01011410325301229,3.0,-3.8751973519654754
0.0775039470393095,0.016040749797971654,0.0,-1.9598983252347513
0.03919796650469502,0.005744458405940901,1.0,-0.7141131428239147
0.014282262856478295,-0.0007189554799554676,1.0,-0.6809200832097755
-0.01361840166419551,-0.006645602024914884,3.0,-0.23987728977383327
0.004797545795476666,-0.0017857518580481607,2.0,-0.3379740097455625
0.00675948019491125,-0.0012527787598455703,3.0,-1.4138765098367887
0.028277530196735772,0.004140044505223741,1.0,-0.4851241634614053
0.009702483269228106,-0.0007198056616429788,2.0,-0.3787782240416947
0.0075755644808338934,-0.001252778759845569,4.0,-2.541398577457588
0.050827971549151765,0.009577337266878878,0.0,-0.6780984673755758
0.013561969347511516,-0.0001847428886606729,0.0,-1.7126108887102143
-0.034252217774204285,-0.01208971868809915,2.0,-2.031566554868836
-0.040631331097376724,-0.013157754559284047,2.0,-2.141583597198967
-0.04283167194397934,-0.013157754559284047,3.0,-1.1705761323636898
-0.023411522647273798,-0.007764931294214749,3.0,-0.06883454775840539
-0.0013766909551681077,-0.0018382847492553296,3.0,-1.1411313050661893
0.02282262610132379,0.0040883617957040855,1.0,-0.22973425494010707
0.004594685098802141,-0.000771488371162634,0.0,-2.0820249412070355
-0.04164049882414071,-0.012137132245731838,3.0,-1.3132624969017974
-0.026265249938035952,-0.007811493315356331,4.0,-0.9050696372041169
0.01810139274408234,0.0035541505592128703,0.0,-1.0116859631972692
-0.020233719263945384,-0.006207929596326678,4.0,-0.6946949207063952
0.013893898414127904,-0.01714794678910839,3.0,-1.8320577238693938
0.036641154477387874,-0.010684532903212019,0.0,-0.3533119349531397
-0.007066238699062794,-0.020980824295242773,3.0,-0.33184018755159533
0.006636803751031907,-0.01665518536486725,3.0,-1.3561538467102718
0.027123076934205438,-0.010728538819907835,3.0,-2.4385585018305878
0.04877117003661176,-0.004801892274948469,2.0,-2.6923766460088947
0.053847532920177896,-0.004268919176745878,0.0,-0.4716494235612762
0.009432988471225524,-0.01509903520347033,4.0,-2.2794256780637037
0.04558851356127407,-0.005336955047930775,1.0,-1.3587698561674268
0.027175397123348537,-0.009662593978306254,0.0,-1.0296490568746333
-0.020592981137492666,-0.021028237852875463,3.0,-0.3645738683622549
-0.007291477367245098,-0.01670259892249994,3.0,-0.6687189848098003
0.013374379696196006,-0.010775952377540523,3.0,-1.7518298387766578
0.035036596775533155,-0.004849305832581158,0.0,-0.3696874866817299
-0.007393749733634598,-0.015145597224611911,4.0,-1.444376565393042
0.028887531307860842,-0.005383517069072358,1.0,-0.5194485323772817
0.010388970647545636,-0.009709155999447838,3.0,-1.386927173730506
0.027738543474610123,-0.004849305832581158,0.0,-0.7317657909638595
-0.014635315819277189,-0.015145597224611911,3.0,-0.014450202228845202
-0.00028900404457690406,-0.01081995829423639,2.0,-0.18851759384949376
0.0037703518769898756,-0.010286985196033799,2.0,-0.09645912550253212
0.0019291825100506426,-0.010286985196033799,3.0,-1.0658929575443958
0.021317859150887915,-0.004894161930964528,3.0,-2.2014607608123358
0.04402921521624672,0.0010324846139948846,0.0,-0.13723901042447367
0.0027447802084894736,-0.009263806778035847,2.0,-0.19164061407038102
-0.00383281228140762,-0.010331842649220744,2.0,-0.2921426886752323
-0.005842853773504646,-0.010331842649220744,4.0,-1.7766141586069164
0.03553228317213833,0.0004982733775036886,4.0,-4.16032818076887
0.0832065636153774,0.012403249176942058,0.0,-2.304573151821939
0.04609146303643878,0.002641169021402595,3.0,-3.17909325391716
0.06358186507834321,0.00696680795177817,0.0,-1.1503486381653905
0.02300697276330781,-0.003329483440252509,2.0,-0.8897397899697694
0.01779479579939539,-0.004397519311437406,4.0,-3.010446543683765
0.060208930873675306,0.006432596715286974,1.0,-2.391305451392355
0.047826109027847105,0.002106957784911399,1.0,-1.2088107679222113
0.024176215358444227,-0.0038196887600480314,2.0,-1.0433276559353186
0.02086655311870637,-0.004352661858250622,4.0,-2.9777017420388767
0.05955403484077754,-0.016776691439819896,0.0,-1.0517292331457764
0.02103458466291553,-0.02653877159535938,2.0,-0.5934439322470241
0.011868878644940482,-0.027606807466544276,3.0,-1.4257199892205363
0.028514399784410727,-0.02221398420147496,3.0,-2.4150791687531803
0.04830158337506361,-0.016287337656515483,0.0,-0.18806207814779408
0.003761241562955882,-0.02658362904854616,3.0,-0.8072901210216138
0.016145802420432277,-0.02225799011817064,3.0,-1.7957632747962862
0.035915265495925726,-0.01633134357321116,3.0,-2.836874193119253
0.056737483862385064,-0.010404697028251685,1.0,-1.7487755799651774
0.03497551159930355,-0.015264547195118456,4.0,-3.691610340683609
0.07383220681367218,-0.004968255803087796,1.0,-2.754094639390634
0.055081892787812683,-0.009293894733463362,1.0,-1.4763153490110321
0.02952630698022064,-0.01522054127842284,0.0,-0.9651810207892071
-0.019303620415784144,-0.02658618515299197,4.0,-0.7482514763436122
0.014965029526872245,-0.016824104997452485,4.0,-2.9853762373062342
0.05970752474612469,-0.004919129198014116,1.0,-2.073760143561522
0.04147520287123043,-0.009244768128389678,1.0,-0.9763496454961387
0.019526992909922776,-0.015171414673349155,4.0,-2.8946822448996157
0.057893644897992314,-0.004875123281318495,0.0,-0.8924761845683132
0.017849523691366265,-0.01463720343685796,3.0,-1.6215804349908944
0.032431608699817885,-0.010311564506482384,0.0,-0.561506661159099
-0.01123013322318198,-0.020607855898513043,3.0,-0.11705897616208477
0.0023411795232416953,-0.016282216968137468,3.0,-1.1576112519182522
0.023152225038365042,-0.01035557042317799,0.0,-1.0080278150340103
-0.020160556300680206,-0.02065186181520865,4.0,-0.7447130237893926
0.014894260475787851,-0.010889781659669187,3.0,-1.9405911926052888
0.03881182385210578,-0.004426367773772774,2.0,-2.0047454131797418
0.04009490826359483,-0.0038933946755701854,2.0,-1.9656476333095712
0.03931295266619143,-0.0038933946755701854,0.0,-0.27502700809040415
-0.0055005401618080825,-0.01472351070229455,4.0,-1.546733873676037
0.030934677473520737,-0.004961430546755087,2.0,-1.716167951390251
0.03432335902780502,-0.0038933946755701854,0.0,-0.5099867817401336
-0.01019973563480267,-0.01472351070229455,3.0,-0.41231755110654383
0.008246351022130876,-0.010397871771918974,0.0,-1.7520528296717164
-0.03504105659343433,-0.020694163163949633,3.0,-1.0783566867322378
-0.021567133734644757,-0.01636852423357406,3.0,-0.11842354815677478
-0.0023684709631354955,-0.010441877688614582,3.0,-1.0354969002246588
0.020709938004493174,-0.004515231143655106,3.0,-2.178588695099575
0.0435717739019915,-0.007894254475241861,1.0,-1.0164652997624042
0.020329305995248084,-0.012754104642108632,0.0,-1.3280242455119182
-0.026560484910238363,-0.024119748516677766,3.0,-0.6002953274044864
-0.012005906548089728,-0.01979410958630219,3.0,-0.2993177970584998
0.005986355941169997,-0.013867463041342714,3.0,-1.443496539661853
0.028869930793237065,-0.007940816496383236,3.0,-2.6094888291732947
0.052189776583465894,-0.0020141699514237598,1.0,-1.4977957946772869
0.029955915893545737,-0.006874020118290531,1.0,-0.333693711655727
0.00667387423311454,-0.012800666663250007,1.0,-0.9318837541095649
-0.0186376750821913,-0.018727313208209483,3.0,-0.2456805524066817
-0.004913611048133634,-0.013867463041342714,2.0,-0.1933069314278673
-0.003866138628557346,-0.013334489943140125,3.0,-0.8360274791045886
0.016720549582091772,-0.007941666678070766,3.0,-1.8307778095355833
0.03661555619071167,-0.0020150201331112887,2.0,-1.9991407360259665
0.03998281472051933,-0.0014820470349087,2.0,-2.0641982316724694
0.04128396463344939,-0.0014820470349087,2.0,-1.898111866276758
0.03796223732553516,-0.0014820470349087,1.0,-0.8803453216417028
0.017606906432834055,-0.00687487029997806,3.0,-1.674121904426983
0.033482438088539665,-0.0020150201331112887,3.0,-2.925493663412066
0.05850987326824132,0.003911626411848188,2.0,-3.1097476519166563
0.062194953038333126,0.004444599510050776,2.0,-3.0292470674514416
0.06058494134902883,0.004444599510050776,2.0,-3.14662508145359
0.0629325016290718,0.004444599510050776,2.0,-3.227547884821094
0.06455095769642188,0.004444599510050776,2.0,-3.1465031355708377
0.06293006271141675,0.004444599510050776,1.0,-2.182753914103727
0.04365507828207454,-0.0009482237550185827,0.0,-0.06417488665039153
-0.0012834977330078308,-0.012313867629587716,3.0,-0.5736930120596522
0.011473860241193044,-0.00798822869921215,1.0,-0.43099204915017447
-0.00861984098300349,-0.012848078866078921,4.0,-1.6015873145580681
0.03203174629116136,-0.002551787474048252,1.0,-0.5974117712892062
0.011948235425784125,-0.006877426404423818,1.0,-0.6140135230281945
-0.012280270460563888,-0.012804072949383296,4.0,-1.4179919238695484
0.02835983847739097,-0.0025077815573526265,1.0,-0.4144197212698134
0.008288394425396268,-0.006833420487728193,1.0,-0.7703744028378722
-0.015407488056757443,-0.01276006703268767,4.0,-1.2356132771693045
0.02471226554338609,-0.002463775640657001,1.0,-0.23326404264360706
0.004665280852872141,-0.006789414571032567,3.0,-1.2226235465579725
0.024452470931159452,-0.001929564404165796,0.0,-0.8144084860964604
-0.01628816972192921,-0.00842453621724719,3.0,-0.019889845592616084
0.0003977969118523217,-0.0040988972868716235,0.0,-2.0381850364735006
-0.04076370072947001,-0.014395188678902292,3.0,-1.4831921230494882
-0.029663842460989763,-0.010069549748526717,4.0,-0.7534497737466139
0.01506899547493228,0.0012960941260424155,0.0,-1.1476619504200525
-0.02295323900840105,-0.008465986029497047,3.0,-0.3510134355352304
-0.007020268710704608,-0.004140347099121482,1.0,-1.3077034229411857
-0.026154068458823714,-0.009000197265988254,4.0,-0.7199835282470036
0.014399670564940074,0.0012960941260424155,2.0,-0.8032552942872024
0.01606510588574405,0.0023641299972273168,1.0,-0.2551897956738324
-0.005103795913476648,-0.0030286932678420427,2.0,-0.3455306644519263
-0.006910613289038527,-0.003561666366044631,2.0,-0.3390213763563027
-0.006780427527126054,-0.003561666366044631,2.0,-0.3614028035339851
-0.007228056070679702,-0.003561666366044631,2.0,-0.5366323623044483
-0.010732647246088967,-0.003561666366044631,2.0,-0.5260070701232168
-0.010520141402464335,-0.003561666366044631,2.0,-0.5199632500033383
-0.010399265000066767,-0.003561666366044631,1.0,-1.6119081284604562
-0.032238162569209125,-0.00895448963111399,3.0,-0.6742133606335448
-0.013484267212670894,-0.004094639464247219,3.0,-0.5260711419665407
0.010521422839330812,0.001832007080712257,4.0,-2.6728636777825727
0.053457273555651455,0.01319765095528139,0.0,-0.8412389334209497
0.016824778668418992,0.0034355707997419265,0.0,-1.4785459727592403
-0.029570919455184808,-0.008469404999696444,2.0,-1.7306721927202204
-0.03461344385440441,-0.009537440870881346,4.0,-0.37605624032580165
0.007521124806516033,0.0012926751558430198,2.0,-0.6487729865186327
0.012975459730372655,0.002360711027027921,1.0,-0.5757588937105056
-0.011515177874210112,-0.0030321122380414386,2.0,-0.6908703685006184
-0.013817407370012368,-0.003565085336244027,2.0,-0.6771055929849767
-0.013542111859699535,-0.003565085336244027,2.0,-0.6667907312941169
-0.013335814625882339,-0.003565085336244027,2.0,-0.6902971135764918
-0.013805942271529837,-0.003565085336244027,2.0,-0.8688431541157406
-0.017376863082314814,-0.003565085336244027,2.0,-0.8568551262048619
-0.01713710252409724,-0.003565085336244027,4.0,-1.3313452924199478
0.026626905848398958,0.007265030690480337,1.0,-0.5432297163263607
0.010864594326527215,0.0029393917601047716,3.0,-1.5815046984208334
0.031630093968416664,0.007799241926971543,0.0,-0.3726580576112762
-0.007453161152225524,-0.0024970494650591256,0.0,-2.7429520819377147
-0.05485904163875429,0.00030953822526050533,4.0,-0.8988364133927136
-0.01797672826785427,0.010071618380799969,1.0,-1.5607544150190835
-0.031215088300381673,0.005745979450424403,1.0,-2.78735593990681
-0.055747118798136194,-0.00018066709453507413,4.0,-0.8180934050036728
-0.016361868100073458,0.010115624297495586,1.0,-1.5035652999563565
-0.030071305999127128,0.005789985367120019,4.0,-0.5248406015564232
0.010496812031128464,0.016086276759150687,1.0,-0.08585622340697288
-0.0017171244681394575,0.011760637828775122,2.0,-0.18682174622793393
-0.0037364349245586786,0.011227664730572533,2.0,-0.08607156886124134
0.0017214313772248267,0.011227664730572533,3.0,-1.0997100783228513
0.02199420156645703,0.01662048799564189,0.0,-0.7069803847076443
-0.014139607694152886,0.006324196603611224,3.0,-0.12701723472960058
0.0025403446945920114,0.01064983553398679,1.0,-0.6420038396459327
-0.012840076792918653,0.005789985367120019,3.0,-0.30936804028116405
0.006187360805623281,0.01064983553398679,3.0,-1.6654076961218143
0.03330815392243629,0.016576482078946266,2.0,-1.8321178429702867
0.036642356859405735,0.017109455177148857,2.0,-1.8959687501447058
0.03791937500289412,0.017109455177148857,0.0,-0.049100384397234534
-0.0009820076879446906,0.006279339150424491,4.0,-1.9114301244859322
0.03822860248971864,0.016041419305963953,0.0,-0.1894114589958671
0.003788229179917342,0.006279339150424491,2.0,-0.07057646330473309
-0.0014115292660946618,0.005211303279239589,2.0,-0.08857372650448864
0.0017714745300897727,0.005211303279239589,2.0,-0.07694270276527976
0.0015388540553055953,0.005211303279239589,3.0,-1.2889997184713755
0.02577999436942751,0.010604126544308949,1.0,-0.30035554673988196
0.006007110934797639,0.005744276377442178,2.0,-0.34929542280531906
0.006985908456106381,0.005211303279239589,2.0,-0.30653570816213316
0.006130714163242663,0.005211303279239589,2.0,-0.46505037355697587
0.009301007471139518,0.005211303279239589,1.0,-0.6646447789540253
-0.013292895579080505,-0.0001815199858297698,3.0,-0.2104429194522586
0.004208858389045172,0.004678330181037001,3.0,-1.5441825293885474
0.03088365058777095,0.010604976725996479,0.0,-0.512675317263063
-0.010253506345261261,0.00030868533396580965,2.0,-0.6182825392386436
-0.012365650784772872,-0.0007593505372190872,2.0,-0.7164106110054592
-0.014328212220109184,-0.0007593505372190872,2.0,-0.6327713702492639
-0.012655427404985278,-0.0007593505372190872,2.0,-0.7221426296115862
-0.014442852592231723,-0.0007593505372190872,3.0,-0.4648364509676005
0.00929672901935201,0.004633472727850277,0.0,-1.4456307668628008
-0.028912615337256014,0.021769214037416197,1.0,-2.6847265716157183
-0.05369453143231436,0.015305800151519782,3.0,-1.5086555081875639
-0.030173110163751276,0.020165650318386557,3.0,-0.09997055152766014
-0.0019994110305532027,0.02609229686334603,0.0,-2.0360591836989754
-0.040721183673979505,0.01579600547131537,2.0,-2.0467240961382904
-0.04093448192276581,0.014727969600130474,2.0,-1.8484112970908555
-0.03696822594181711,0.014727969600130474,1.0,-2.930593260666565
-0.058611865213331296,0.00933514633506116,3.0,-1.818611868786919
-0.03637223737573838,0.01419499650192788,2.0,-1.5148106626282858
-0.030296213252565717,0.014727969600130474,2.0,-1.5146148781308035
-0.03029229756261607,0.014727969600130474,3.0,-0.23428288999502292
-0.0046856577999004586,0.02012079286519984,2.0,-0.12284859904839815
0.0024569719809679627,0.02065376596340243,2.0,-0.17911544726863932
0.0035823089453727863,0.02065376596340243,3.0,-1.506956556669704
0.03013913113339408,0.026046589228471796,1.0,-0.8343603182221215
0.01668720636444243,0.021186739061605026,0.0,-1.3996629698214644
-0.027993259396429288,0.00982109518703589,2.0,-1.4727347334990435
-0.02945469466998087,0.008753059315850993,2.0,-1.3253816843070179
-0.02650763368614036,0.008753059315850993,2.0,-1.3771595240885013
-0.027543190481770025,0.008753059315850993,2.0,-1.2300741940192514
-0.02460148388038503,0.008753059315850993,2.0,-1.0831108034635053
-0.021662216069270105,0.008753059315850993,2.0,-1.1360896822021787
-0.022721793644043572,0.008753059315850993,2.0,-0.98973299932655
-0.019794659986531,0.008753059315850993,2.0,-1.0437855808253318
-0.020875711616506636,0.008753059315850993,3.0,-0.20186035596123156
0.004037207119224631,0.014145882580920305,3.0,-1.5745225979377306
0.03149045195875461,0.020072529125879784,0.0,-0.4628596145805387
-0.009257192291610775,0.0097762377338491,3.0,-0.5624485698365326
0.011248971396730652,0.014101876664224617,3.0,-1.9442201637676666
0.03888440327535333,0.020028523209184097,0.0,-0.07260444180622659
-0.0014520888361245318,0.009732231817153412,2.0,-0.1377036273847076
-0.002754072547694152,0.008664195945968515,2.0,-0.04086480467350391
0.0008172960934700782,0.008664195945968515,2.0,-0.07932197904539068
-0.0015864395809078134,0.008664195945968515,2.0,-0.13125058762665198
0.00262501175253304,0.008664195945968515,2.0,-0.2582386496374351
0.005164772992748702,0.008664195945968515,2.0,-0.19828330181899487
0.003965666036379897,0.008664195945968515,2.0,-0.3347334040524129
0.0066946680810482575,0.008664195945968515,2.0,-0.4773415140583393
0.009546830281166787,0.016589815376473097,2.0,-0.6218855807503645
0.01243771161500729,0.016589815376473097,2.0,-0.7672722563038802
0.015345445126077602,0.016589815376473097,1.0,-0.16907971310939882
-0.0033815942621879765,0.011196992111403823,3.0,-0.903244229415424
0.01806488458830848,0.016056842278270506,2.0,-1.1539669456628872
0.02307933891325774,0.016589815376473097,3.0,-2.381247392703754
0.04762494785407508,0.021982638641542405,1.0,-1.6031106731769051
0.0320622134635381,0.017122788474675688,0.0,-0.5419323406593445
-0.01083864681318689,0.00575714460010648,2.0,-0.7070157277170884
-0.014140314554341768,0.0046891087289215845,2.0,-0.6646134615431607
-0.013292269230863213,0.0046891087289215845,2.0,-0.622679068683709
-0.012453581373674182,0.0046891087289215845,2.0,-0.5813138112728882
-0.011626276225457765,0.0046891087289215845,1.0,-1.621641256880245
-0.0324328251376049,-0.0007037145361477263,3.0,-0.6569208774240319
-0.013138417548480639,0.004156135630718993,2.0,-0.5141528882073197
-0.010283057764146394,0.004689108728921583,2.0,-0.47668065349511746
-0.00953361306990235,0.004689108728921583,2.0,-0.43897141187981426
-0.008779428237596285,0.004689108728921583,2.0,-0.3947191513498436
-0.007894383026996871,0.004689108728921583,3.0,-0.7349768496512078
0.014699536993024157,0.010081931993990899,3.0,-2.0123756919165374
0.04024751383833075,0.016008578538950265,1.0,-1.1806290496759884
0.023612580993519768,0.011148728372083585,1.0,-0.0906466208125839
0.001812932416251678,0.005222081827124174,2.0,-0.04905736834244469
0.0009811473668488936,0.004689108728921583,2.0,-0.09052795157329674
0.0018105590314659349,0.004689108728921583,3.0,-1.1919151265350099
0.023838302530700198,0.010081931993990899,1.0,-0.3154527854505301
0.006309055709010603,0.005222081827124174,3.0,-1.3209141128410937
0.026418282256821874,0.010081931993990899,2.0,-1.517407628276467
0.030348152565529342,0.01061490509219349,1.0,-0.529405695471163
0.010588113909423259,0.005222081827124174,3.0,-1.5466781879617706
0.03093356375923541,0.010081931993990899,1.0,-0.6631201864234364
0.013262403728468727,0.005222081827124174,1.0,-0.4841574409466095
-0.00968314881893219,-0.0007045647178352411,3.0,-0.4886757896066029
0.009773515792132058,0.004155285449031478,2.0,-0.6356879224637513
0.012713758449275026,0.004688258547234069,2.0,-0.6756852897524763
0.013513705795049527,0.004688258547234069,2.0,-0.7140974913381725
0.014281949826763448,0.004688258547234069,2.0,-0.7533239501339751
0.015066479002679503,0.004688258547234069,2.0,-0.7932438785883201
0.015864877571766405,0.004688258547234069,2.0,-0.8337576736394265
0.016675153472788532,0.004688258547234069,2.0,-0.8747828279920776
0.017495656559841553,0.004688258547234069,2.0,-0.9162506558302735
0.01832501311660547,0.004688258547234069,1.0,-0.13436126513688323
-0.002687225302737665,-0.000704564717835242,1.0,-1.3240479835572605
-0.02648095967114521,-0.006631211262794659,3.0,-0.41844455269653835
-0.008368891053930768,-0.0017713610959279357,1.0,-1.396143499971088
-0.027922869999421764,-0.006631211262794659,4.0,-0.6113921470444101
0.012227842940888202,0.0036650801292360874,2.0,-0.8605331032780874
0.01721066206556175,0.0047331160004209834,1.0,-0.1797672030083287
-0.0035953440601665743,-0.0006597072646483255,1.0,-1.3761261796129012
-0.027522523592258024,-0.0065863538096077425,3.0,-0.46299621436068866
-0.009259924287213773,-0.001726503642741019,2.0,-0.3721104669366155
-0.0074422093387323095,-0.0011935305445384288,2.0,-0.3860592596033763
-0.007721185192067525,-0.0011935305445384288,2.0,-0.4007944370212873
-0.008015888740425746,-0.0011935305445384288,2.0,-0.4063772921286301
-0.008127545842572602,-0.0011935305445384288,2.0,-0.4132394806418404
-0.008264789612836807,-0.0011935305445384288,1.0,-1.5006370898293022
-0.030012741796586046,-0.0065863538096077425,4.0,-0.5041090143223396
0.010082180286446791,0.003709937582423004,1.0,-0.3267230724512944
-0.006534461449025889,-0.0006157013479525155,2.0,-0.44232540261108977
-0.008846508052221796,-0.0011486744461551056,2.0,-0.45439897499720405
-0.00908797949994408,-0.0011486744461551056,2.0,-0.4672342334358592
-0.009344684668717183,-0.0011486744461551056,2.0,-0.4807701769481115
-0.00961540353896223,-0.0011486744461551056,2.0,-0.4879999629295718
-0.009759999258591437,-0.0011486744461551056,1.0,-1.5727681400425433
-0.031455362800850865,-0.006541497711224419,4.0,-0.43363195391280274
0.008672639078256054,0.0037547936808063273,2.0,-0.6842643110794422
0.013685286221588844,0.004822829551991223,1.0,-0.3551221864702148
-0.0071024437294042965,-0.0005699937130780857,1.0,-1.5510257043904958
-0.031020514087809915,-0.0064966402580375025,3.0,-0.6377672807421617
-0.012755345614843233,-0.0016367900911707792,2.0,-0.5460434556423717
-0.010920869112847434,-0.001103816992968189,2.0,-0.5588372026488095
-0.01117674405297619,-0.001103816992968189,2.0,-0.5649257702606685
-0.01129851540521337,-0.001103816992968189,2.0,-0.572052813219573
-0.01144105626439146,-0.001103816992968189,2.0,-0.5799438982614552
-0.011598877965229104,-0.001103816992968189,2.0,-0.5885682950681305
-0.01177136590136261,-0.001103816992968189,1.0,-1.6790973758924863
-0.03358194751784972,-0.0064966402580375025,2.0,-1.8452383196310178
-0.03690476639262036,-0.007029613356240093,3.0,-0.826427916992845
-0.0165285583398569,-0.0016367900911707792,1.0,-1.8132640669067173
-0.03626528133813435,-0.0064966402580375025,4.0,-0.215988426123715
0.0043197685224743,0.0037996511339932443,1.0,-0.6402279462994833
-0.012804558925989667,-0.0005259877963822758,1.0,-1.8310910330164056
-0.03662182066032811,-0.006452634341341692,4.0,-0.17599380138973642
0.0035198760277947287,0.003843657050689054,2.0,-0.4272653119008619
0.008545306238017239,0.00491169292187395,2.0,-0.4708509944644498
0.009417019889288995,0.00491169292187395,3.0,-1.5956400034829028
0.031912800069658055,0.010304516186943261,1.0,-0.7158821538538909
0.014317643077077818,0.005444666020076539,2.0,-0.6571382047780233
0.013142764095560467,0.00491169292187395,2.0,-0.698610179463151
0.01397220358926302,0.00491169292187395,2.0,-0.7391183256788469
0.01478236651357694,0.00491169292187395,1.0,-0.3062643479447175
-0.00612528695889435,-0.00048113034319536093,2.0,-0.4164839893952168
-0.008329679787904335,-0.001014103441397951,2.0,-0.42438851755562756
-0.008487770351112551,-0.001014103441397951,2.0,-0.43325550043913774
-0.008665110008782754,-0.001014103441397951,2.0,-0.44302715256027864
-0.008860543051205573,-0.001014103441397951,2.0,-0.45364501713097816
-0.009072900342619563,-0.001014103441397951,3.0,-0.6264524856947163
0.012529049713894328,0.004378719823671359,2.0,-0.7753796003545509
0.015507592007091018,0.00491169292187395,1.0,-0.28228735041785386
-0.005645747008357077,-0.00048113034319535963,1.0,-1.4648978237577661
-0.029297956475155325,-0.006407776888154776,4.0,-0.542602279555019
0.010852045591100382,0.0038885145038759705,2.0,-0.7945487150733611
0.01589097430146722,0.004956550375060867,1.0,-0.243773239213359
-0.00487546478426718,-0.0004362728900084426,1.0,-1.4384431502605055
-0.02876886300521011,-0.006362919434967859,4.0,-0.5734714964455865
0.01146942992891173,0.003933371957062888,2.0,-0.8274514871944548
0.016549029743889096,0.005001407828247783,2.0,-0.8695300002361581
0.017390600004723162,0.005001407828247783,2.0,-0.9113826764171628
0.018227653528343254,0.005001407828247783,1.0,-0.13703170898413555
-0.002740634179682711,-0.0003914154368215278,3.0,-0.8405606310363172
0.016811212620726344,0.004468434730045192,1.0,-0.0928116341595347
-0.0018562326831906939,-0.00039141543682152756,2.0,-0.2060589812467778
-0.0041211796249355555,-0.0009243885350241176,1.0,-1.2955665484497696
-0.025911330968995394,-0.00631721180009343,4.0,-0.7164394340539229
0.014328788681078458,0.003979079591937316,2.0,-0.9708960447746016
0.01941792089549203,0.005047115463122212,0.0,-1.1633781526586804
-0.023267563053173606,-0.00578300056360223,4.0,-0.7419374127355423
0.014838748254710845,0.0039790795919373186,2.0,-0.9942660697861073
0.019885321395722147,0.005047115463122213,2.0,-1.0381947715052122
0.020763895430104245,0.005047115463122213,2.0,-1.0825181992269601
0.0216503639845392,0.005047115463122213,0.0,-1.0464595348269639
-0.020929190696539278,-0.00578300056360223,3.0,-0.24298292918970615
-0.004859658583794123,-0.0014573616332267051,2.0,-0.16326088959149107
-0.0032652177918298213,-0.0009243885350241149,1.0,-1.2278003521306728
-0.024556007042613456,-0.006317211800093429,3.0,-0.31512040136249725
-0.006302408027249945,-0.0014573616332267051,2.0,-0.21674369154026657
-0.004334873830805332,-0.0009243885350241149,1.0,-1.3014332861581779
-0.026028665723163556,-0.006317211800093429,4.0,-0.7056360836756232
0.014112721673512466,0.0039790795919373186,0.0,-1.213467452278945
-0.0242693490455789,-0.005783000563602229,4.0,-0.6939131319046409
0.013878262638092817,0.003979079591937319,2.0,-0.9483633002911683
0.018967266005823366,0.005047115463122215,1.0,-0.12717197897025556
-0.0025434395794051113,-0.00034570780194709635,1.0,-1.2884102071773296
-0.02576820414354659,-0.006272354346906514,3.0,-0.37214328104130545
-0.007442865620826108,-0.0014125041800397908,3.0,-0.8080980975915221
0.016161961951830443,0.004514142364919623,1.0,-0.1248420618488402
-0.0024968412369768037,-0.0003457078019470967,1.0,-1.3187609752252678
-0.026375219504505353,-0.006272354346906513,3.0,-0.4042627085648221
-0.008085254171296442,-0.0014125041800397897,2.0,-0.3126100935053289
-0.006252201870106579,-0.0008795310818371996,1.0,-1.3969802787381636
-0.02793960557476327,-0.006272354346906513,4.0,-0.6183135561023492
0.012366271122046983,0.004023937045124234,2.0,-0.8693417569340268
0.017386835138680536,0.005091972916309129,1.0,-0.17124562117191844
-0.0034249124234383686,-0.0003008503487601794,1.0,-1.361613288134168
-0.02723226576268336,-0.006227496893719596,4.0,-0.646718123704947
0.01293436247409894,0.004068794498311151,1.0,-0.18713043595643994
-0.0037426087191287987,-0.00025684443206436947,2.0,-0.3001300741061064
-0.0060026014821221284,-0.0007898175302669594,4.0,-1.875927824994709
0.037518556499894176,0.010040298496457488,1.0,-1.098645884523579
0.02197291769047158,0.005714659566081967,1.0,-0.07035271972878916
-0.0014070543945757833,0.00891485768420757,2.0,-0.056746415059209514
0.0011349283011841903,0.008381884586004982,0.0,-2.132499045435447
-0.04264998090870894,-0.0024482314407194674,3.0,-1.3712218611695426
-0.02742443722339085,0.0018774074896560381,4.0,-1.0484743140660715
0.02096948628132143,0.013243051364225239,1.0,-0.23261304850891731
0.004652260970178347,0.00891741243384972,0.0,-1.868017484947258
-0.03736034969894516,-0.0024482314407194847,4.0,-0.061118693332308835
-0.0012223738666461768,0.007313848714820068,1.0,-0.8895849383568601
-0.017791698767137203,0.002988209784444545,3.0,-0.22977789537398072
0.004595557907479614,0.007848059951311267,1.0,-0.7541545942251642
-0.015083091884503283,0.002988209784444545,1.0,-1.7990812193890915
-0.03598162438778183,-0.002938436760514857,2.0,-2.014438891613716
-0.04028877783227432,-0.0034714098587174474,2.0,-2.125493800453154
-0.042509876009063086,-0.0034714098587174474,3.0,-0.9581069902044392
-0.019162139804088783,0.0019214134063518502,0.0,-3.082422743420347
-0.061648454868406935,-0.008374877985678902,2.0,-3.255800744529279
-0.06511601489058558,-0.0094429138568638,1.0,-4.5005198719291615
-0.09001039743858322,-0.014835737121933146,4.0,-2.637026526312503
-0.052740530526250065,-0.004539445729902428,1.0,-3.4199507144359282
-0.06839901428871856,-0.008865084660277908,1.0,-4.783127805642279
-0.09566255611284558,-0.014791731205237349,3.0,-3.806406664132418
-0.07612813328264836,-0.009931881038370597,1.0,-4.946070675744564
-0.09892141351489128,-0.014791731205237349,4.0,-3.0943127675460302
-0.061886255350920606,-0.00449543981320663,2.0,-2.7866418688947725
-0.05573283737789545,-0.0034274039420217335,1.0,-3.988626709441382
-0.07977253418882764,-0.008820227207091004,3.0,-2.9630016529897523
-0.05926003305979505,-0.003960377040224324,2.0,-2.968915520406373
-0.059378310408127466,-0.0034274039420217335,1.0,-4.160599885941921
-0.08321199771883842,-0.008820227207091004,4.0,-2.0571165089758683
-0.041142330179517364,0.0014760641849397497,4.0,-0.27469886046539455
0.005493977209307891,0.013381039984378226,2.0,-0.5283747952698763
0.010567495905397527,0.014449075855563119,3.0,-1.8560159924064399
0.037120319848128795,0.019841899120632427,2.0,-2.059214438071191
0.04118428876142382,0.02037487221883502,4.0,-4.52909022144775
0.090581804428955,0.03120498824555945,0.0,-2.770083071600035
0.05540166143200069,0.021442908090019915,2.0,-2.660112696045922
0.053202253920918444,0.02037487221883502,1.0,-1.8733312033885243
0.03746662406777049,0.014982048953765708,1.0,-0.9340365108253794
0.01868073021650759,0.04449342306998353,1.0,-0.14236161668854838
0.002847232333770968,0.03856677652502412,4.0,-2.5521659092660123
0.05104331818532024,0.048863067917054866,2.0,-3.2085393881631252
0.0641707877632625,0.049931103788239756,0.0,-1.4885439570163783
0.029770879140327566,0.03910098776151532,0.0,-0.5532938785281701
-0.011065877570563402,0.027196011962076837,3.0,-0.5572709944457304
0.011145419888914607,0.03152165089245232,0.0,-1.222362977446165
-0.0244472595489233,0.021225359500421596,0.0,-3.4213697139184216
-0.06842739427836844,0.009320383700983226,2.0,-3.552363912682121
-0.07104727825364242,0.00825234782979833,3.0,-2.370999035119426
-0.047419980702388516,0.013645171094867693,2.0,-2.134871000014132
-0.04269742000028265,0.014178144193070287,2.0,-2.0041379104867185
-0.04008275820973437,0.014178144193070287,3.0,-0.7778470949912603
-0.015556941899825205,0.01957096745813965,2.0,-0.6868567530543846
-0.013737135061087693,0.020103940556342244,3.0,-0.5802391447347395
0.011604782894694788,0.025496763821411594,2.0,-0.9214171696960873
0.01842834339392175,0.02602973691961418,3.0,-2.2399060230530408
0.04479812046106082,0.03142256018468345,0.0,-0.47717702837809184
0.009543540567561837,0.021126268792652732,1.0,-0.634742283887795
-0.0126948456777559,0.014662854906756314,4.0,-1.5642856875278106
0.03128571375055621,0.02495914629878698,2.0,-2.0105380369682284
0.04021076073936457,0.026027182169971876,0.0,-0.10679525101479448
0.0021359050202958895,0.01519706614324751,2.0,-0.016811896292778697
0.00033623792585557393,0.014129030272062613,1.0,-0.940490618734827
-0.01880981237469654,0.008736207006993249,1.0,-2.0494715816992324
-0.04098943163398465,0.002809560462033777,2.0,-2.1299504385417696
-0.042599008770835396,0.0022765873638311888,2.0,-2.076380518011858
-0.04152761036023716,0.0022765873638311888,3.0,-0.9689605856882919
-0.01937921171376584,0.007669410628900548,1.0,-1.8690243558383437
-0.03738048711676688,0.002809560462033777,1.0,-3.030556462117139
-0.06061112924234278,-0.0031170860829256995,2.0,-3.1632337538829707
-0.06326467507765941,-0.0036500591811282884,2.0,-3.357146101018282
-0.06714292202036563,-0.0036500591811282884,2.0,-3.383444118945342
-0.06766888237890684,-0.0036500591811282884,2.0,-3.4104384298436825
-0.06820876859687365,-0.0036500591811282884,3.0,-2.329189941915403
-0.04658379883830806,0.0017427640839410713,3.0,-1.1166967997971318
-0.022333935995942637,0.007669410628900548,3.0,-0.16073821901370858
0.0032147643802741717,0.03222274157242562,4.0,-2.759680087725883
0.055193601754517665,0.04358838544699473,1.0,-2.3353446739056376
0.04670689347811276,0.03926274651661917,0.0,-0.2523234754550741
0.005046469509101483,0.027897102642050066,4.0,-2.5018944111616803
0.05003788822323361,0.03765918279758953,2.0,-3.092726639017931
0.061854532780358615,0.038727218668774425,0.0,-1.3271752393030858
0.026543504786061718,0.027897102642050066,3.0,-2.2748335400251576
0.04549667080050315,0.03222274157242564,4.0,-4.866412820725211
0.09732825641450422,0.04358838544699476,0.0,-3.3524632551448095
0.06704926510289619,0.033826305291455284,0.0,-1.3190106052282689
0.026380212104565377,0.021921329492016917,1.0,-0.120495892375288
0.00240991784750576,0.015457915606120478,2.0,-0.1466979680945737
0.0029339593618914737,0.014924942507917888,1.0,-0.7688161315609303
-0.015376322631218606,0.009532119242848528,4.0,-1.2543921738131394
0.025087843476262788,0.019828410634879196,4.0,-3.856968973064924
0.07713937946129848,0.03173338643431757,0.0,-2.2243686025184646
0.044487372050369296,0.021971306278778104,4.0,-4.412952515599149
0.08825905031198297,0.03173338643431757,0.0,-2.60224102232947
0.0520448204465894,0.021971306278778104,4.0,-4.789926147258253
0.09579852294516507,0.03173338643431757,0.0,-3.1796416948186756
0.06359283389637352,0.021971306278778104,4.0,-5.366575640725837
0.10733151281451674,0.03173338643431757,0.0,-3.5592812862707657
0.07118562572541531,0.021971306278778104,1.0,-2.4922613050033124
0.049845226100066246,0.015507892392881664,2.0,-2.5871054936748683
0.051742109873497366,0.014974919294679074,4.0,-4.929335043902406
0.09858670087804813,0.02580503532140344,0.0,-3.07438769368648
0.0614877538737296,0.016042955165863976,4.0,-5.18127864861037
0.1036255729722074,0.02580503532140344,3.0,-6.750673589236743
0.13501347178473486,0.032268449207299855,0.0,-5.034486953263314
0.10068973906526628,0.021972157815269195,0.0,-2.7368796279368417
0.054737592558736836,0.010067182015830824,3.0,-3.724496921227705
0.0744899384245541,0.01439282094620639,0.0,-1.8630733913608186
0.03726146782721637,0.004096529554175722,3.0,-2.600787561501594
0.05201575123003188,0.008422168484551287,3.0,-3.9026390187230753
0.0780527803744615,0.014348815029510764,1.0,-3.1290710655096063
0.06258142131019213,0.009488964862643993,2.0,-3.1399912167876334
0.06279982433575267,0.008955991764441404,4.0,-5.230992890561458
0.10461985781122915,0.01978610779116577,0.0,-3.5230220643250303
0.07046044128650061,0.006802156034438761,4.0,-5.573575317003004
0.11147150634006009,0.016564236189978224,1.0,-4.7533275825358965
0.09506655165071792,0.01223859725960266,2.0,-4.819991567280385
0.09639983134560771,0.01170562416140007,2.0,-4.822041518887167
0.09644083037774333,0.01170562416140007,2.0,-4.991987438499924
0.09983974876999849,0.01170562416140007,0.0,-3.0218962326398797
0.06043792465279759,0.0008755081346757054,2.0,-2.7176150843643185
0.05435230168728637,-0.00019252773650919584,1.0,-1.6983789943657457
0.033967579887314914,-0.0055853510015785555,1.0,-0.38101102048400115
0.007620220409680023,-0.011511997546538031,2.0,-0.221786582905201
0.00443573165810402,-0.01204497064474062,1.0,-0.9069668558750614
-0.01813933711750123,-0.01743779390980998,3.0,-0.18820364454047533
-0.003764072890809507,-0.01257794374294321,2.0,-0.11044947867578953
-0.0022089895735157906,-0.01204497064474062,4.0,-1.824495555094706
0.03648991110189412,-0.001214854618016256,1.0,-1.0564382253199505
0.021128764506399007,-0.005540493548391822,1.0,-0.12603201178776707
-0.0025206402357553412,-0.0114671400933513,1.0,-1.5472948915198579
-0.030945897830397157,-0.017393786638310777,4.0,-0.47217547252706804
0.00944350945054136,-0.007097495246280107,4.0,-2.6686856144671345
0.05337371228934269,0.0048074805531582625,3.0,-4.077647025170436
0.08155294050340872,0.011270894439054702,2.0,-4.353536312742363
0.08707072625484726,0.011803867537257292,3.0,-5.4089868856629515
0.10817973771325903,0.01719669080232665,0.0,-3.593923254130609
0.07187846508261218,0.006900399410295983,0.0,-1.1659940795220143
0.023319881590440288,-0.005004576389142388,2.0,-1.0122503190809593
0.020245006381619187,-0.006072612260327289,2.0,-0.8242077882504418
0.016484155765008838,-0.006072612260327289,2.0,-0.833778359519231
0.01667556719038462,-0.006072612260327289,0.0,-1.2865342504820276
-0.025730685009640552,-0.016902728287051652,1.0,-2.865996351874296
-0.05731992703748592,-0.023366142172948093,1.0,-4.200438964981225
-0.0840087792996245,-0.02929278871790757,4.0,-2.4810431800986374
-0.04962086360197275,-0.018996497325876566,4.0,-0.1953860816654608
-0.003907721633309215,-0.007091521526438196,1.0,-1.0616032879295036
-0.021232065758590074,-0.011417160456813763,2.0,-1.3539172931490535
-0.02707834586298107,-0.01195013355501635,2.0,-1.3960585275494222
-0.027921170550988444,-0.01195013355501635,0.0,-3.6127517765231905
-0.07225503553046381,-0.02278024958174084,4.0,-1.9436039610216045
-0.038872079220432086,-0.013018169426201261,0.0,-4.143102089698733
-0.08286204179397466,-0.047997015480783646,4.0,-2.717139234256561
-0.05434278468513122,-0.038234935325244065,2.0,-2.7461216768545187
-0.05492243353709038,-0.03716689945405917,2.0,-2.984729905810183
-0.05969459811620366,-0.03716689945405917,4.0,-1.1997493984449914
-0.023994987968899827,-0.026336783427334802,0.0,-3.2947060945074655
-0.06589412189014932,-0.036098863582874265,4.0,-1.765555709291374
-0.03531111418582748,-0.026336783427334802,2.0,-1.6501091245739627
-0.03300218249147925,-0.025268747556149898,3.0,-0.8972311486575847
-0.017944622973151695,-0.01987592429108054,1.0,-1.9529623342560702
-0.03905924668512141,-0.02473577445794731,0.0,-4.601062772760269
-0.09202125545520538,-0.03610141833251644,3.0,-3.9217703448662364
-0.07843540689732473,-0.03177577940214088,4.0,-1.990895120324483
-0.03981790240648966,-0.020410135527571746,2.0,-1.8597806235439882
-0.03719561247087976,-0.019342099656386842,2.0,-2.1360864469085303
-0.042721728938170604,-0.019342099656386842,1.0,-3.29690063408108
-0.06593801268162161,-0.024734922921456202,3.0,-2.6485399641107934
-0.05297079928221586,-0.019875072754589433,2.0,-2.6248567908159264
-0.05249713581631853,-0.019342099656386842,2.0,-2.86658986456676
-0.057331797291335196,-0.019342099656386842,2.0,-2.9449619900970765
-0.058899239801941526,-0.019342099656386842,1.0,-4.3023907530843255
-0.08604781506168652,-0.024734922921456202,4.0,-2.3672386846430458
-0.04734477369286092,-0.014438631529425535,2.0,-2.3516014403300685
-0.047032028806601366,-0.013370595658240633,2.0,-2.3765825366771622
-0.04753165073354324,-0.013370595658240633,0.0,-4.806447829196336
-0.09612895658392671,-0.024200711684964998,4.0,-2.939765170690019
-0.05879530341380038,-0.014438631529425535,1.0,-4.03617868461239
-0.08072357369224781,-0.0187642704598011,4.0,-2.017444027950775
-0.0403488805590155,-0.008467979067770432,2.0,-1.9795038971671466
-0.03959007794334293,-0.007399943196585531,3.0,-0.8736542784185131
-0.01747308556837026,-0.0020071199315161714,3.0,-0.23495577047735045
0.004699115409547009,0.003919526613443305,3.0,-1.5355013831697917
0.030710027663395832,0.009846173158402782,2.0,-1.6243103898065858
0.03248620779613172,0.010379146256605375,0.0,-0.3665678707669165
-0.00733135741533833,-0.00045096977011898525,0.0,-2.8675539240021806
-0.057351078480043616,-0.012355945569557355,1.0,-4.18584491279928
-0.0837168982559856,-0.018819359455453797,3.0,-3.485671552503909
-0.06971343105007818,-0.013959509288587024,3.0,-2.296217033599376
-0.045924340671987515,-0.008032862743627548,3.0,-1.4809905554325855
-0.029619811108651712,-0.03442468345055862,1.0,-2.776635020323919
-0.05553270040647838,-0.03928453361742539,4.0,-1.081291718728324
-0.02162583437456648,-0.028988242225394725,2.0,-1.1389792696415968
-0.022779585392831935,-0.027920206354209828,2.0,-1.2082639737449972
-0.024165279474899944,-0.027920206354209828,1.0,-2.5546590263675224
-0.05109318052735044,-0.03331302961927919,1.0,-4.058786877712483
-0.08117573755424964,-0.039239676164238665,4.0,-2.340862766495495
-0.0468172553299099,-0.028943384772208,3.0,-1.3159321853648307
-0.026318643707296613,-0.02247997088631158,1.0,-2.5068714787770703
-0.0501374295755414,-0.027339821053178354,2.0,-2.8773826922655625
-0.057547653845311256,-0.027872794151380945,2.0,-3.1435027910380486
-0.06287005582076097,-0.027872794151380945,2.0,-3.4096500981937554
-0.06819300196387511,-0.027872794151380945,0.0,-5.870477980665233
-0.11740955961330465,-0.03870291017810531,3.0,-5.1459273066567
-0.102918546133134,-0.03437727124772975,4.0,-3.171839848965286
-0.06343679697930572,-0.023011627373160634,0.0,-5.364827443564007
-0.10729654887128012,-0.0327737075287001,4.0,-3.7029538426343227
-0.07405907685268645,-0.023011627373160634,0.0,-5.898097610684632
-0.11796195221369263,-0.0327737075287001,4.0,-4.2347821700749115
-0.08469564340149822,-0.023011627373160634,1.0,-5.321172434032477
-0.10642344868064954,-0.02733726630353621,4.0,-3.5079613442665467
-0.07015922688533094,-0.017040974911505545,0.0,-5.645022235617844
-0.1129004447123569,-0.02680305506704501,4.0,-3.734629005291217
-0.07469258010582434,-0.017040974911505545,1.0,-4.768516205649766
-0.09537032411299531,-0.0213666138418811,4.0,-2.915632660695422
-0.05831265321390844,-0.011070322449850378,2.0,-2.8078057798036022
-0.056156115596072045,-0.010002286578665481,2.0,-2.916638069001149
-0.05833276138002298,-0.010002286578665481,2.0,-3.02561470261793
-0.060512294052358605,-0.010002286578665481,2.0,-3.1347206265553575
-0.06269441253110715,-0.010002286578665481,4.0,-1.0735293031288247
-0.021470586062576492,0.0008278294480589671,1.0,-1.9506864946921896
-0.03901372989384379,-0.003497809482316556,1.0,-3.1937091589578155
-0.0638741831791563,-0.00942445602727596,1.0,-4.289063571923482
-0.08578127143846966,-0.015351102572235325,4.0,-2.3766398402051063
-0.04753279680410212,-0.005054811180204572,2.0,-2.223490211847184
-0.04446980423694369,-0.003986775309019678,4.0,-0.11403433714205263
-0.0022806867428410526,0.006843340717704767,2.0,-0.1606060511844532
0.0032121210236890642,0.005476931618182707,3.0,-1.2823182577352106
0.02564636515470421,0.010869754883252015,4.0,-3.6590568997335287
0.07318113799467058,0.0222353987578212,3.0,-5.154877627033169
0.1030975525406634,0.02869881264371762,0.0,-3.344965245226179
0.06689930490452359,0.018402521251686947,4.0,-5.459815080806855
0.10919630161613711,0.028164601407226424,0.0,-3.7410240932340617
0.07482048186468124,0.018402521251686947,3.0,-4.76527698693494
0.0953055397386988,0.02272816018206248,0.0,-2.9027348056053275
0.05805469611210655,0.012431868790031749,4.0,-4.965165686304071
0.09930331372608142,0.022193948945571283,0.0,-3.1991577605246824
0.06398315521049365,0.012431868790031749,2.0,-3.089440870499314
0.061788817409986284,0.011363832918846852,4.0,-5.37081499451021
0.10741629989020421,0.022193948945571283,0.0,-3.6015812882882385
0.07203162576576477,0.012431868790031749,2.0,-3.4922923358049602
0.0698458467160992,0.011363832918846852,2.0,-3.5923807096978546
0.07184761419395709,0.011363832918846852,4.0,-5.8638386350716685
0.11727677270143337,0.022193948945571283,0.0,-4.10601520835513
0.0821203041671026,0.012431868790031749,0.0,-1.8165060256839027
0.03633012051367805,0.0005268929905932705,1.0,-0.5245442871109863
0.010490885742219727,-0.005936520895303106,3.0,-1.4428888400374924
0.028857776800749847,-0.0010766707284363835,2.0,-1.5435658708732058
0.030871317417464118,-0.0005436976302337935,1.0,-0.4599587587174587
0.009199175174349174,-0.005936520895303106,0.0,-1.8767149157152123
-0.03753429831430425,-0.01730216476987231,2.0,-2.2469424948441015
-0.04493884989688203,-0.018370200641057207,4.0,-0.23761495563122517
-0.004752299112624503,-0.0075400846143327555,3.0,-0.999200514925126
0.019984010298502518,-0.0010766707284363833,1.0,-0.07087531732833778
0.0014175063465667556,-0.005936520895303106,4.0,-2.0295243955712756
0.04059048791142551,0.004359770496727642,4.0,-4.459704626374017
0.08919409252748034,0.016264746296166123,2.0,-4.8212690948220445
0.0964253818964409,0.01733278216735102,1.0,-3.8924388928363656
0.07784877785672731,0.011939958902281748,2.0,-3.888727611224441
0.07777455222448883,0.011406985804079157,4.0,-6.160779754809218
0.12321559509618436,0.022237101830803588,0.0,-4.394045460248728
0.08788090920497457,0.012475021675264052,0.0,-2.1127670466188633
0.04225534093237727,0.0005700458758255741,0.0,-0.27688493204192555
-0.005537698640838511,-0.011334929923612902,3.0,-0.4892573893305433
0.009785147786610866,-0.007009290993237395,3.0,-1.6176903823131985
0.03235380764626397,-0.0010826444482779762,1.0,-0.6361334946461639
0.012722669892923278,-0.005942494615144699,0.0,-1.699526991310947
-0.03399053982621894,-0.017308138489713902,1.0,-3.152329675422074
-0.06304659350844148,-0.023771552375610308,0.0,-5.662740048098459
-0.11325480096196919,-0.035137196250179414,2.0,-6.189821686703137
-0.12379643373406275,-0.03620523212136431,0.0,-8.705933742618313
-0.17411867485236626,-0.04703534814808868,4.0,-7.138400267366814
-0.14276800534733627,-0.03727326799254921,0.0,-9.445488530458464
-0.1889097706091693,-0.04703534814808868,4.0,-7.87774408820639
-0.1575548817641278,-0.03727326799254921,4.0,-5.773304841049328
-0.11546609682098656,-0.02536829219311084,2.0,-5.777512181235263
-0.11555024362470526,-0.024300256321925943,3.0,-4.909859911778691
-0.09819719823557381,-0.0189074330568566,3.0,-3.873887968099052
-0.07747775936198104,-0.012980786511897234,2.0,-3.878940307488339
-0.07757880614976678,-0.012447813413694643,1.0,-5.069742466106943
-0.10139484932213887,-0.017840636678763913,3.0,-4.254353409630262
-0.08508706819260524,-0.012980786511897234,4.0,-2.081382006864499
-0.04162764013728998,-0.0016151426373280263,3.0,-0.7958291092814016
-0.015916582185628032,0.004848271248568333,1.0,-1.7256252162557426
-0.03451250432511485,-1.1578918298386769e-05,4.0,-0.3479357470141611
0.0069587149402832215,0.010284712473732364,1.0,-0.4446106847923983
-0.008892213695847966,0.005959073543356847,1.0,-1.5763865497284226
-0.03152773099456845,3.242699839743068e-05,1.0,-2.765085718706217
-0.055301714374124344,-0.005894219546561985,1.0,-4.01208715755028
-0.08024174315100559,-0.011820866091521389,2.0,-4.225443569712376
-0.08450887139424752,-0.01235383918972398,2.0,-4.33443124777042
-0.0866886249554084,-0.01235383918972398,1.0,-5.524612080092294
-0.11049224160184587,-0.01774666245479325,2.0,-5.789840498020224
-0.11579680996040449,-0.018279635552995843,3.0,-4.859592013514186
-0.09719184027028373,-0.01288681228792657,2.0,-4.863670703365371
-0.09727341406730743,-0.01235383918972398,1.0,-6.0534239331195465
-0.12106847866239093,-0.01774666245479325,0.0,-8.519274169563575
-0.1703854833912715,-0.029112306329362375,4.0,-6.7918667971767785
-0.1358373359435356,-0.019350226173822906,3.0,-5.661459835221251
-0.11322919670442502,-0.012886812287926572,0.0,-7.8510435871272986
-0.15702087174254598,-0.0231831036799573,3.0,-7.177802223744367
-0.14355604447488735,-0.018857464749581745,3.0,-6.143784405778813
-0.12287568811557628,-0.012930818204622377,1.0,-7.239380223848802
-0.14478760447697606,-0.017790668371489057,3.0,-6.413354947310534
-0.1282670989462107,-0.012930818204622377,4.0,-4.241209830499288
-0.08482419660998576,-0.0015651743300531694,2.0,-4.036430594668338
-0.08072861189336676,-0.0004971384588682732,3.0,-2.9620661834119506
-0.05924132366823901,0.004895684806201037,1.0,-3.8897418546901914
-0.07779483709380383,3.583463933431691e-05,1.0,-5.0803157225351505
-0.101606314450703,-0.005890811905625099,3.0,-4.158677313131695
-0.08317354626263389,-0.001030961738758377,3.0,-2.976919984976274
-0.05953839969952548,0.004895684806201037,2.0,-2.8249121532768657
-0.056498243065537315,0.005428657904403627,1.0,-3.858689772219861
-0.07717379544439722,3.58346393343166e-05,1.0,-5.048917278772745
-0.10097834557545489,-0.0058908119056251,2.0,-5.209631141418739
-0.10419262282837478,-0.0064237850038276895,2.0,-5.265992596027456
-0.10531985192054912,-0.0064237850038276895,3.0,-4.241250285164469
-0.08482500570328938,-0.0010309617387583778,3.0,-3.05994022141228
-0.0611988044282456,0.004895684806201037,2.0,-2.907629265557081
-0.05815258531114161,0.005428657904403627,2.0,-2.8598831914861678
-0.057197663829723355,0.005428657904403627,2.0,-2.81227377720254
-0.056245475544050794,0.005428657904403627,2.0,-2.7648080824736825
-0.05529616164947365,0.005428657904403627,3.0,-1.643167212494644
-0.03286334424989288,0.010821481169472933,0.0,-3.604310310398721
-0.07208620620797442,0.0005251897774421811,1.0,-4.9003900966891
-0.098007801933782,-0.005938224108454191,3.0,-3.9805730601686817
-0.07961146120337363,-0.0010783739415874682,3.0,-2.7993947299212523
-0.05598789459842505,0.004848272603371948,3.0,-1.566146607278793
-0.03132293214557586,0.010774919148331362,3.0,-0.28766495773330625
-0.005753299154666125,0.01670156569329073,1.0,-1.1087207109085608
-0.022174414218171217,0.011841715526424048,2.0,-1.1150867665870101
-0.0223017353317402,0.011308742428221457,2.0,-1.0225259656443646
-0.020450519312887293,0.011308742428221457,1.0,-2.0013111742831717
-0.04002622348566343,0.005915919163152147,2.0,-2.0575255873529845
-0.04115051174705969,0.0053829460649495574,3.0,-0.9286664759049451
-0.018573329518098904,0.010775769330018866,0.0,-2.895275753307331
-0.05790551506614662,0.00047947793798811396,2.0,-3.109295824315094
-0.062185916486301875,-0.0005885579331967816,1.0,-4.195292462710915
-0.08390584925421832,-0.005981381198266094,1.0,-5.443077232208594
-0.10886154464417189,-0.011908027743225498,3.0,-4.569847175118642
-0.09139694350237283,-0.00704817757635879,1.0,-5.6105940614870065
-0.11221188122974013,-0.011908027743225498,1.0,-6.906084441656882
-0.13812168883313763,-0.017834674288184863,3.0,-6.082404842121774
-0.12164809684243547,-0.012974824121318184,3.0,-5.005753736744491
-0.10011507473488981,-0.00704817757635879,2.0,-4.958821572229365
-0.09917643144458729,-0.0065152044781562005,3.0,-3.931997681679715
-0.0786399536335943,-0.001122381213086888,1.0,-4.9137578701487525
-0.09827515740297504,-0.00598223137995361,2.0,-5.075145454519485
-0.1015029090903897,-0.0065152044781562005,2.0,-5.1321959690943055
-0.1026439193818861,-0.0065152044781562005,2.0,-5.1893247572694605
-0.10378649514538921,-0.0065152044781562005,2.0,-5.246529262111804
-0.10493058524223609,-0.0065152044781562005,0.0,-7.482850069012693
-0.14965700138025387,-0.01734532050488065,4.0,-5.67407866697078
-0.1134815733394156,-0.007583240349341095,3.0,-4.437866303395936
-0.08875732606791872,-0.00111982646344472,1.0,-5.423281544707136
-0.10846563089414271,-0.0059796766303114425,3.0,-4.499704668177043
-0.08999409336354086,-0.0011198264634447199,4.0,-2.2323998454262894
-0.04464799690852579,0.010245817411124484,0.0,-4.0928097168796675
-0.08185619433759336,0.0004837372555849326,0.0,-6.480304379167148
-0.12960608758334297,-0.011421238543853546,4.0,-4.626203091101519
-0.09252406182203037,-0.0016591583883139925,2.0,-4.421869989518973
-0.08843739979037946,-0.0005911225171290936,2.0,-4.426897552106649
-0.08853795104213298,-0.0005911225171290936,3.0,-3.3508382881435796
-0.06701676576287159,0.0048017007479402175,3.0,-2.1232955787448424
-0.04246591157489685,0.01072834729289963,2.0,-1.9194040159009234
-0.03838808031801847,0.011261320391102222,1.0,-2.9010582153862856
-0.05802116430772571,0.005868497126032912,2.0,-2.9581596246198796
-0.059163192492397584,0.005335524027830323,2.0,-2.9109720885588213
-0.058219441771176425,0.005335524027830323,2.0,-2.8639103710937213
-0.05727820742187443,0.005335524027830323,2.0,-2.816980778173725
-0.0563396155634745,0.005335524027830323,3.0,-1.6893663536391008
-0.033787327072782015,0.01072834729289963,3.0,-0.42131262987389506
-0.008426252597477901,0.016654993837858997,0.0,-2.3225431873808926
-0.04645086374761785,0.006358702445828243,4.0,-0.31960402320362924
-0.006392080464072585,0.016120782601367796,1.0,-1.038667368676518
-0.02077334737353036,0.011795143670992317,2.0,-1.043754139521451
-0.02087508279042902,0.011262170572789727,2.0,-0.9447300602693187
-0.018894601205386375,0.011262170572789727,2.0,-0.8461048771292555
-0.01692209754258511,0.011262170572789727,0.0,-2.918895179349246
-0.05837790358698493,0.00043205454606527814,4.0,-0.9643288791643773
-0.019286577583287546,0.01019413470160483,1.0,-1.7373307648282197
-0.03474661529656439,0.005868495771229311,2.0,-1.7985971883681589
-0.03597194376736318,0.005335522673026722,2.0,-1.7507800028049139
-0.03501560005609828,0.005335522673026722,2.0,-1.703139267901942
-0.03406278535803884,0.005335522673026722,2.0,-1.655690215272715
-0.033113804305454304,0.005335522673026722,2.0,-1.6084498088104326
-0.03216899617620865,0.005335522673026722,1.0,-2.6426477710448353
-0.052852955420896706,-5.730059204258823e-05,1.0,-3.8334025673525924
-0.07666805134705185,-0.005983947137002005,0.0,-6.172906023247116
-0.12345812046494231,-0.017349591011571207,4.0,-4.365129681970182
-0.08730259363940365,-0.007587510856031654,4.0,-2.041929366994776
-0.040838587339895524,0.004317464943406822,1.0,-2.8657350824506573
-0.057314701649013144,-8.173986968698773e-06,1.0,-4.057738916445367
-0.08115477832890736,-0.005934820531928116,4.0,-2.044896554604047
-0.04089793109208094,0.0043614708601026324,0.0,-3.9593678147776865
-0.07918735629555373,-0.005400609295436917,2.0,-4.225225462555969
-0.08450450925111938,-0.006468645166621812,3.0,-3.200700723142867
-0.06401401446285734,-0.0010758219015525,4.0,-0.933778240887966
-0.01867556481775932,0.010289821973016701,2.0,-0.624047043335151
-0.012480940866703021,0.011357857844201598,3.0,-0.5583576239304814
0.011167152478609627,0.01675068110927087,1.0,-0.26687999956911795
-0.005337599991382358,0.01189083094240419,1.0,-1.3531608481146398
-0.027063216962292795,0.0059641843974447845,0.0,-3.5819113280891535
-0.07163822656178306,-0.005401459477124417,1.0,-4.936408734973065
-0.0987281746994613,-0.011864873363020775,4.0,-2.9712874300886645
-0.059425748601773284,-0.0015685819709900216,2.0,-2.7669374025762505
-0.055338748051525014,-0.000500546099805126,3.0,-1.6912073776883583
-0.03382414755376716,0.004892277165264186,3.0,-0.4575009169203701
-0.009150018338407402,0.010818923710223598,2.0,-0.25282505852847353
-0.005056501170569471,0.011351896808426189,1.0,-1.234502244858804
-0.02469004489717608,0.00595907354335688,2.0,-1.29145479833198
-0.025829095966639598,0.005426100445154291,2.0,-1.244296439739277
-0.02488592879478554,0.005426100445154291,2.0,-1.1975038640964444
-0.02395007728192889,0.005426100445154291,1.0,-2.2312636082741575
-0.04462527216548315,3.3277180084980226e-05,1.0,-3.421872521849175
-0.0684374504369835,-0.005893369364874437,4.0,-1.412416691643115
-0.0282483338328623,0.004402922027156311,2.0,-1.154444579090722
-0.02308889158181444,0.005470957898341206,4.0,-1.065495082770997
0.02130990165541994,0.016301073925065655,2.0,-1.4274517904022348
0.028549035808044698,0.017369109796250552,3.0,-2.6615297784938234
0.05323059556987647,0.022761933061319874,2.0,-2.970650070911947
0.059413001418238943,0.02329490615952247,3.0,-4.2565982530396616
0.08513196506079324,0.028687729424591833,2.0,-4.617584824808722
0.09235169649617445,0.029220702522794424,1.0,-3.7929372547703077
0.07585874509540616,0.02382787925772506,1.0,-2.800301179436337
0.056006023588726736,0.01790123271276562,2.0,-2.8481265051769755
0.05696253010353951,0.017368259614563033,1.0,-1.9192748487245945
0.03838549697449189,0.011975436349493761,0.0,-0.26336421471070487
-0.005267284294214097,0.0006097924749245529,3.0,0.0
