Lateral Error,Yaw Error,Action,Reward
-0.00044591993158003845,-0.0008186989133216362,1.0,-0.067873292509604
0.00026616977454746666,-0.0008186989133216362,1.0,-0.37901508848149706
-0.0014863336803195963,-0.0008186989133216362,1.0,-0.2850766310102236
-0.0011179475725891122,-0.0008186989133216362,1.0,-0.24253743451824758
-0.0009511271941892062,-0.0008186989133216362,1.0,-0.531543863357114
-0.002084485738655349,-0.0008186989133216362,1.0,-0.39086226448576683
-0.0015327931940618306,-0.0008186989133216362,1.0,-0.25089283423069386
-0.0009838934675713484,-0.0008186989133216362,1.0,-0.5977057628035697
-0.0023439441678571363,-0.0008186989133216362,1.0,-0.46191494556652823
-0.0018114311590844245,-0.0008186989133216362,1.0,-0.3307841113624528
-0.0012971925935782462,-0.0008186989133216362,1.0,-0.21309695695844666
-0.0008356743410135164,-0.0008186989133216362,1.0,-0.5915869382648439
-0.002319948777509192,-0.0008186989133216362,1.0,-0.48156684254662463
-0.0018884974217514693,-0.0008186989133216362,1.0,-0.39214489094984534
-0.0015378231017640993,-0.0008186989133216362,1.0,-0.728426376204437
-0.0028565740243311254,-0.0008186989133216362,1.0,-0.587498669564469
-0.0023039163512332114,-0.0008186989133216362,1.0,-0.446815242883126
-0.001752216638757357,-0.0008186989133216362,1.0,-0.3067124209228773
-0.0012027938075406953,-0.0008186989133216362,1.0,-0.6781566729047814
-0.0026594379329599274,-0.0008186989133216362,1.0,-0.5479639171155317
-0.0021488781063354187,-0.0008186989133216362,1.0,-0.4249375357142454
-0.0016664217086833153,-0.0008186989133216362,1.0,-0.806632407431948
-0.0031632643428703847,-0.0008186989133216362,1.0,-0.6905813703666037
-0.002708162236731779,-0.0008186989133216362,1.0,-0.5932502712828092
-0.0023264716520894476,-0.0008186989133216362,1.0,-0.45256048810448973
-0.0017747470121744695,-0.0008186989133216362,1.0,-0.79491768796939
-0.0031173242665466275,-0.0008186989133216362,1.0,-0.6562762948960574
-0.0025736325290041467,-0.0008186989133216362,1.0,-0.5190785038713956
-0.0020356019759662576,-0.0008186989133216362,1.0,-0.8948662447753314
-0.0035092793912758096,-0.0008186989133216362,1.0,-0.7651593608895819
-0.0030006249446650275,-0.0008186989133216362,1.0,-0.6403839257967158
-0.0025113095129282973,-0.0008186989133216362,1.0,-1.0225921195081025
-0.004010165174541579,-0.0008186989133216362,1.0,-0.9034692586480466
-0.003543016700580575,-0.0008186989133216362,1.0,-0.7894358657821031
-0.003095826924635698,-0.0008186989133216362,1.0,-0.6483744036146789
-0.0025426447200575645,-0.0008186989133216362,1.0,-1.0064748588595869
-0.003946960230821909,-0.0008186989133216362,1.0,-0.8695466382984369
-0.003409986816856615,-0.0008186989133216362,1.0,-0.7342823327433426
-0.0028795385597778144,-0.0008186989133216362,1.0,-1.111770113844199
-0.004359882799389017,-0.0008186989133216362,1.0,-0.9823600702492741
-0.003852392432350094,-0.0008186989133216362,1.0,-0.8567200841268949
-0.003359686604419196,-0.0008186989133216362,1.0,-0.736781358895455
-0.002889338662335118,-0.0008186989133216362,1.0,-1.1180200537178677
-0.004384392367521051,-0.0008186989133216362,1.0,-0.9943993940828236
-0.0038996054669914655,-0.0008186989133216362,1.0,-0.8545910168590743
-0.003351337321015978,-0.0008186989133216362,1.0,-1.2200193520396547
-0.004784389615841783,-0.0008186989133216362,1.0,-1.0843810234762095
-0.004252474601867487,-0.0008186989133216362,1.0,-0.9503981597954464
-0.003727051607040966,-0.0008186989133216362,1.0,-1.3287731345124218
-0.005210875037303615,-0.0008186989133216362,1.0,-1.1995631849341093
-0.004704169352682782,-0.0008186989133216362,1.0,-1.0734081701011053
-0.00420944380431806,-0.0008186989133216362,1.0,-0.951523955543727
-0.0037314664923283414,-0.0008186989133216362,1.0,-1.333431305570005
-0.005229142374784334,-0.0008186989133216362,1.0,-1.2036649827452097
-0.0047202548342949405,-0.0008186989133216362,1.0,-1.0651855762707694
-0.004177198338316743,-0.0008186989133216362,1.0,-1.4346640248334672
-0.0056261334307194785,-0.0008186989133216362,1.0,-1.3000042765082547
-0.005098055986306881,-0.0008186989133216362,1.0,-1.1669193832786295
-0.004576154444229919,-0.0008186989133216362,1.0,-1.0360164325657362
-0.004062809539473475,-0.0008186989133216362,1.0,-1.416767598670826
-0.0055559513673365726,-0.0008186989133216362,1.0,-1.2902708877202829
-0.005059885834197187,-0.0008186989133216362,1.0,-1.1671790659948782
-0.004577172807823052,-0.0008186989133216362,1.0,-1.5533705209825739
-0.006091649101892447,-0.0008186989133216362,1.0,-1.4153256492366513
-0.005550296663673142,-0.0008186989133216362,1.0,-1.2779956512679889
-0.0050117476520313295,-0.0008186989133216362,1.0,-1.6499795683331813
-0.006470508111110515,-0.0008186989133216362,1.0,-1.5160798464361263
-0.005945411162494613,-0.0008186989133216362,1.0,-1.3836557010202588
-0.00542610078831474,-0.0008186989133216362,1.0,-1.2531749959623222
-0.004914411748871852,-0.0008186989133216362,1.0,-1.6339727934098078
-0.0064077364447443445,-0.0008186989133216362,1.0,-1.5072328601522917
-0.005910717098636439,-0.0008186989133216362,1.0,-1.383319982211463
-0.005424784243966522,-0.0008186989133216362,1.0,-1.7655990697378225
-0.006923917920540481,-0.0008186989133216362,1.0,-1.6284477464914324
-0.006386069594084049,-0.0008186989133216362,1.0,-1.4920735653412591
-0.005851268883691212,-0.0008186989133216362,1.0,-1.3567108973803397
-0.005320434891687606,-0.0008186989133216362,1.0,-1.7324384980614898
-0.006793876462986234,-0.0008186989133216362,1.0,-1.600519733657184
-0.006276547975126212,-0.0008186989133216362,1.0,-1.4703479722262396
-0.005766070479318586,-0.0008186989133216362,1.0,-1.851178494237955
-0.00725952350681551,-0.0008186989133216362,1.0,-1.7242566203187324
-0.006761790667916598,-0.0008186989133216362,1.0,-1.5997498058259263
-0.006273528650297751,-0.0008186989133216362,1.0,-1.9789083459387962
-0.007760424886034495,-0.0008186989133216362,1.0,-1.8425242195652638
-0.007225585174765741,-0.0008186989133216362,1.0,-1.706942363141235
-0.006693891620161705,-0.0008186989133216362,1.0,-1.5723703240111844
-0.006166158133377194,-0.0008186989133216362,1.0,-1.948985958216994
-0.007643082189086251,-0.0008186989133216362,1.0,-1.8174657640935017
-0.0071273167219353005,-0.0008186989133216362,1.0,-1.687529796868832
-0.006617763909289538,-0.0008186989133216362,1.0,-2.0683845417186038
-0.008111311928308251,-0.0008186989133216362,1.0,-1.9413214462496424
-0.007613025279410363,-0.0008186989133216362,1.0,-1.8242032053757775
-0.007153738060297167,-0.0008186989133216362,1.0,-1.6866683142779366
-0.006614385546187987,-0.0008186989133216362,1.0,-2.0572571553604697
-0.008067675119060664,-0.0008186989133216362,1.0,-1.9223368603727915
-0.007538575923030555,-0.0008186989133216362,1.0,-1.7884044507765011
-0.007013350787358828,-0.0008186989133216362,1.0,-2.1656655900794575
-0.008492806235605716,-0.0008186989133216362,1.0,-2.0344675609219904
-0.007978304160478395,-0.0008186989133216362,1.0,-1.9047174431334333
-0.007469480169150719,-0.0008186989133216362,1.0,-1.7767324765571364
-0.006967578339439751,-0.0008186989133216362,1.0,-2.158414948426626
-0.008464372346771085,-0.0008186989133216362,1.0,-2.543446569286512
-0.009974300271711811,-0.055116115649316434,1.0,-3.4246584441478696
-0.01343003311430537,-0.055116115649316434,1.0,-4.819234401525832
-0.018898958437356204,-0.055116115649316434,1.0,-6.2160965862293605
-0.024376849357762194,-0.055116115649316434,1.0,-7.104004899641616
-0.027858842743692613,-0.055116115649316434,1.0,-8.502427028156829
-0.033342851090811094,-0.055116115649316434,1.0,-9.901199266696791
-0.03882823241841878,-0.055116115649316434,1.0,-10.797784196287271
-0.04234425175014617,-0.055116115649316434,1.0,-12.19388812798301
-0.04781916912934514,-0.055116115649316434,1.0,-13.590723807091523
-0.053296956106241265,-0.055116115649316434,1.0,-14.988086646341134
-0.05877681037780837,-0.055116115649316434,0.0,-17.858715083554777
-0.07003417679825402,-0.06158348978968191,1.0,-19.50876888365658
-0.07650497601433952,-0.06192351857205585,1.0,-21.05867298533795
-0.08258303131505079,-0.06192351857205585,1.0,-22.098746353342765
-0.08666175040526575,-0.06192351857205585,1.0,-23.648951253488484
-0.09274098530779798,-0.06192351857205585,1.0,-25.199269354704377
-0.09882066413609561,-0.06192351857205585,1.0,-26.749680974781487
-0.10490070970502544,-0.06192351857205585,1.0,-27.79017746039449
-0.10898108807997839,-0.06192351857205585,1.0,-29.340737549947196
-0.11506171588214587,-0.06192351857205585,1.0,-30.89135432916659
-0.12114256599673172,-0.06192351857205585,1.0,-31.932041385213058
-0.12522369170671788,-0.06192351857205585,1.0,-33.482754065267955
-0.13130491790301158,-0.06192351857205585,1.0,-35.031405791241376
-0.13737806192643678,-0.06192351857205585,1.0,-36.071564986196336
-0.1414571175929268,-0.06192351857205585,1.0,-37.6218013895129
-0.14753647603730552,-0.06192351857205585,1.0,-39.17210812109938
-0.15361611027882108,-0.06192351857205585,1.0,-40.72247714875433
-0.1596959888186444,-0.06192351857205585,1.0,-41.76290462258628
-0.16377609655916187,-0.06192351857205585,1.0,-43.313380766778955
-0.16985639516383905,-0.06192351857205585,1.0,-44.863901747410345
-0.17593686959768765,-0.06192351857205585,1.0,-45.904473650123876
-0.180017543725976,-0.06192351857205585,1.0,-47.45507441887803
-0.1860983310544236,-0.06192351857205585,1.0,-49.004205923796974
-0.19217335656390971,-0.06192351857205585,1.0,-50.04440161917665
-0.1962525553693202,-0.06192351857205585,1.0,-51.594651921474345
-0.20233196831950723,-0.06192351857205585,1.0,-53.14495325047635
-0.20841158137441704,-0.06192351857205585,1.0,-56.225299093381516
-0.22049136899365301,-0.13964455287047767,2.0,-57.32906900424926
-0.22481987844803633,-0.1331771787301122,2.0,-58.05290480574325
-0.22765845021860098,-0.12750702344302972,2.0,-58.30422859958552
-0.2286440337238648,-0.12069886193415028,2.0,-59.31066940607874
-0.23259086041599505,-0.11502870664706782,2.0,-59.36049322091613
-0.2327862479251613,-0.10822054513818838,2.0,-59.63478271281113
-0.2338618929914162,-0.10255038985110597,2.0,-59.45812897000541
-0.23316913321570748,-0.0957422283422265,2.0,-59.42496927052502
-0.2330390951785295,-0.09007207305514385,2.0,-59.093887966688975
-0.23174073712427048,-0.08326391154626442,1.0,-60.850132523121125
-0.23862797067890637,-0.08292388276389047,2.0,-60.41140878070064
-0.2369074854145123,-0.07645650862352502,1.0,-62.01619051348879
-0.24320074711172074,-0.07611647984115107,1.0,-63.72134793949252
-0.24988763897840202,-0.07611647984115107,2.0,-63.25883118752048
-0.24807384779419794,-0.06964910570078561,1.0,-64.71132763779725
-0.2537699123050873,-0.06930907691841166,1.0,-66.26423357886449
-0.2598597395249588,-0.06930907691841166,1.0,-67.8171712141643
-0.2659496910359384,-0.06930907691841166,2.0,-67.23664281480092
-0.2636731090776507,-0.06284170277804621,1.0,-68.53625304000974
-0.26876961976474406,-0.06250167399567226,1.0,-69.93632457302385
-0.2742600963647995,-0.06250167399567226,1.0,-71.33647702175426
-0.2797508902813893,-0.06250167399567226,1.0,-72.85748834068501
-0.28571564055170595,-0.06250167399567226,2.0,-72.03136183747759
-0.2824759287744219,-0.056034299855306606,1.0,-72.81577880904376
-0.2855520737609559,-0.05569427107293266,1.0,-74.0619671710037
-0.2904390869451125,-0.05569427107293266,1.0,-75.30831174049139
-0.2953267127078093,-0.05569427107293266,1.0,-76.55480488813343
-0.30021492112993503,-0.05569427107293266,1.0,-77.93313798371076
-0.30562014895572853,-0.05569427107293266,0.0,-81.76838578800808
-0.32066033642356107,-0.06897330857376784,2.0,-81.42807107491161
-0.319325768921222,-0.06366294259684173,2.0,-80.73409212347153
-0.3166042828371432,-0.05799278730975908,0.0,-83.80098083371578
-0.3286312973871207,-0.06355271962260464,2.0,-83.85424317581689
-0.32884016931692905,-0.05824235364567833,2.0,-82.70913652010789
-0.32434955498081525,-0.052572198358595675,1.0,-84.29404994118451
-0.3305649017301353,-0.05234557268196339,0.0,-87.35402434617416
-0.3425648013575457,-0.05881294682232923,2.0,-86.83602851570059
-0.34053344515961015,-0.053502580845402915,2.0,-86.1000178977776
-0.33764712901089255,-0.04783242555832026,1.0,-86.94150067786691
-0.34094706148183107,-0.04760579988168798,1.0,-88.49033907366419
-0.34702093754378116,-0.04760579988168798,2.0,-86.92296019667452
-0.3408743537124491,-0.041138425741322135,1.0,-87.74043447793879
-0.34408013520760317,-0.04079839695894819,1.0,-88.4936279395032
-0.34703383505687524,-0.04079839695894819,1.0,-89.89429754894073
-0.3525266570546695,-0.04079839695894819,0.0,-92.63481394373304
-0.3632737801715021,-0.047265771099314034,2.0,-91.91099027552279
-0.3604352559824423,-0.041955405122387726,2.0,-90.96677928746892
-0.3567324677939958,-0.036285249835305074,1.0,-91.71655621265649
-0.35967276946139803,-0.03605862415867278,1.0,-92.36159942154373
-0.3622023506727205,-0.03605862415867278,1.0,-93.17866661863286
-0.3654065357593445,-0.03605862415867278,1.0,-94.30378663664608
-0.3698187711241023,-0.03605862415867278,1.0,-95.12066172357972
-0.3730222028375675,-0.03605862415867278,1.0,-95.7656062639552
-0.3755513971135499,-0.03605862415867278,2.0,-94.65300254937168
-0.3711882452916536,-0.029591250018306946,0.0,-96.89104069339622
-0.3799648654642989,-0.034901615995233254,2.0,-95.94693962767275
-0.37626250834381475,-0.029591250018306946,1.0,-96.51805149385501
-0.378502162721,-0.029251221235933003,1.0,-97.00728849280549
-0.38042073918747255,-0.029251221235933003,1.0,-97.67901361274308
-0.3830549553440905,-0.029251221235933003,1.0,-97.03323975961497
-0.3805225088612352,0.044860319629177595,0.0,-97.84138156456409
-0.38369169241005524,0.03839294548881176,0.0,-98.58399109205388
-0.38660388663550543,0.03272279020172911,1.0,-97.80989563456546
-0.3835682181747665,0.032496164525096814,1.0,-96.96914449061232
-0.38027115486514634,0.032496164525096814,1.0,-96.29183854846117
-0.3776150531312203,0.032496164525096814,1.0,-95.9340296895534
-0.3762118811355035,0.032496164525096814,1.0,-95.25669197938387
-0.37355565482111325,0.032496164525096814,1.0,-94.41569364824805
-0.37025762214999236,0.032496164525096814,1.0,-93.57498244383149
-0.36696071546600584,0.032496164525096814,1.0,-92.89760819627541
-0.36430434586774674,0.032496164525096814,1.0,-92.05662547941601
-0.36100637442908246,0.032496164525096814,1.0,-91.21593760294944
-0.3577095592272527,0.032496164525096814,1.0,-90.53852493196882
-0.35505303894889734,0.032496164525096814,1.0,-89.69755865557133
-0.35175513198263264,0.032496164525096814,1.0,-89.50338024639052
-0.35099364802506083,0.032496164525096814,1.0,-88.66243057059522
-0.34769580615919693,0.032496164525096814,1.0,-87.82178776306138
-0.34439916769827994,0.032496164525096814,1.0,-87.14429821506072
-0.34174234594141456,0.032496164525096814,1.0,-86.3033665414927
-0.33844457467252037,0.032496164525096814,1.0,-85.46275056101331
-0.3351480414157385,0.032496164525096814,1.0,-84.78521683522109
-0.3324910464126317,0.032496164525096814,1.0,-83.94430418223394
-0.3291933497342507,0.032496164525096814,1.0,-83.26735349523746
-0.32653864115779396,0.032496164525096814,1.0,-82.90918015163523
-0.32513403981033423,0.032496164525096814,1.0,-82.06861546024716
-0.32183770768724373,0.032496164525096814,1.0,-81.39099449771497
-0.31918037057927434,0.05595513723775394,0.0,-81.57101958336327
-0.31988635130730697,0.049487763097388095,0.0,-82.16953057658245
-0.32223345324149977,0.04381760781030544,0.0,-82.6511173306755
-0.3241220287477471,0.03700944630142556,0.0,-83.72722950942422
-0.328342076507546,0.03133929101434291,0.0,-84.68217199705312
-0.3320869490080514,0.02453112950546346,0.0,-85.9677075134023
-0.33712826475844043,0.01886097421838081,1.0,-85.54903121958883
-0.335486396939564,0.018634348541748513,1.0,-85.0635561568731
-0.33358257316420825,0.018634348541748513,1.0,-84.57821684968373
-0.3316792817634656,0.018634348541748513,1.0,-84.1988282514099
-0.3301914833388624,0.018634348541748513,1.0,-83.71312783331676
-0.32828677581692844,0.018634348541748513,1.0,-83.72648780718289
-0.32833916787130546,0.018634348541748513,1.0,-83.24119676099944
-0.32643606572940953,0.018634348541748513,1.0,-82.86164260580537
-0.32494761806198186,0.018634348541748513,1.0,-82.37598440272393
-0.3230430760891135,0.018634348541748513,0.0,-83.56966669737109
-0.3277241831269454,0.012166974401383063,1.0,-83.83924824392757
-0.3287813656624611,0.011826945619009111,1.0,-83.50780739147085
-0.3274815976136111,0.011826945619009111,1.0,-83.17652828755125
-0.32618246387275,0.011826945619009111,0.0,-84.56202817551188
-0.3316157967667133,0.005359571478643661,1.0,-84.48521939852485
-0.331314585876568,0.00501954269626971,1.0,-84.3925120539332
-0.33095102766248313,0.00501954269626971,1.0,-84.71785014066508
-0.3322268632967258,0.00501954269626971,0.0,-86.28542909607123
-0.3383742317492989,-0.00144783144409574,0.0,-88.29275339520902
-0.34624609174591775,-0.007117986731178391,0.0,-90.3019784790525
-0.35412540580020585,-0.013926148240057836,0.0,-92.65119957035574
-0.36333803753080685,-0.019596303527140268,0.0,-94.45370817757374
-0.3704066987355833,0.06613930569757687,0.0,-94.60216246475221
-0.3709888724107929,0.06046915041049443,2.0,-91.62340616473098
-0.35930747515580774,0.06602908272333964,0.0,-91.64920821710989
-0.35940865967494073,0.060718716746413666,0.0,-91.9431328923553
-0.36056130546021686,0.05504856145933124,0.0,-92.22093046041593
-0.3616507076879056,0.04824039995045175,0.0,-92.85395351336763
-0.3641331510328142,0.042570244663369276,0.0,-93.49256801827859
-0.3666375216403082,0.03576208315448979,0.0,-94.46735978222777
-0.37046023444010895,0.03009192786740735,0.0,-95.46968602462745
-0.3743909255867743,0.023283766358527903,0.0,-96.78740866170263
-0.37955846534001025,0.017613611071445472,0.0,-98.15446023493199
-0.3849194519016941,0.010805449562566027,0.0,-99.81476612520045
-0.39143045539294297,0.005135294275483596,0.0,-101.54573965253664
-0.3982185868726927,-0.0016728672333958527,0.0,-103.54691300105016
-0.4060663254943144,-0.007343022520478504,1.0,-103.77160672546007
-0.4069474773547454,-0.007569648197110802,0.0,-106.26493444059886
-0.4167252331003877,-0.014037022337476251,0.0,-108.20408944593247
-0.42432976253306853,-0.019707177624558904,2.0,-106.54457192823027
-0.41782185069894223,0.07167825174847181,0.0,-106.16407442135215
-0.4163297036131457,0.06636788577154584,0.0,-106.05129257733728
-0.41588742187191086,0.06069773048446319,0.0,-106.06335461314124
-0.41593472397310294,0.053889568975583745,0.0,-106.42048373324246
-0.41733523032644104,0.04821941368850109,0.0,-107.29930254260927
-0.42078157859846776,0.04141125217962121,0.0,-107.87652801883416
-0.42304520791699673,0.03574109689253856,0.0,-108.63209332855159
-0.42600820913157483,0.02893293538365867,1.0,-108.39620372918624
-0.42508315187916174,0.028592906601284728,1.0,-107.5758042796665
-0.4218658991359471,0.028592906601284728,1.0,-107.23955017535725
-0.4205472555896363,0.028592906601284728,1.0,-106.25901808748989
-0.4167020317156466,0.028592906601284728,1.0,-105.43839252926686
-0.4134838922716348,0.028592906601284728,1.0,-105.10212956797386
-0.41216521399205436,0.028592906601284728,1.0,-104.28177707960916
-0.40894814541023194,0.028592906601284728,1.0,-103.9455250824647
-0.4076295101273125,0.028592906601284728,1.0,-104.09334299338371
-0.40820918820934793,-0.03769869488887888,2.0,-102.7639578599593
-0.40299591317631095,-0.03123132074851304,2.0,-101.5674131238983
-0.3983035808780325,-0.025561165461430387,1.0,-101.86894274005546
-0.3994860499610018,-0.0253345397847981,1.0,-102.37871289824272
-0.4014851486205597,-0.0253345397847981,1.0,-102.88885464913355
-0.4034857045064061,-0.0253345397847981,1.0,-103.25704239376198
-0.4049295780147529,-0.0253345397847981,1.0,-104.25690033727955
-0.40885058955795894,-0.0253345397847981,2.0,-102.59431498182532
-0.4023306469875503,-0.01886716564443226,1.0,-102.84778210833943
-0.4033246357189782,-0.01852713686205832,1.0,-103.20203095626499
-0.4047138468873137,-0.01852713686205832,1.0,-103.42485314387591
-0.40558765938774866,-0.01852713686205832,1.0,-104.27173949323856
-0.4089087823264257,-0.01852713686205832,1.0,-104.49515774715198
-0.4097849323417725,-0.01852713686205832,1.0,-104.8488186707674
-0.411171837924578,-0.01852713686205832,1.0,-105.20287931147672
-0.4125603110253989,-0.01852713686205832,1.0,-105.42596443765738
-0.41343515465747993,-0.01852713686205832,1.0,-106.27278504924253
-0.4167560198009511,-0.01852713686205832,1.0,-106.6268248882089
-0.4181444113263094,-0.01852713686205832,1.0,-106.84993776113802
-0.4190193637691687,-0.01852713686205832,1.0,-107.20381694792873
-0.420407125285995,-0.01852713686205832,2.0,-105.4388837925722
-0.4134858187944007,-0.012059762721692709,1.0,-106.03203193320739
-0.41581188993414664,-0.08298586035038368,2.0,-105.27314026809782
-0.41283584418861896,-0.07651848621001822,2.0,-105.15370394231968
-0.41236746644046934,-0.07084833092293558,2.0,-104.10191609782622
-0.4082428082267695,-0.06404016941405613,2.0,-103.3705118232823
-0.4053745561697345,-0.05837001412697348,2.0,-102.04110066652777
-0.4001611790844226,-0.05156185261809403,2.0,-101.09302223336044
-0.39644322444455077,-0.04589169733101142,2.0,-100.09445830220011
-0.3925272874596083,-0.039083535822131976,2.0,-98.92989782251917
-0.3879603836177222,-0.033413380535049546,2.0,-97.2790806749708
-0.3814865908822384,-0.026605219026170104,1.0,-97.60701342889062
-0.382772601681924,-0.02626519024379616,2.0,-96.4547347744944
-0.3782538618607624,-0.019797816103430725,1.0,-96.60996295421302
-0.37886259982044324,-0.019457787321056783,1.0,-96.885612678989
-0.37994357913329024,-0.019457787321056783,1.0,-97.67091682265584
-0.3830232032261013,-0.019457787321056783,1.0,-97.94660082786275
-0.38410431697201075,-0.019457787321056783,1.0,-98.22230620862462
-0.385185514543626,-0.019457787321056783,1.0,-98.49803278544483
-0.3862667952370386,-0.019457787321056783,1.0,-99.28338022854228
-0.3893465891315384,-0.019457787321056783,1.0,-99.55913937882806
-0.3904279975640316,-0.019457787321056783,1.0,-99.83491914432612
-0.3915094868404946,-0.019457787321056783,0.0,-102.70671568070634
-0.4027714340419856,-0.025925161461422225,2.0,-101.40595218021946
-0.397670400706743,-0.020614795484496257,2.0,-99.91365113543414
-0.3918182397468005,-0.014944640197413806,0.0,-102.34679304682506
-0.4013599727326473,-0.020504572510259028,2.0,-100.97531037706555
-0.3959816093218257,-0.015194206533333043,0.0,-103.84615033728981
-0.4072398052442738,-0.05850848612190201,2.0,-103.48005714656584
-0.40580414567280726,-0.05319812014497603,2.0,-102.40346152271924
-0.4015822020498794,-0.04752796485789356,2.0,-100.8831909806148
-0.3956203567867247,-0.04071980334901408,2.0,-100.09602168709172
-0.39253341838075184,-0.035049648061931594,2.0,-98.39518016643837
-0.38586345163309166,-0.02824148655305215,1.0,-98.92618991345148
-0.38794584279784894,-0.02790145777067821,1.0,-99.5576674090244
-0.39042222513342906,-0.02790145777067821,2.0,-98.33310022000735
-0.3856200008627739,-0.02143408363031277,0.0,-100.33838931072061
-0.3934838796498848,-0.02674444960723874,2.0,-99.4596038693067
-0.3900376622325753,-0.02143408363031277,1.0,-99.83694711757121
-0.3915174396767499,-0.02109405484793883,1.0,-100.31478000465607
-0.3933912941359062,-0.02109405484793883,2.0,-98.51775529093408
-0.38634413839581994,-0.014626680707573388,1.0,-98.74096340517754
-0.38721946433402954,-0.014286651925199447,1.0,-99.06468342578037
-0.38848895461090344,-0.014286651925199447,1.0,-99.43785768408515
-0.38995238307484364,-0.014286651925199447,1.0,-99.76125546243348
-0.3912206096566019,-0.014286651925199447,1.0,-100.08478957172025
-0.39248937086949115,-0.014286651925199447,1.0,-100.40845869409699
-0.39375866154547834,-0.014286651925199447,1.0,-100.73226152810682
-0.3950284765808111,-0.014286651925199447,2.0,-98.83714294687152
-0.3875966390073393,-0.007819277784834005,1.0,-98.90617227817943
-0.3878673422673703,-0.007479249002460064,1.0,-99.07572619570428
-0.3885322595909972,-0.007479249002460064,1.0,-99.30561988615351
-0.3894338034751118,-0.007479249002460064,1.0,-99.4748511455253
-0.3900974554726483,-0.007479249002460064,1.0,-99.64423130908136
-0.39076169140816225,-0.007479249002460064,1.0,-99.8137596187676
-0.39142650830889253,-0.007479249002460064,1.0,-99.9834353210101
-0.39209190321964743,-0.007479249002460064,1.0,-100.21293860095459
-0.3929919160821748,-0.007479249002460064,1.0,-100.38229453126748
-0.3936560569853626,-0.007479249002460064,1.0,-100.55179760197066
-0.39432077490968886,-0.007479249002460064,1.0,-100.72144707020101
-0.39498606694196475,-0.007479249002460064,1.0,-100.95102980842034
-0.39588639140556997,-0.007479249002460064,1.0,-101.1203618529629
-0.3965504386390702,-0.007479249002460064,1.0,-101.28984004563256
-0.39721505900248066,-0.007479249002460064,1.0,-101.45946365405058
-0.3978802496237278,-0.007479249002460064,1.0,-101.1828229234112
-0.3967953840133772,-0.007479249002460064,1.0,-101.35205826156825
-0.39745905200614995,-0.007479249002460064,1.0,-101.52143973695578
-0.3981232930861011,-0.007479249002460064,1.0,-101.69096661933386
-0.3987881043895446,-0.007479249002460064,1.0,-101.92093273276245
-0.39968993228534294,-0.007479249002460064,1.0,-102.09014525306725
-0.4003535107963422,-0.007479249002460064,2.0,-100.53801718163426
-0.39426673404562457,-0.0010118748620946171,1.0,-100.4531052304881
-0.39393374600191416,-0.0006718460797206668,1.0,-100.53913685250885
-0.3942711249117994,-0.0006718460797206668,1.0,-100.55428254445779
-0.3943305197821874,-0.0006718460797206668,1.0,-100.56957985254026
-0.3943905092256481,-0.0006718460797206668,1.0,-100.58502870758144
-0.39445109297090764,-0.0006718460797206668,1.0,-100.16619963376979
-0.3928086260147835,-0.0006718460797206668,1.0,-100.18124371522457
-0.39286762241264533,-0.0006718460797206668,1.0,-100.1964400080607
-0.39292721571788514,-0.0006718460797206668,1.0,-100.21178844303337
-0.3929874056589544,-0.0006718460797206668,0.0,-102.51906866721536
-0.4020355634008446,-0.007139220220086118,2.0,-100.75281599370025
-0.39510908232823627,-0.0018288542431601506,0.0,-102.72432527199214
-0.40284049126271426,-0.007139220220086118,2.0,-101.0231717018335
-0.3961693007915039,-0.0018288542431601506,2.0,-99.54272346619486
-0.3903636214360583,0.0038413010439225007,0.0,-100.93399513561008
-0.39581958876709833,-0.0017186312689227079,2.0,-99.64909123341188
-0.3907807499349486,0.003591734708003259,0.0,-100.96315377600844
-0.3959339363765037,-0.0017186312689227079,2.0,-99.60455271998902
-0.39060608909799616,0.003591734708003259,0.0,-100.92295166922034
-0.395776281055766,-0.0017186312689227079,2.0,-99.63760001886084
-0.39073568634847383,0.003591734708003259,0.0,-100.95205332878402
-0.39589040521091773,-0.0017186312689227079,2.0,-99.5931243234417
-0.39056127185663414,0.003591734708003259,0.0,-100.91191386852839
-0.39573299556285646,-0.0017186312689227079,2.0,-99.12215167362152
-0.3887143202887118,0.003591734708003259,0.0,-100.94095853312707
-0.3958468962083415,-0.0017186312689227079,2.0,-99.07753277543026
-0.3885393442173736,0.003591734708003259,0.0,-100.90088173539371
-0.3956897322956616,-0.0017186312689227079,2.0,-99.11065308956809
-0.3886692278022278,0.003591734708003259,0.0,-100.92986939090129
-0.3958034093760835,-0.0017186312689227079,2.0,-99.06609733092614
-0.3884944993369652,0.003591734708003259,0.0,-100.88985527167546
-0.3956464912614724,-0.0017186312689227079,2.0,-99.09916017132589
-0.3886241575346113,0.003591734708003259,0.0,-100.91878590397039
-0.3957599447214525,-0.0017186312689227079,2.0,-99.0546675693968
-0.38844967674273256,0.003591734708003259,0.0,-100.87883447923264
-0.395603272467579,-0.0017186312689227079,2.0,-99.0876729208663
-0.3885791094935933,0.003591734708003259,0.0,-100.40247555008449
-0.3937351982356254,-0.0017186312689227079,2.0,-99.04324349280961
-0.3884048764423906,0.003591734708003259,0.0,-100.3624056488002
-0.39357806136784396,-0.0017186312689227079,2.0,-99.07619134016085
-0.38853408368690523,0.003591734708003259,0.0,-100.39138687761492
-0.39369171324554875,-0.0017186312689227079,0.0,-102.48266682819481
-0.40189281109096003,-0.00738878655600528,2.0,-100.64143412388724
-0.39467229068191073,-0.001828854243160071,2.0,-99.23260579984492
-0.38914747372488206,0.0038413010439225805,0.0,-100.62144830564071
-0.39459391492408125,-0.0017186312689226283,2.0,-99.26156904235529
-0.38926105506805997,0.0035917347080033383,0.0,-100.58149689670604
-0.39443724273218056,-0.0017186312689226283,2.0,-99.29439923125591
-0.3893898009068859,0.0035917347080033383,0.0,-100.61037039305793
-0.39455047212963895,-0.0017186312689226283,2.0,-99.25016221301384
-0.38921632240397586,0.0035917347080033383,0.0,-100.63981964279628
-0.39466595938351484,-0.0017186312689226283,2.0,-98.7789018992334
-0.38736824274209175,0.0035917347080033383,0.0,-100.59929815620478
-0.39450705159295996,-0.0017186312689226283,2.0,-98.81244574203043
-0.38749978722364875,0.0035917347080033383,0.0,-100.62869028231735
-0.39462231483261706,-0.0017186312689226283,2.0,-98.76742471308302
-0.387323234168953,0.0035917347080033383,0.0,-100.58823159695555
-0.3944636533213943,-0.0017186312689226283,2.0,-98.80091097183858
-0.3874545528307395,0.0035917347080033383,0.0,-100.61756658518253
-0.3945786924909119,-0.0017186312689226283,2.0,-98.75595321741251
-0.3872782479114216,0.0035917347080033383,2.0,-97.26212791290266
-0.3814201094623634,0.00926188999508599,0.0,-98.49932796715248
-0.38627187438099014,0.0037019576822407813,0.0,-100.36958616243075
-0.3936062202448265,-0.0019681976048418703,2.0,-98.50334261658453
-0.38628761810425305,0.0035917347080033383,2.0,-96.5067299008558
-0.37845776431708156,0.00926188999508599,0.0,-98.24666619053426
-0.38528104388444806,0.0037019576822407813,0.0,-198.87430346444287
