Lateral Error,Yaw Error,Action,Reward
-0.0017293896319872041,-0.002183565785009183,1.0,-0.3451672731722444
-0.001353597149695076,-0.002183565785009183,1.0,-0.7572916939837163
-0.00296977134895575,-0.002183565785009183,1.0,-0.6683226127426712
-0.0026208729911477305,-0.002183565785009183,1.0,-0.5878257712959626
-0.002305199103121422,-0.002183565785009183,1.0,-0.9868737314498377
-0.0038700930645091678,-0.002183565785009183,1.0,-0.8766704016210727
-0.0034379231436120496,-0.002183565785009183,1.0,-0.7673994019421804
-0.0030094094193810995,-0.002183565785009183,1.0,-1.166920306019387
-0.004576158062821125,-0.002183565785009183,1.0,-1.0632750491958953
-0.00416970607527802,-0.002183565785009183,1.0,-0.9618338097897812
-0.0037718972932932597,-0.002183565785009183,1.0,-0.8633738140787864
-0.003385779663054064,-0.002183565785009183,1.0,-1.2753813930792812
-0.005001495659134436,-0.002183565785009183,1.0,-1.1812653146581709
-0.0046324129986594935,-0.002183565785009183,1.0,-1.0908241871108855
-0.004277741910238767,-0.002183565785009183,1.0,-1.4959222582236331
-0.005866361796955424,-0.002183565785009183,1.0,-1.3885388992666992
-0.005445250585359605,-0.002183565785009183,1.0,-1.2821921715073379
-0.0050282045941464236,-0.002183565785009183,1.0,-1.1771630610678616
-0.0046163257296778885,-0.002183565785009183,1.0,-1.58370688113663
-0.006210615220143647,-0.002183565785009183,1.0,-1.4826744665120726
-0.005814409672596363,-0.002183565785009183,1.0,-1.3835603635925109
-0.005425726916049063,-0.002183565785009183,1.0,-1.7950642680273243
-0.007039467717754213,-0.002183565785009183,1.0,-1.6990207217762985
-0.006662826359907052,-0.002183565785009183,1.0,-1.6052435072200286
-0.0062950725773334455,-0.002183565785009183,1.0,-1.5054682746297963
-0.005903797155410966,-0.002183565785009183,1.0,-1.9052770394288112
-0.00747167466442671,-0.002183565785009183,1.0,-1.8004673636996857
-0.007060656328234062,-0.002183565785009183,1.0,-1.696762940510787
-0.006653972315728576,-0.002183565785009183,1.0,-2.1043412700833457
-0.008252318706209199,-0.002183565785009183,1.0,-2.0035153880463676
-0.007856923090377912,-0.002183565785009183,1.0,-1.9041048440333983
-0.007467077819738817,-0.002183565785009183,1.0,-2.315267758896279
-0.009079481407436387,-0.002183565785009183,1.0,-2.218221387268935
-0.008698907401054647,-0.002183565785009183,1.0,-2.1273140825730787
-0.008342408166953249,-0.002183565785009183,1.0,-2.0209386425477343
-0.007925249578618565,-0.002183565785009183,1.0,-2.4237722582101613
-0.009504989247882985,-0.002183565785009183,1.0,-2.319892180968331
-0.00909761639595424,-0.002183565785009183,1.0,-2.2169454482997715
-0.008693903718822633,-0.002183565785009183,1.0,-2.6250576978595443
-0.010294343913174684,-0.002183565785009183,1.0,-2.524356410479826
-0.009899436903842455,-0.002183565785009183,1.0,-2.4247767474429076
-0.009508928421344737,-0.002183565785009183,1.0,-2.326462739980867
-0.009123383294042617,-0.002183565785009183,1.0,-2.7380452650296982
-0.01073743241188117,-0.002183565785009183,1.0,-2.6438889682740347
-0.010368192032447196,-0.002183565785009183,1.0,-2.5386024321398666
-0.009955303655450456,-0.002183565785009183,1.0,-2.943096050566899
-0.011541553139478035,-0.002183565785009183,1.0,-2.8398358712058758
-0.011136611259630886,-0.002183565785009183,1.0,-2.7373784549607043
-0.010734817470434133,-0.002183565785009183,1.0,-3.145815425880411
-0.012336531081883966,-0.002183565785009183,1.0,-3.0451974820399474
-0.011941950909960577,-0.002183565785009183,1.0,-2.9455085016526423
-0.011551013731971146,-0.002183565785009183,1.0,-2.846846075881839
-0.011164102258360153,-0.002183565785009183,1.0,-3.258194080202342
-0.012777231687068008,-0.002183565785009183,1.0,-3.1618639419982015
-0.012399466439208634,-0.002183565785009183,1.0,-3.057345688745392
-0.011989590936256438,-0.002183565785009183,1.0,-3.4628756556589795
-0.013579904531995998,-0.002183565785009183,1.0,-3.360057567952832
-0.013176696344913067,-0.002183565785009183,1.0,-3.2579419164756245
-0.01277624280970833,-0.002183565785009183,1.0,-3.156596873227702
-0.012378811267559617,-0.002183565785009183,1.0,-3.566038581201011
-0.013984465024317692,-0.002183565785009183,1.0,-3.4662731329449534
-0.013593227972333153,-0.002183565785009183,1.0,-3.3673709803804184
-0.013205376393648698,-0.002183565785009183,1.0,-3.785139923895521
-0.014843685976060866,-0.002183565785009183,1.0,-3.6806479510210566
-0.014433913533415907,-0.002183565785009183,1.0,-3.576698764645062
-0.014026269665274751,-0.002183565785009183,0.0,-5.964887261522514
-0.02339171475106868,-0.008650939925374659,1.0,-6.114856829574815
-0.023979830704214958,-0.008990968707748601,1.0,-6.164951132937693
-0.024176278952696837,-0.008990968707748601,1.0,-6.215476418406217
-0.024374417327083207,-0.008990968707748601,1.0,-6.776402070546802
-0.026574125766850205,-0.008990968707748601,1.0,-6.827708033984574
-0.026775325623468915,-0.008990968707748601,1.0,-6.879385523715475
-0.026977982445943037,-0.008990968707748601,1.0,-7.4412049696694265
-0.029181195959487947,-0.008990968707748601,0.0,-9.47625821235691
-0.03716179691120357,-0.015458342848114086,1.0,-9.780643513127854
-0.038355464757364136,-0.01579837163048803,0.0,-11.967778421107433
-0.04693246439649973,-0.022265745770853478,0.0,-14.599390382773198
-0.057252511304992926,-0.02793590105793591,0.0,-17.16660974318474
-0.0673200382085676,-0.03474406256681535,1.0,-17.902342257878765
-0.0702052637563873,-0.03508409134918929,1.0,-19.045921526862227
-0.0746898883406362,-0.03508409134918929,1.0,-19.681295901799018
-0.07718155255607459,-0.03508409134918929,1.0,-20.316703311373253
-0.0796733463191108,-0.03508409134918929,1.0,-21.460252689839127
-0.08415785368564363,-0.03508409134918929,1.0,-22.095667807327477
-0.08664967767579403,-0.03508409134918929,1.0,-22.731110172915123
-0.08914160852123579,-0.03508409134918929,1.0,-23.36657756360697
-0.09163363750434107,-0.03508409134918929,1.0,-24.51008005813265
-0.09611796101228491,-0.03508409134918929,1.0,-25.14554964741779
-0.09860999861732468,-0.03508409134918929,1.0,-25.781040576106523
-0.1011021199063001,-0.03508409134918929,1.0,-26.924521800527515
-0.1055863600020687,-0.03508409134918929,1.0,-27.560013163549215
-0.10807848299431064,-0.03508409134918929,1.0,-28.195523057115768
-0.11057067865535594,-0.03508409134918929,1.0,-29.338985753512315
-0.11505484609220515,-0.03508409134918929,1.0,-29.974494911607234
-0.11754703886904798,-0.03508409134918929,1.0,-30.610020399675584
-0.1200392956850023,-0.03508409134918929,1.0,-31.245561221276844
-0.12253161263245822,-0.03508409134918929,1.0,-32.388990814220215
-0.12701565025184397,-0.03508409134918929,1.0,-33.024529344102284
-0.12950795821216582,-0.03508409134918929,1.0,-33.6600816151227
-0.13200032005930468,-0.03508409134918929,1.0,-34.80349792546753
-0.13648430559006874,-0.03508409134918929,1.0,-35.43904751904456
-0.1389766569374296,-0.03508409134918929,1.0,-37.09038305260318
-0.14545248255922816,-0.08938150808518408,1.0,-38.74184814251836
-0.15192881624517002,-0.08938150808518408,1.0,-40.9015491605521
-0.1603982320021651,-0.08938150808518408,1.0,-43.10672722999496
-0.16904598913723512,-0.08938150808518408,1.0,-45.26566693265217
-0.17751241934373402,-0.08938150808518408,1.0,-46.91697948924461
-0.18398815485978276,-0.08938150808518408,1.0,-49.07640454161815
-0.19245648839850255,-0.08938150808518408,1.0,-51.236081175147326
-0.2009258085299895,-0.08938150808518408,1.0,-53.44108548398752
-0.20957288425093146,-0.08938150808518408,1.0,-55.09228674025561
-0.21604818329512004,-0.08938150808518408,1.0,-57.251508003826004
-0.22451571766206277,-0.08938150808518408,1.0,-59.410961044820134
-0.23298416096007896,-0.08938150808518408,1.0,-61.57062147600496
-0.24145341755296063,-0.08938150808518408,1.0,-63.26770170574386
-0.248108634140172,-0.08938150808518408,1.0,-65.42676655369611
-0.25657555511253377,-0.08938150808518408,1.0,-67.58604513752879
-0.26504331426481875,-0.08938150808518408,1.0,-69.74551760584818
-0.27351183374842425,-0.08938150808518408,1.0,-71.3970805202507
-0.27998855105980663,-0.08938150808518408,1.0,-73.60212851277903
-0.28863579808932954,-0.08938150808518408,1.0,-75.76126734272019
-0.297103009187138,-0.08938150808518408,1.0,-77.92058746091416
-0.30557093121927126,-0.08938150808518408,1.0,-79.57205483075536
-0.3120472738460995,-0.08938150808518408,1.0,-81.73163450481925
-0.3205162137443892,-0.08938150808518408,1.0,-83.93658730493101
-0.3291630874703177,-0.08938150808518408,1.0,-86.09578155392073
-0.33763051589772836,-0.08938150808518408,1.0,-87.74716884402889
-0.3441065444863878,-0.08938150808518408,2.0,-87.29293223859257
-0.3423252244650689,-0.08291413394481865,1.0,-89.16739687365515
-0.34967606617119673,-0.0825741051624447,2.0,-88.59927131979546
-0.34744812282272736,-0.07610673102207927,1.0,-90.35804288194639
-0.3543452662037113,-0.07576670223970533,1.0,-92.21719896300104
-0.3616360743647099,-0.07576670223970533,2.0,-91.51009206018762
-0.3588631061183828,-0.06929932809933986,1.0,-92.60764011061987
-0.3631672161200779,-0.06895929931696593,1.0,-94.315401030579
-0.3698643177669765,-0.06895929931696593,2.0,-93.49956648692198
-0.36666496661538034,-0.062491925176600446,1.0,-94.95478015058559
-0.3723716868650415,-0.0621518963942265,1.0,-96.00039589079323
-0.37647214074820873,-0.0621518963942265,1.0,-99.08600006862544
-0.3885725492887272,-0.1398729306926483,2.0,-99.6954583938752
-0.39096258193676553,-0.13340555655228284,2.0,-99.91353637759961
-0.3918177897160769,-0.12773540126520036,2.0,-100.23834621183856
-0.3930915537719159,-0.12092723975632091,2.0,-100.2682671152541
-0.3932088906480553,-0.11525708446923848,2.0,-100.36415845564643
-0.39358493512018206,-0.10844892296035903,2.0,-100.18226607317322
-0.39287163165950284,-0.10277876767327661,2.0,-100.12891167890129
-0.39266239874078934,-0.09597060616439716,2.0,-99.73977829170803
-0.39113638545767854,-0.09030045087731452,2.0,-99.49410998649718
-0.3901729803392046,-0.08349228936843506,2.0,-98.89393616894863
-0.38781935752528873,-0.07782213408135241,2.0,-97.95270491523375
-0.38412825456954414,-0.07101397257247297,2.0,-97.75354824067844
-0.3833472480026605,-0.06534381728539031,2.0,-96.62717386498335
-0.37893009358817,-0.05853565577651083,2.0,-96.0991775360235
-0.37685951974911175,-0.052865500489428174,2.0,-94.77479804434572
-0.3716658746837087,-0.046057338980548285,2.0,-93.53857240677817
-0.3668179310069732,-0.04038718369346563,2.0,-92.50124850733498
-0.3627499941464117,-0.03357902218458575,1.0,-92.65480305295803
-0.3633521688351295,-0.03323899340221181,2.0,-91.60589007179784
-0.3592387845952857,-0.02677161926184597,2.0,-90.03385635787033
-0.3530739465014523,-0.021101463974763316,1.0,-90.60467775049925
-0.3553124617666637,-0.020874838298131027,1.0,-91.05827492508996
-0.35709127421603903,-0.020874838298131027,1.0,-91.69626630868116
-0.35959320121051436,-0.020874838298131027,1.0,-92.14969452458793
-0.3613713510768154,-0.020874838298131027,1.0,-92.60355089319606
-0.3631511799733179,-0.020874838298131027,1.0,-92.76593255098491
-0.36378797078817615,-0.020874838298131027,1.0,-93.21922638707343
-0.36556559367479774,-0.020874838298131027,1.0,-93.85763327721959
-0.3680691501067435,-0.020874838298131027,1.0,-94.31076499802374
-0.36984613724715193,-0.020874838298131027,1.0,-94.76431794539292
-0.3716247762564428,-0.020874838298131027,1.0,-95.40236596928538
-0.3741269253697467,-0.020874838298131027,1.0,-95.85575693531072
-0.37590492915808127,-0.027686501658600562,1.0,-96.49402718448131
-0.37840794974306396,-0.027686501658600562,1.0,-96.94725953498721
-0.38018533150975375,-0.027686501658600562,1.0,-97.58574662182141
-0.38268920243851534,-0.027686501658600562,1.0,-98.51424782581009
-0.3863303836306278,-0.027686501658600562,2.0,-96.7921233728526
-0.3795769544033435,-0.021219127518234723,2.0,-95.6788608937755
-0.3752112191912764,-0.015548972231152073,2.0,-93.66247908535333
-0.36730383955040524,-0.008740810722272186,2.0,-92.12678224757158
-0.36128149901008466,-0.003070655435189535,2.0,-89.90912527834398
-0.3525848050131136,0.003737506073690352,1.0,-89.7650143737678
-0.35201966421085407,0.004077534856064293,1.0,-89.49005214457422
-0.3509413809591146,0.004077534856064293,1.0,-89.44642370385671
-0.3507702890347322,0.004077534856064293,1.0,-89.62637941195209
-0.3514759976939298,0.004077534856064293,1.0,-89.58222152158591
-0.3513028294964153,0.004077534856064293,1.0,-89.30761544238781
-0.35022594291132475,0.004077534856064293,1.0,-89.26356377972272
-0.35005319129303025,0.004077534856064293,1.0,-88.98886776028235
-0.34897595200110726,0.004077534856064293,1.0,-88.9449230946439
-0.34880361997899567,0.004077534856064293,1.0,-88.67013654128408
-0.34772602565209443,0.004077534856064293,1.0,-89.08096674961516
-0.3493371245082947,0.004077534856064293,1.0,-89.03717357511826
-0.3491653865690912,0.004077534856064293,1.0,-88.76225921374775
-0.34808729103430497,0.004077534856064293,1.0,-88.71857425777392
-0.34791597748146635,0.004077534856064293,1.0,-88.4435684725148
-0.34683752342162666,0.004077534856064293,1.0,-88.3999925235286
-0.346666637347171,0.004077534856064293,1.0,-88.12489470812227
-0.34558782238479324,0.004077534856064293,1.0,-88.53574876834315
-0.3471990147778163,0.004077534856064293,1.0,-88.26110316406945
-0.3461219731924292,0.004077534856064293,1.0,-88.21709906716477
-0.3459494081065285,0.004077534856064293,1.0,-87.94236233426271
-0.3448720091539714,0.004077534856064293,1.0,-87.89846668413563
-0.3446998693495515,0.004077534856064293,1.0,-86.0286180148091
-0.3373671294698396,0.0781890757211749,1.0,-84.15878221764216
-0.3300344400691849,0.0781890757211749,1.0,-82.74342888124154
-0.3244840348283982,0.0781890757211749,1.0,-80.87352922014306
-0.3171510949809531,0.0781890757211749,1.0,-79.00364085737033
-0.309818199440668,0.0781890757211749,1.0,-77.1337646146104
-0.3024853514298447,0.0781890757211749,1.0,-75.26390139520166
-0.2951525544909869,0.0781890757211749,1.0,-73.84874271808484
-0.28960291261994053,0.0781890757211749,1.0,-71.978810835718
-0.28226984641458036,0.0781890757211749,1.0,-70.10888996631607
-0.27493682339731795,0.0781890757211749,1.0,-68.23898101522853
-0.26760384711854324,0.0781890757211749,1.0,-66.36908498982922
-0.260270921528742,0.0781890757211749,1.0,-64.95417568831981
-0.2547222576012541,0.0781890757211749,1.0,-63.08420602985531
-0.24738904325433456,0.0781890757211749,1.0,-61.21424667663649
-0.2400558693201431,0.0781890757211749,1.0,-59.34429860282899
-0.23272273961893722,0.0781890757211749,1.0,-57.47436290937138
-0.22538965846812306,0.0781890757211749,1.0,-55.6044408452892
-0.21805663076583998,0.0781890757211749,1.0,-54.18977073028461
-0.21250890482464552,0.0781890757211749,1.0,-52.319765866808034
-0.20517555241885505,0.0781890757211749,1.0,-50.44977089756871
-0.19784223881399493,0.0781890757211749,1.0,-48.57978696515133
-0.19050896849078952,0.0781890757211749,1.0,-46.709815395102915
-0.18317574664746242,0.0781890757211749,1.0,-45.29560479202073
-0.17762982271380678,0.0781890757211749,1.0,-43.65585392742622
-0.17119942716637734,0.0781890757211749,0.0,-43.31279813063278
-0.16985411031620695,0.07172170158080905,1.0,-41.69463387619326
-0.16350836814193434,0.09484064551109223,1.0,-39.29509084544187
-0.15409839547232104,0.09484064551109223,1.0,-37.117234257864446
-0.14555778140338999,0.09484064551109223,1.0,-34.71788223376703
-0.13614855777947857,0.09484064551109223,1.0,-32.53984164882716
-0.12760722215226333,0.09484064551109223,1.0,-30.821305674401824
-0.12086786538981106,0.09484064551109223,1.0,-28.422280708279953
-0.1114599243461959,0.09484064551109223,1.0,-26.243925615025084
-0.10291735535303954,0.09484064551109223,1.0,-23.845280166840467
-0.09351090261506065,0.09484064551109223,1.0,-21.666564346780866
-0.08496691900698379,0.09484064551109223,1.0,-19.948036186171187
-0.07822759288694583,0.09484064551109223,1.0,-17.55017924620014
-0.06882423233803978,0.09484064551109223,1.0,-15.370720842742404
-0.0602773366382055,0.09484064551109223,1.0,-13.194241264093462
-0.051742122604288086,0.09484064551109223,1.0,-10.793498110455527
-0.042327443570413834,0.09484064551109223,1.0,-8.617051589805621
-0.03379235917570832,0.09484064551109223,1.0,-6.68224642556732
-0.026204887943401256,0.09484064551109223,0.0,-6.481270260859426
-0.02541674612101736,0.08837327137072638,1.0,-4.555184937278738
-0.01786347034226956,0.08803324258835245,1.0,-2.3115176536801414
-0.009064775112471142,0.08803324258835245,1.0,-0.2863162592381107
-0.001122808859757297,0.08803324258835245,1.0,-1.2878318867214271
0.005050321124397754,0.08803324258835245,1.0,-3.5400735985770324
0.013882641563047185,0.08803324258835245,1.0,-5.560997174635072
0.02180783205739244,0.08803324258835245,1.0,-7.590770833423647
0.029767728758524105,0.08803324258835245,1.0,-9.62379643857395
0.037740378190486076,0.08803324258835245,1.0,-11.863049535933424
0.046521762886013424,0.08803324258835245,1.0,-13.42966708173971
0.052665361104861606,0.08803324258835245,1.0,-15.459861555908123
0.0606269080623848,0.08803324258835245,1.0,-17.70316389217385
0.06942417212617197,0.08803324258835245,1.0,-22.011900675322256
0.08632117911891081,0.180577013321949,0.0,-24.12998040198346
0.09462737412542534,0.17410963918158318,0.0,-26.355002069637145
0.1033529492926947,0.16843948389450053,0.0,-28.402136982269305
0.11138092934223257,0.16163132238562064,0.0,-30.36695856744499
0.11908611202919603,0.155961167098538,0.0,-31.690684150108833
0.12427719274552482,0.1491530055896581,0.0,-33.22580897723883
0.13029729010681895,0.14348285030257546,0.0,-33.80750966415097
0.13257846927118028,0.13667468879369557,0.0,-34.94388752394989
0.1370348530350976,0.1310045335066129,0.0,-35.7557960461262
0.14021880802402434,0.12419637199773302,0.0,-36.65144260190278
0.1437311474584423,0.11852621671065038,0.0,-37.09164269457131
0.1454574223316522,0.11171805520177094,0.0,-37.84503371803423
0.14841189693346757,0.1060478999146883,0.0,-37.94295757772403
0.148795912069506,0.09923973840580882,0.0,-38.35006159348971
0.150392398405842,0.09356958311872618,0.0,-37.78791285070938
0.14818789353219367,0.08676142160984675,0.0,-37.93917206429628
0.14878106691880894,0.08109126632276423,0.0,-37.57713129086466
0.14736129917986143,0.07428310481388478,0.0,-37.47726786143889
0.14696967788799567,0.06861294952680234,0.0,-36.40047703712384
0.14274696877303467,0.06180478801792289,1.0,-37.69739940001825
0.147832938823601,0.06146475923554896,1.0,-39.60388151831958
0.15530933928752777,0.14729025629573447,0.0,-41.012992197754535
0.160835263520606,0.14082288215536903,0.0,-42.042424185668395
0.16487225170850353,0.13515272686828655,0.0,-42.60208422531972
0.16706699696203814,0.12834456535940705,0.0,-43.89062382727269
0.17212009344028506,0.12267441007232459,0.0,-44.21185335696127
0.17337981708612266,0.11586624856344513,0.0,-44.74748411850631
0.1754803298764953,0.1101960932763627,0.0,-44.822082959845865
0.1757728743523367,0.10338793176748326,0.0,-45.10794734193801
0.17689391114485492,0.09771777648040082,0.0,-44.99187187692226
0.1764387132428324,0.09090961497152138,0.0,-45.03070902246602
0.17659101577437658,0.08523945968443875,0.0,-44.68585043676189
0.1752386291637721,0.0784312981755593,1.0,-46.519908238526924
0.1824310127001056,0.07809126939318535,1.0,-48.37106871004595
0.18969046552959196,0.07809126939318535,1.0,-49.8016681429126
0.19530065938397098,0.07809126939318535,1.0,-51.73583210409883
0.20288561609450523,0.07809126939318535,1.0,-53.670046193964346
0.21047076938809547,0.07809126939318535,1.0,-55.60430518128161
0.21805609875012397,0.07809126939318535,0.0,-54.72969870567344
0.21462626943401347,0.0716238952528199,1.0,-55.41057785028969
0.21729638372662624,0.004992264980282335,1.0,-55.59550324902874
0.21802158136874014,0.004992264980282335,1.0,-55.27975159757251
0.21678333959832358,0.004992264980282335,1.0,-55.55955598986275
0.21788061172495196,0.004992264980282335,1.0,-55.744622263083826
0.218606361816015,0.004992264980282335,1.0,-55.93048472854349
0.21933523422958232,0.004992264980282335,1.0,-56.20960750770656
0.22042983336355512,0.004992264980282335,1.0,-55.89376551674847
0.21919123732058227,0.004992264980282335,1.0,-56.17378966130988
0.22028937122082307,0.004992264980282335,1.0,-56.35869838694343
0.22101450347820953,0.004992264980282335,1.0,-56.5443956911784
0.22174272820069962,0.004992264980282335,1.0,-56.82374358005277
0.222838210117854,0.004992264980282335,1.0,-56.507813390864136
0.22159926819946718,0.004992264980282335,1.0,-56.6936467347116
0.2223280264106337,0.004992264980282335,2.0,-58.775043084150575
0.23049036503588458,0.011459639120647786,1.0,-59.21620872870414
0.23222042638707507,0.011799667903021737,1.0,-59.55771555974649
0.23355966886175095,0.011799667903021737,1.0,-59.98274669208873
0.23522645761603425,0.011799667903021737,1.0,-59.82082832111186
0.2345914836122034,0.011799667903021737,1.0,-60.16243282819531
0.23593110913017767,0.011799667903021737,1.0,-60.58732058431876
0.23759733562477944,0.011799667903021737,1.0,-59.92243099360562
0.23498992546512007,-0.05946645850804318,1.0,-58.25175687600147
0.2284382622588293,-0.05946645850804318,2.0,-58.829059292300606
0.23070219330313962,-0.05299908436767773,2.0,-59.409050600500485
0.23297666902157052,-0.04732892908059508,1.0,-58.0765533429682
0.22775118958026744,-0.04710230340396278,1.0,-57.18304294899479
0.22424722725095997,-0.04710230340396278,1.0,-56.289533370759045
0.2207432681206237,-0.04710230340396278,1.0,-54.890210572518484
0.2152557277353666,-0.04710230340396278,1.0,-53.99671186010753
0.21175181121610795,-0.04710230340396278,1.0,-53.103214405483904
0.20824789962934864,-0.04710230340396278,1.0,-52.209718273223544
0.20474399322832762,-0.04710230340396278,1.0,-50.74656882894957
0.19900615227039045,-0.04710230340396278,1.0,-49.85303322737738
0.19550209108775443,-0.04710230340396278,1.0,-48.95949764358221
0.1919980299748322,-0.04710230340396278,1.0,-47.559719862636996
0.1865087053436745,-0.04710230340396278,1.0,-46.666186364125466
0.18300465240833513,-0.04710230340396278,1.0,-45.772652966736935
0.1795005998695566,-0.04710230340396278,1.0,-44.37297005345669
0.1740116472684576,-0.04710230340396278,1.0,-43.47944100404066
0.1705076117805516,-0.04710230340396278,0.0,-40.74103045393896
0.15976874687819204,-0.05356967754432823,1.0,-39.0915785101684
0.15330030788301333,-0.05390970632670218,1.0,-38.046888748991115
0.14920348529016125,-0.05390970632670218,1.0,-35.918435112913365
0.14085660828593477,-0.09191361993834515,2.0,-35.77609940271307
0.14029842903024736,-0.0854462457979797,2.0,-35.482040758266415
0.13914525787555457,-0.07977609051089726,2.0,-35.68756335785906
0.13995122885434927,-0.07296792900201782,2.0,-35.75176333153753
0.14020299345700993,-0.0672977737149354,2.0,-35.78886024020222
0.14034847153020477,-0.06048961220605595,1.0,-34.51028605072806
0.13533445510089434,-0.060149583423682006,1.0,-33.155470225551525
0.13002145186490793,-0.060149583423682006,1.0,-31.800655075093985
0.12470845127487837,-0.060149583423682006,1.0,-30.445840689428863
0.11939545368403477,-0.060149583423682006,1.0,-29.091027175408804
0.11408245951140708,-0.060149583423682006,0.0,-26.320786278053518
0.10321876971785693,-0.06661695756404745,2.0,-25.89625693654962
0.10155394877078283,-0.061306591587121484,0.0,-22.89888721024513
0.0897995576872358,-0.06661695756404745,2.0,-23.017123591779185
0.09026322977168308,-0.061306591587121484,2.0,-23.353797363544185
0.0915835190727223,-0.055636436300039054,2.0,-24.178160474308193
0.09481631558552231,-0.04882827479115956,2.0,-24.817268218993423
0.09732262046664086,-0.04315811950407709,2.0,-25.945351921401684
0.10174647812314386,-0.0363499579951976,0.0,-23.49389679742366
0.09213292861734769,-0.04166032397212361,2.0,0.0
