Lateral Error,Yaw Error,Action,Reward
0.0002889499385517785,0.000306585418694772,1.0,-0.09532488878302031
0.00037382309326674634,0.000306585418694772,1.0,-0.13431495844496263
0.0005267253272351475,0.000306585418694772,1.0,-0.1796944422559333
0.0007046840872781698,0.000306585418694772,1.0,-0.22767430238903197
0.0008928404015256157,0.000306585418694772,1.0,-0.27690611086444955
0.0010859063171154884,0.000306585418694772,1.0,-0.23396152206036666
0.0009174961649426143,0.000306585418694772,1.0,-0.1953147917101157
0.0007659403596475126,0.000306585418694772,1.0,-0.16387084179876144
0.0006426307521520055,0.000306585418694772,1.0,-0.14441381027423286
0.0005663286677420897,0.000306585418694772,1.0,-0.14196110481048782
0.0005567102149430895,0.000306585418694772,1.0,-0.15731011676020373
0.0006169024186674657,0.000306585418694772,1.0,-0.18610723055864414
0.0007298322767005653,0.000306585418694772,1.0,-0.22320672161095975
0.0008753204769057245,0.000306585418694772,1.0,-0.2651461686568776
0.0010397888966936378,0.000306585418694772,1.0,-0.30996717860045053
0.0012155575631390217,0.000306585418694772,1.0,-0.2739395308713853
0.0010742726700838639,0.000306585418694772,1.0,-0.24369754906551583
0.0009556766630020228,0.000306585418694772,1.0,-0.2214272682892508
0.0008683422285852973,0.000306585418694772,1.0,-0.20968425248107525
0.0008222911862002952,0.000306585418694772,1.0,-0.2102399752902738
0.0008244704913344071,0.000306585418694772,1.0,-0.2230025102023906
0.0008745196478525121,0.000306585418694772,1.0,-0.2460798707291595
0.0009650191008986648,0.000306585418694772,1.0,-0.27690503223055807
0.0010859020871786592,0.000306585418694772,1.0,-0.3131986619481697
0.0012282300468555675,0.000306585418694772,1.0,-0.3532793762628447
0.0013854093186778224,0.000306585418694772,1.0,-0.32353013407006925
0.0012687456238041931,0.000306585418694772,1.0,-0.2999218753080866
0.0011761642168944572,0.000306585418694772,1.0,-0.2837788325443638
0.0011128581668406422,0.000306585418694772,1.0,-0.2764120677306568
0.001083968893061399,0.000306585418694772,1.0,-0.27851884577006203
0.0010922307677257335,0.000306585418694772,1.0,-0.28989269495154424
0.0011368340978491931,0.000306585418694772,1.0,-0.30951367110144096
0.001213779102358592,0.000306585418694772,1.0,-0.33593981825073876
0.0013174110519636813,0.000306585418694772,1.0,-0.36770684145013877
0.0014419876135299558,0.000306585418694772,1.0,-0.4035554384311439
0.0015825703467887997,0.000306585418694772,1.0,-0.3789784123580538
0.0014861898523845247,0.000306585418694772,1.0,-0.3603356427849645
0.0014130809520979,0.000306585418694772,1.0,-0.34836019400083296
0.0013661184078464037,0.000306585418694772,1.0,-0.34374959627989005
0.001348037632470157,0.000306585418694772,1.0,-0.3467977162498449
0.0013599910441170389,0.000306585418694772,1.0,-0.35730860320577823
0.0014012102086501108,0.000306585418694772,1.0,-0.37465468197908836
0.001469234046976817,0.000306585418694772,1.0,-0.39794312961538153
0.0015605612926093393,0.000306585418694772,1.0,-0.426200949039932
0.0016713762707448315,0.000306585418694772,1.0,-0.4585102773027278
0.0017980795188342266,0.000306585418694772,1.0,-0.4380656739829777
0.0017179046038548144,0.000306585418694772,1.0,-0.4231482340050035
0.0016594048392353077,0.000306585418694772,1.0,-0.4141294870401863
0.001624037204079162,0.000306585418694772,1.0,-0.4113975534759813
0.0016133237391214952,0.000306585418694772,1.0,-0.41507658672962777
0.0016277513205083445,0.000306585418694772,1.0,-0.4250001289075626
0.00166666717218652,0.000306585418694772,1.0,-0.44074659064706545
0.0017284180025375114,0.000306585418694772,1.0,-0.46172060343652793
0.0018106690330844232,0.000306585418694772,1.0,-0.4872475602646257
0.001910774746135787,0.000306585418694772,1.0,-0.5166530414166831
0.002026090358496797,0.000306585418694772,1.0,-0.49950219290697784
0.001958832129046972,0.000306585418694772,1.0,-0.4874331633463493
0.0019115026013582326,0.000306585418694772,1.0,-0.4805992588594173
0.0018847029759192836,0.000306585418694772,1.0,-0.47922449580315546
0.0018793117482476685,0.000306585418694772,1.0,-0.48335545720940803
0.0018955115968996394,0.000306585418694772,1.0,-0.49285372021039026
0.0019327596870995696,0.000306585418694772,1.0,-0.5074179656960197
0.0019898743752785088,0.000306585418694772,1.0,-0.5266280520174937
0.0020652080471274268,0.000306585418694772,1.0,-0.5499973902730553
0.0021568525108747265,0.000306585418694772,1.0,-0.577020852584493
0.0022628268728803642,-0.00030203694895252614,1.0,-0.5625187597150516
0.0022059559204511826,-0.00030203694895252614,1.0,-0.5526769018446726
0.002167360399390873,-0.00030203694895252614,1.0,-0.5475144486757301
0.002147115485002863,-0.00030203694895252614,1.0,-0.5471638658203792
0.0021457406502759973,-0.00030203694895252614,1.0,-0.5516343276891801
0.0021632718732909023,-0.00030203694895252614,1.0,-0.5608105542743063
0.0021992570755855144,-0.00030203694895252614,1.0,-0.5744670877958056
0.002252812109003159,-0.00030203694895252614,1.0,-0.5922941017860225
0.0023227219677883233,-0.00030203694895252614,1.0,-0.6139284013100956
0.002407562358078807,-0.00030203694895252614,1.0,-0.6389833892478229
0.0025058172127365606,-0.00030203694895252614,1.0,-0.6266388733978024
0.0024574073466580486,-0.00030203694895252614,1.0,-0.6185761353655871
0.002425788766139557,-0.00030203694895252614,1.0,-0.6147296183763432
0.0024107043857895813,-0.00030203694895252614,1.0,-0.6151784156236322
0.002412464374994636,-0.00030203694895252614,1.0,-0.6199131981689521
0.0024310321496821647,-0.00030203694895252614,1.0,-0.6288371604427364
0.0024660280801675934,-0.00030203694895252614,1.0,-0.6417755731703156
0.002516766953609081,-0.00030203694895252614,1.0,-0.658491844412094
0.0025823209584787997,-0.00030203694895252614,1.0,-0.24611761037587826
0.0009651670995132481,-0.00030203694895252614,1.0,-0.2931499253701594
0.0011496075504712133,-0.00030203694895252614,1.0,-0.25347811717478586
0.0009940318320579837,-0.00030203694895252614,1.0,-0.21950540832728485
0.0008608055228520974,-0.00030203694895252614,1.0,-0.19341665791280743
0.0007584966976972841,-0.00030203694895252614,1.0,-0.17869889117221577
0.0007007799653812383,-0.00030203694895252614,1.0,-0.1781922970528153
0.0006987933217757463,-0.00030203694895252614,1.0,-0.1920093920268393
0.0007529780079483894,-0.00030203694895252614,1.0,-0.2174364950941629
0.0008526921376241683,-0.00030203694895252614,1.0,-0.25096924721156383
0.0009841931263198582,-0.00030203694895252614,1.0,-0.2898075353882685
0.0011365001387775235,-0.00030203694895252614,1.0,-0.3315604665790184
0.0013002371238392879,-0.00030203694895252614,1.0,-0.2991716151492919
0.0011732220201933017,-0.00030203694895252614,1.0,-0.27271024641321057
0.001069451946718473,-0.00030203694895252614,1.0,-0.2540354553232064
0.0009962174718557114,-0.00030203694895252614,1.0,-0.24493480254658423
0.0009605286374375852,-0.00030203694895252614,1.0,-0.2464711206421109
0.0009665534142827877,-0.00030203694895252614,1.0,-0.2584547929472208
0.00101354820763616,-0.00030203694895252614,1.0,-0.2795454481099307
0.0010962566592546301,-0.00030203694895252614,1.0,-0.28739301594851735
-0.0011270314350922247,-0.021004134297273786,1.0,-0.7736994614093393
-0.003034115534938586,-0.021004134297273786,1.0,-1.2750708336854424
-0.005000277779158598,-0.021004134297273786,1.0,-1.764350428273855
-0.006919021287348451,-0.021004134297273786,1.0,-2.260890589899718
-0.008866237607449874,-0.021004134297273786,1.0,-2.7607765407863365
-0.01082657466975034,-0.021004134297273786,1.0,-2.752543413643959
-0.010794287896642975,-0.021004134297273786,1.0,-3.2552503102617707
-0.01276568749122263,-0.021004134297273786,1.0,-3.758773861758125
-0.014740289653953432,-0.021004134297273786,1.0,-4.262824688880007
-0.01671695956423532,-0.021004134297273786,1.0,-4.767235544351243
-0.01869504135039703,-0.021004134297273786,1.0,-5.271903087637231
-0.02067412975544012,-0.021004134297273786,1.0,-5.776723528032863
-0.022653817756991622,-0.021004134297273786,1.0,-6.27758495293431
-0.024617980207585526,-0.021004134297273786,1.0,-6.77917236734678
-0.026584989675869725,-0.021004134297273786,1.0,-7.281335739684112
-0.02855425780268279,-0.021004134297273786,1.0,-7.783963601194203
-0.030525347455663536,-0.021004134297273786,1.0,-8.286971434628175
-0.032497927194620295,-0.021004134297273786,1.0,-8.790294010719018
-0.03447174121850595,-0.021004134297273786,1.0,-9.293880193672287
-0.03644658899479328,-0.021004134297273786,1.0,-9.287755316367
-0.036422569868105895,-0.021004134297273786,1.0,-9.791794399698164
-0.03839919372430653,-0.021004134297273786,1.0,-10.295979210323274
-0.04037638906009127,-0.021004134297273786,1.0,-10.797922825272078
-0.04234479539322383,-0.021004134297273786,1.0,-11.300205918679824
-0.04431453301443068,-0.021004134297273786,1.0,-11.802785149765004
-0.04628543195986276,-0.021004134297273786,1.0,-12.305624234526757
-0.04825734993932062,-0.021004134297273786,1.0,-12.808692569272763
-0.050230166938324564,-0.021004134297273786,1.0,-13.311964163481903
-0.05220378103326236,-0.021004134297273786,1.0,-13.815416804006373
-0.054178105113750485,-0.021004134297273786,1.0,-14.31903139426438
-0.05615306429123287,-0.021004134297273786,1.0,-14.822791427202516
-0.05812859383216673,-0.021004134297273786,1.0,-15.326666609650484
-0.060104574939805824,-0.021004134297273786,1.0,-15.829033630631411
-0.06207464168875063,-0.021004134297273786,1.0,-16.33160950484849
-0.06404552746999408,-0.021004134297273786,1.0,-16.324385088593473
-0.06401719642585676,-0.021004134297273786,1.0,-16.82731738423257
-0.06598947993816694,-0.021004134297273786,1.0,-17.84041370523458
-0.06996240668719444,-0.04425827990556744,1.0,-18.853656147630822
-0.07393590646129734,-0.04425827990556744,1.0,-19.867022354324323
-0.07790989158558558,-0.04425827990556744,1.0,-20.88049430584192
-0.08188429139545852,-0.04425827990556744,1.0,-21.894057317462217
-0.08585904830377339,-0.04425827990556744,1.0,-22.397720085959644
-0.087834196415528,-0.04425827990556744,1.0,-23.410330748901124
-0.09180521862314167,-0.04425827990556744,1.0,-24.423094493365095
-0.09577684115045136,-0.04425827990556744,1.0,-25.43599303399977
-0.0997489922901952,-0.04425827990556744,1.0,-26.449010884236838
-0.1037216113107327,-0.04425827990556744,1.0,-27.46213484087175
-0.10769464643479118,-0.04425827990556744,1.0,-28.475353578435417
-0.11166805324876634,-0.04425827990556744,1.0,-29.48865732702249
-0.11564179343930388,-0.04425827990556744,1.0,-30.502037614217652
-0.1196158337812457,-0.04425827990556744,1.0,-31.51548705672641
-0.12359014532049573,-0.04425827990556744,1.0,-32.5289906437889
-0.12756466919132903,-0.04425827990556744,1.0,-33.5417845533476
-0.13153641001312782,-0.04425827990556744,1.0,-34.554675919151926
-0.13550853301628205,-0.04425827990556744,1.0,-35.56765641516177
-0.139481005549654,-0.04425827990556744,1.0,-36.58071863689022
-0.14345379857604007,-0.04425827990556744,1.0,-37.59385597741481
-0.14742688618594044,-0.04425827990556744,1.0,-38.60706252287055
-0.15140024518772766,-0.04425827990556744,1.0,-39.62033296394685
-0.15537385476057589,-0.04425827990556744,1.0,-40.63366252060157
-0.15934769615922184,-0.04425827990556744,1.0,-41.64704687774654
-0.16332175246175112,-0.04425827990556744,1.0,-42.66047521974158
-0.1672959812538885,-0.04425827990556744,1.0,-43.67336239275838
-0.17126808781473873,-0.04425827990556744,1.0,-44.6863206981641
-0.17524047332613374,-0.04425827990556744,1.0,-45.699345405859866
-0.17921311923866615,-0.04425827990556744,1.0,-46.202432495996334
-0.18118600978822091,-0.04425827990556744,1.0,-47.21557711440043
-0.18515912593882522,-0.04425827990556744,1.0,-48.22877682545599
-0.18913245813904306,-0.04425827990556744,1.0,-49.2420282284182
-0.19310599305262038,-0.04425827990556744,1.0,-50.255328196639795
-0.1970797184181953,-0.04425827990556744,1.0,-51.26867385051591
-0.20105362294319967,-0.04425827990556744,1.0,-52.2820565741964
-0.20502767283998588,-0.04425827990556744,1.0,-53.29499787768088
-0.20899999167717992,-0.04425827990556744,1.0,-54.30799569190058
-0.2129725321251003,-0.05356394978211367,1.0,-55.83104606396825
-0.21894527868222843,-0.05356394978211367,1.0,-56.844148456216196
-0.2229182292400635,-0.05356394978211367,1.0,-57.857298251497156
-0.2268913656921457,-0.05356394978211367,1.0,-59.38049280796744
-0.2328646776783037,-0.05356394978211367,1.0,-60.39372968440798
-0.23683815562512933,-0.05356394978211367,1.0,-61.40700678590807
-0.24081179131728656,-0.05356394978211367,1.0,-62.93072755709717
-0.24678716689057714,-0.05356394978211367,1.0,-63.943664710030234
-0.25075946945109895,-0.05356394978211367,1.0,-65.46664675936948
-0.2567319480759588,-0.05356394978211367,1.0,-66.47967761222338
-0.26070461808715056,-0.05356394978211367,1.0,-67.49275124833186
-0.2646774558758112,-0.05356394978211367,1.0,-69.01586563295007
-0.2706504534625493,-0.05356394978211367,1.0,-70.02901938864615
-0.27462360544567116,-0.05356394978211367,1.0,-71.04221028473347
-0.27859690307738616,-0.05356394978211367,1.0,-72.56543624044048
-0.2845703381978058,-0.05356394978211367,1.0,-73.57869619799102
-0.2885439066587884,-0.05356394978211367,1.0,-75.10232849184838
-0.29451893526215056,-0.05356394978211367,1.0,-76.11530483943615
-0.29849139152720056,-0.05356394978211367,1.0,-77.1283200571491
-0.30246400022411407,-0.05356394978211367,1.0,-78.65137167065866
-0.3084367516496418,-0.05356394978211367,1.0,-79.66446071831368
-0.3124096498757399,-0.05356394978211367,1.0,-80.67758409582147
-0.3163826827287116,-0.05356394978211367,1.0,-82.20074052589385
-0.3223558451995837,-0.05356394978211367,1.0,-83.2139286948396
-0.32632913213662584,-0.05356394978211367,1.0,-84.73714698545608
-0.33230253719786695,-0.05356394978211367,1.0,-85.75039461649857
-0.33627605731960225,-0.05356394978211367,1.0,-86.7639660934721
-0.3402508474253808,-0.05356394978211367,1.0,-88.28696730519789
-0.34622340119685446,-0.05356394978211367,1.0,-89.30000459242109
-0.350196096440867,-0.05356394978211367,1.0,-90.3130737080669
-0.35416891650222315,-0.05356394978211367,1.0,-91.83617328105277
-0.3601418560041285,-0.05356394978211367,1.0,-92.84930315907472
-0.36411491434931265,-0.05356394978211367,1.0,-94.37246166320206
-0.3700880849537336,-0.05356394978211367,1.0,-95.38564780100135
-0.37406136392549555,-0.05356394978211367,1.0,-96.39886062913689
-0.3780347475652427,-0.05356394978211367,1.0,-97.92209868294012
-0.3840082301291769,-0.05356394978211367,1.0,-98.93562104993043
-0.387982827646786,-0.05356394978211367,1.0,-99.94864563025067
-0.39195547305980655,-0.0497626302031644,1.0,-100.96169893698482
-0.3959282311254307,-0.0497626302031644,1.0,-102.48477954839929
-0.40190109626823245,-0.0497626302031644,1.0,-103.49788809357831
-0.405874070955209,-0.0497626302031644,1.0,-104.51102276177697
-0.4098471480853999,-0.0497626302031644,1.0,-105.52418280057618
-0.4138203247081419,-0.0497626302031644,1.0,-106.53736748616011
-0.41779359798494153,-0.0497626302031644,1.0,-108.0605758902553
-0.4237669642755109,-0.0497626302031644,1.0,-109.07428085751741
-0.4277422778726173,-0.0497626302031644,1.0,-110.08729439105679
-0.4317148799649286,-0.0497626302031644,1.0,-111.10033423098587
-0.4356875852195524,-0.0497626302031644,1.0,-112.6233988301507
-0.4416603875692185,-0.0497626302031644,1.0,-113.63648954352063
-0.4456332923275319,-0.0497626302031644,1.0,-114.6496043849655
-0.4496062917057471,-0.0497626302031644,1.0,-115.66274272045636
-0.45357938321747593,-0.0497626302031644,1.0,-116.67590393797175
-0.4575525644626343,-0.0497626302031644,1.0,-118.1990873973742
-0.46352583293087923,-0.0497626302031644,1.0,-119.2122924849713
-0.46749918621557374,-0.0497626302031644,1.0,-120.22594793945811
-0.4714743056449337,-0.0497626302031644,1.0,-121.23897652490915
-0.4754469667643496,-0.0497626302031644,1.0,-122.25202876765935
-0.47941972065748767,-0.0497626302031644,1.0,-123.77510339440157
-0.48539256233098654,-0.0497626302031644,1.0,-124.78820153012006
-0.4893654961965493,-0.0497626302031644,1.0,-125.80132153552232
-0.4933385158255777,-0.0497626302031644,1.0,-126.81446288645797
-0.4973116191625803,-0.0497626302031644,1.0,-127.82762507538322
-0.5012848042171891,-0.0497626302031644,1.0,-129.35080756960818
-0.5072580689004241,-0.0497626302031644,1.0,-130.36400985689122
-0.511231411203495,-0.0497626302031644,1.0,-131.3776241981658
-0.5152063694045718,-0.0497626302031644,1.0,-132.39066522957066
-0.5191790793316496,-0.0497626302031644,1.0,-133.40372775165233
-0.5231518735358914,-0.0497626302031644,1.0,-134.92681069821126
-0.5291247478361225,-0.0497626302031644,1.0,-135.93991501809015
-0.5330977059532948,-0.0497626302031644,1.0,-136.9530393353691
-0.5370707424916437,-0.0497626302031644,1.0,-137.96618320950867
-0.5410438557235634,-0.0497626302031644,1.0,-138.97934621280672
-0.5450170439717911,-0.0497626302031644,1.0,-140.50252789506683
-0.5509903054708503,-0.0497626302031644,1.0,-141.00572795749483
-0.5529636390489994,-0.035051066713406395,1.0,-142.019309077399
-0.556938466970192,-0.035051066713406395,1.0,-142.5223612946006
-0.5589112207631397,-0.035051066713406395,1.0,-143.53543174106153
-0.5628840460433786,-0.035051066713406395,1.0,-144.03852211426522
-0.5648569494677067,-0.035051066713406395,1.0,-145.05163077221786
-0.5688299245969327,-0.035051066713406395,1.0,-146.06475811992746
-0.5728029730193234,-0.035051066713406395,1.0,-146.56790380087466
-0.5747760933367634,-0.035051066713406395,1.0,-147.58106735028525
-0.5787492837266088,-0.035051066713406395,1.0,-148.08424855399306
-0.5807225433489924,-0.035051066713406395,1.0,-149.09744708136913
-0.5846958709073299,-0.035051066713406395,1.0,-149.60100750679985
-0.5866706176737249,-0.035051066713406395,1.0,-150.61406481730174
-0.590643391440399,-0.035051066713406395,1.0,-151.1171415365956
-0.5926162413199827,-0.035051066713406395,1.0,-152.13023558992515
-0.5965891591761772,-0.035051066713406395,1.0,-153.1433476623642
-0.6005621476955458,-0.035051066713406395,1.0,-153.64647750865493
-0.602535205916294,-0.035051066713406395,1.0,-154.65962447943912
-0.6065083312919181,-0.035051066713406395,1.0,-155.16278848778413
-0.6084815234815064,-0.035051066713406395,1.0,-156.17596923125603
-0.6124547812990432,-0.035051066713406395,1.0,-156.67916652225267
-0.614428104008834,-0.035051066713406395,1.0,-157.69270682252264
-0.61840277185303,-0.035051066713406395,1.0,-158.1957710814279
-0.6203755728683447,-0.035051066713406395,1.0,-159.2088517644001
-0.6243484382917651,-0.035051066713406395,1.0,-159.7119502503617
-0.6263213735308302,-0.035051066713406395,1.0,-160.72506520633016
-0.6302943733581575,-0.035051066713406395,1.0,-161.73819696200127
-0.6342674390666716,-0.035051066713406395,1.0,-162.2413452278277
-0.636240569520893,-0.035051066713406395,1.0,-163.25450962527523
-0.6402137632363735,-0.035051066713406395,1.0,-163.75768997945409
-0.642187019527271,-0.035051066713406395,1.0,-164.77135660594686
-0.6461621827684191,-0.035051066713406395,1.0,-165.27440944813537
-0.6481349390122956,-0.035051066713406395,1.0,-166.28747784531944
-0.6521077562561547,-0.035051066713406395,1.0,-166.79056363723114
-0.6540806417146319,-0.035051066713406395,1.0,-167.8036651234616
-0.6580535887194572,-0.035051066713406395,1.0,-168.81678286664328
-0.6620265994770325,-0.035051066713406395,1.0,-169.31991666632666
-0.663999673201281,-0.035051066713406395,1.0,-169.82306601096073
-0.6659728078861206,-0.007619034011809808,1.0,-169.81623076279334
-0.6659460029913464,-0.007619034011809808,1.0,-170.31941080934791
-0.6679192580758742,-0.007619034011809808,1.0,-170.313061305908
-0.6678943580623843,-0.007619034011809808,1.0,-170.81611807580384
-0.6698671297090346,-0.007619034011809808,1.0,-170.80919151792642
-0.6698399667369663,-0.007619034011809808,1.0,-170.80228018220149
-0.6698128634596137,-0.007619034011809808,1.0,-171.30538371135026
-0.6717858184758834,-0.007619034011809808,1.0,-171.29850298324942
-0.671758835228429,-0.007619034011809808,1.0,-171.29163743750757
-0.6717319115196375,-0.007619034011809808,1.0,-171.7947870543019
-0.6737050472717722,-0.007619034011809808,1.0,-171.7879519003907
-0.6736782427466302,-0.007619034011809808,1.0,-171.7811318892149
-0.6736514976047643,-0.007619034011809808,1.0,-172.2847767999741
-0.675626575686173,-0.007619034011809808,1.0,-172.2778359976976
-0.6755993568537161,-0.007619034011809808,1.0,-172.27091028665623
-0.6755721972025734,-0.007619034011809808,1.0,-172.77399911607938
-0.6775450945728603,-0.007619034011809808,1.0,-172.7671037926038
-0.6775180540886423,-0.007619034011809808,1.0,-172.76022352126245
-0.6774910726324017,-0.007619034011809808,1.0,-173.26335821703069
-0.6794641498707085,-0.007619034011809808,1.0,-173.25650812091615
-0.6794372867486907,-0.007619034011809808,1.0,-173.24967303800008
-0.6794104825019611,-0.007619034011809808,1.0,-173.75285294710181
-0.6813837370474581,-0.007619034011809808,1.0,-173.74649381649726
-0.6813587992803813,-0.007619034011809808,1.0,-173.73955397370412
-0.6813315842106045,-0.007619034011809808,1.0,-174.24262831198234
-0.6833044247528719,-0.007619034011809808,1.0,-174.23571863972367
-0.6832773279989163,-0.007619034011809808,2.0,-172.28667964137964
-0.6756340378093318,-0.0011516598714443283,1.0,-172.536665651011
-0.676614375102004,-0.0008116310890703846,1.0,-172.37716073098062
-0.6759888656116886,-0.0008116310890703846,1.0,-172.22902899358758
-0.6754079568375984,-0.0008116310890703846,1.0,-172.57926652758835
-0.6767814373630915,-0.0008116310890703846,1.0,-172.41966146286774
-0.6761555351485009,-0.0008116310890703846,1.0,-172.26007037726188
-0.6755296877539682,-0.0008116310890703846,1.0,-172.61036408076666
-0.6769033885520261,-0.0008116310890703846,1.0,-172.45080432894815
-0.6762776640350908,-0.0008116310890703846,1.0,-172.29125863765492
-0.6756519946574702,-0.0008116310890703846,1.0,-172.64160819238253
-0.6770259144799315,-0.0008116310890703846,1.0,-172.48209387265481
-0.676400368128058,0.007113988341434195,1.0,-172.32259369501796
-0.6757748772353646,0.007113988341434195,1.0,-172.17441787276883
-0.6751937955794857,0.007113988341434195,1.0,-172.01480012608354
-0.6745678436317002,0.007113988341434195,1.0,-171.85519636788962
-0.6739419465407437,0.007113988341434195,1.0,-171.6956066371971
-0.6733161044595964,0.007113988341434195,1.0,-171.53603097315766
-0.6726903175417948,0.007113988341434195,1.0,-171.37646941506543
-0.6720645859414331,0.007113988341434195,1.0,-171.21692200235762
-0.6714389098131671,0.007113988341434195,1.0,-171.05738877461485
-0.6708132893122152,0.007113988341434195,1.0,-170.89786977156223
-0.6701877245943617,0.007113988341434195,1.0,-170.73836503306958
-0.6695622158159591,0.007113988341434195,1.0,-170.5902368809855
-0.6689813211019039,0.007113988341434195,1.0,-170.43061351272937
-0.6683553471087427,0.007113988341434195,1.0,-170.27100425257294
-0.6677294284414624,0.007113988341434195,1.0,-170.11140914022738
-0.6671035652557937,0.007113988341434195,1.0,-169.95182821554985
-0.6664777577080387,0.007113988341434195,1.0,-169.7922615185435
-0.6658520059550727,0.007113988341434195,1.0,-169.6327090893586
-0.6652263101543474,0.007113988341434195,1.0,-169.47317096829283
-0.6646006704638935,0.007113988341434195,1.0,-169.3136471957924
-0.6639750870423231,0.007113988341434195,2.0,-167.28445796502902
-0.6560174822158001,0.013581362481799659,1.0,-166.89419711883497
-0.654487047524843,0.013921391264173598,1.0,-166.58197206508544
-0.6532626355493546,0.013921391264173598,1.0,-166.26975854274517
-0.652038268795079,0.013921391264173598,1.0,-165.95755661689577
-0.6508139475172384,0.013921391264173598,1.0,-165.64536635310714
-0.6495896719729692,0.013921391264173598,1.0,-165.33318781744183
-0.6483654424213405,0.013921391264173598,1.0,-165.02102107645993
-0.6471412591233723,0.013921391264173598,1.0,-164.70886619722353
-0.645917122342053,0.013921391264173598,1.0,-164.3967232473015
-0.6446930323423589,0.013921391264173598,1.0,-164.08459229477432
-0.6434689893912718,0.013921391264173598,1.0,-163.77247340823882
-0.6422449937577993,0.013921391264173598,1.0,-163.4826542009035
-0.6411084478466804,0.013921391264173598,1.0,-163.1704216920877
-0.6398840066356379,0.013921391264173598,1.0,-162.858200927656
-0.6386596114810038,0.013921391264173598,1.0,-162.5459919752847
-0.6374352626481752,0.013921391264173598,1.0,-162.23379490316867
-0.636210960404583,0.013921391264173598,1.0,-161.92160978002596
-0.6349867050197097,0.013921391264173598,1.0,-161.60943667510298
-0.6337624967651097,0.013921391264173598,1.0,-161.2972756581795
-0.6325383359144295,0.013921391264173598,1.0,-160.98512679957395
-0.6313142227434272,0.013921391264173598,1.0,-160.67299017014824
-0.6300901575299931,0.013921391264173598,1.0,-160.3608658413134
-0.6288661405541702,0.013921391264173598,1.0,-160.04875388503467
-0.6276421720981752,0.013921391264173598,1.0,-159.7588761083939
-0.6265053965035056,0.013921391264173598,1.0,-159.44664780134255
-0.6252809717699708,0.013921391264173598,1.0,-159.13443152998383
-0.6240565942352306,0.013921391264173598,1.0,-158.82222736529786
-0.6228322641776386,0.013921391264173598,1.0,-158.51003537882116
-0.62160798187773,0.013921391264173598,1.0,-158.19785564265214
-0.6203837476182437,0.013921391264173598,1.0,-157.88568822945666
-0.6191595616841438,0.013921391264173598,1.0,-157.57353321247348
-0.6179354243626412,0.013921391264173598,1.0,-157.26139066552003
-0.6167113359432157,0.013921391264173598,1.0,-156.9492606629978
-0.6154872967176385,0.013921391264173598,1.0,-156.63714327989857
-0.6142633069799943,0.013921391264173598,1.0,-156.34733562751572
-0.6131268063824146,0.013921391264173598,1.0,-156.03509945823225
-0.611902350816597,0.013921391264173598,1.0,-155.7228755567894
-0.6106779433599585,0.013921391264173598,1.0,-155.41066399712645
-0.6094535843024567,0.013921391264173598,1.0,-155.0984648537749
-0.6082292739363722,0.013921391264173598,1.0,-154.7862782018648
-0.6070050125563325,0.013921391264173598,1.0,-154.47410411713037
-0.6057808004593348,0.013921391264173598,1.0,-154.16194267591624
-0.6045566379447697,0.013921391264173598,1.0,-153.84979395518366
-0.6033325253144457,0.013921391264173598,1.0,-153.53765803251645
-0.6021084628726134,0.013921391264173598,1.0,-153.2255349861274
-0.6008844509259899,0.013921391264173598,1.0,-152.9134248948648
-0.5996604897837836,0.013921391264173598,1.0,-152.6235562190774
-0.5985237498787349,0.013921391264173598,1.0,-152.31132435620776
-0.5972993112008147,0.013921391264173598,1.0,-151.9991050794165
-0.5960749218800647,0.013921391264173598,1.0,-151.68689846642187
-0.5948505822212622,0.013921391264173598,1.0,-151.37470459558023
-0.5936262925316871,0.013921391264173598,1.0,-151.06252354589233
-0.5924020531211465,0.013921391264173598,1.0,-150.75035539701025
-0.5911778643020009,0.013921391264173598,1.0,-150.43820022924373
-0.5899537263891912,0.013921391264173598,1.0,-150.12605812356716
-0.5887296397002635,0.013921391264173598,1.0,-149.81392916162648
-0.5875056045553979,0.013921391264173598,1.0,-149.50181342574584
-0.5862816212774347,0.013921391264173598,1.0,-149.18971099893483
-0.5850576901919013,0.013921391264173598,1.0,-148.89977825628534
-0.5839206990442563,0.013921391264173598,1.0,-148.58755091871484
-0.5826962781126072,0.013921391264173598,1.0,-148.27533650236612
-0.5814719078524162,0.013921391264173598,1.0,-147.96313508903378
-0.5802475885844462,0.013921391264173598,1.0,-147.65094676120071
-0.5790233206321597,0.013921391264173598,1.0,-147.3387716020454
-0.5777991043217467,0.013921391264173598,1.0,-147.0266096954493
-0.5765749399821543,0.013921391264173598,1.0,-146.71446112600424
-0.5753508279451147,0.013921391264173598,1.0,-146.40232597901962
-0.574126768545175,0.013921391264173598,1.0,-146.09020434053048
-0.5729027621197275,0.013921391264173598,1.0,-145.77809629730493
-0.5716788090090389,0.013921391264173598,1.0,-145.48823761583736
-0.5705421082974015,0.013921391264173598,1.0,-145.17600185038245
-0.5693176543152252,0.013921391264173598,1.0,-144.86377927411544
-0.5680932520553548,0.013921391264173598,1.0,-144.55156997249995
-0.566868901852941,0.013921391264173598,1.0,-144.23937403173582
-0.5656446040460228,0.013921391264173598,1.0,-143.927191538767
-0.5644203589755569,0.013921391264173598,1.0,-143.61502258128976
-0.5631961669854502,0.013921391264173598,1.0,-143.30286724776076
-0.5619720284225911,0.013921391264173598,0.0,-144.8869138087783
-0.5681839757206992,0.007454017123808138,1.0,-144.81584722192724
-0.5679052832232441,0.007113988341434193,1.0,-144.65634777295966
-0.567279795188077,0.007113988341434193,1.0,-144.49686522225355
-0.5666543734206021,0.007113988341434193,1.0,-144.34863095486335
-0.5660730625680916,0.007113988341434193,1.0,-144.1890081389587
-0.5654470907410145,0.007113988341434193,1.0,-144.0294020028197
-0.564821184324783,0.007113988341434193,1.0,-143.86981260195884
-0.5641953435370936,0.007113988341434193,1.0,-143.7102399921295
-0.5635695685965862,0.007113988341434193,1.0,-143.55068422932695
-0.5629438597228508,0.007113988341434193,1.0,-143.3911453697898
-0.5623182171364306,0.007113988341434193,1.0,-143.2316234700013
-0.5616926410588287,0.007113988341434193,1.0,-143.07211858669055
-0.5610671317125119,0.007113988341434193,1.0,-142.91263077683385
-0.560441689320917,0.007113988341434193,1.0,-142.76445281629913
-0.5598605992796044,0.007113988341434193,1.0,-142.6048232287941
-0.5592346008972318,0.007113988341434193,1.0,-142.44521049138044
-0.5586086685936488,0.007113988341434193,1.0,-142.28561466076442
-0.5579828025912331,0.007113988341434193,1.0,-142.12603579390085
-0.5573570031133366,0.007113988341434193,1.0,-141.9664739479945
-0.5567312703842922,0.007113988341434193,1.0,-141.80692918050158
-0.5561056046294179,0.007113988341434193,1.0,-141.64740154913102
-0.5554800060750237,0.007113988341434193,1.0,-141.48789111184576
-0.5548544749484148,0.007113988341434193,1.0,-141.32839792686414
-0.5542290114778986,0.007113988341434193,1.0,-141.18027753851513
-0.5536481472098632,0.007113988341434193,1.0,-141.02064103050805
-0.5530221216882667,0.007113988341434193,1.0,-140.86102154641085
-0.5523961629271014,0.007113988341434193,1.0,-140.70141914416223
-0.5517702711535774,0.007113988341434193,1.0,-140.5418338819577
-0.5511444465959126,0.007113988341434193,1.0,-140.38226581825126
-0.5505186894833382,0.007113988341434193,1.0,-140.2227150117565
-0.5498930000461039,0.007113988341434193,1.0,-140.06318152144837
-0.5492673785154838,0.007113988341434193,1.0,-139.90366540656424
-0.5486418251237815,0.007113988341434193,1.0,-139.74416672660567
-0.548016340104336,0.007113988341434193,1.0,-139.58468554133944
-0.5473909236915271,0.007113988341434193,1.0,-139.4364616365323
-0.5468096534765973,0.007113988341434193,1.0,-139.27683525548753
-0.5461836676685785,0.007113988341434193,1.0,-139.11722613498327
-0.545557749548954,0.007113988341434193,1.0,-138.95763433449667
-0.5449318993509673,0.007113988341434193,1.0,-138.79805991377222
-0.5443061173089105,0.007113988341434193,1.0,-138.63850293282263
-0.543680403658128,0.007113988341434193,1.0,-138.47896345193092
-0.5430547586350232,0.007113988341434193,1.0,-138.31944153165145
-0.5424291824770645,0.007113988341434193,1.0,-138.15993723281161
-0.5418036754227906,0.007113988341434193,1.0,-138.0004506165133
-0.5411782377118167,0.007113988341434193,1.0,-137.85228514355106
-0.5405971966413767,0.007113988341434193,1.0,-137.69265171021985
-0.5399711831773326,0.007113988341434193,1.0,-137.53303571987595
-0.5393452381171606,0.007113988341434193,1.0,-137.37343723332114
-0.5387193616992986,0.007113988341434193,1.0,-137.21385631163326
-0.5380935541632678,0.007113988341434193,1.0,-137.05429301616797
-0.5374678157496784,0.007113988341434193,1.0,-136.89474740856022
-0.5368421467002362,0.007113988341434193,1.0,-136.73521955072567
-0.5362165472577477,0.016240833004519215,1.0,-136.06582396709948
-0.5335914665376451,0.016240833004519215,1.0,-135.90632790911323
-0.5329659918004441,0.016240833004519215,1.0,-135.23695739895615
-0.5303410094076713,0.016240833004519215,1.0,-135.08876216915255
-0.5297598516437355,0.016240833004519215,1.0,-134.92913040747203
-0.5291338447351844,0.016240833004519215,1.0,-134.2596549034029
-0.52650845060158,0.016240833004519215,1.0,-134.10005450880934
-0.5258825667012131,0.016240833004519215,1.0,-133.43060299667764
-0.5232572666536377,0.016240833004519215,1.0,-133.2710344257291
-0.5226315075518788,0.016240833004519215,1.0,-133.1114840327104
-0.5220058197361193,0.016240833004519215,1.0,-132.44207120636287
-0.5193806713975014,0.016240833004519215,1.0,-132.28255329513414
-0.5187551109613103,0.016240833004519215,1.0,-131.6131659251759
-0.5161300624516703,0.016240833004519215,1.0,-131.45368097569076
-0.5155046312772187,0.016240833004519215,1.0,-131.30553418275673
-0.5149236634617911,0.016240833004519215,1.0,-130.6360396945022
-0.5122981948804007,0.016240833004519215,1.0,-130.47641441464953
-0.5116722133907825,0.016240833004519215,1.0,-129.80694424057185
-0.5090468401591053,0.016240833004519215,1.0,-129.64735146109547
-0.508420986121943,0.016240833004519215,1.0,-129.48777730858794
-0.5077952051317174,0.016240833004519215,0.0,-130.76999463087213
-0.5128235083563614,0.009773458864153733,1.0,-130.8634277265463
-0.5131899126531227,0.00943343008177979,1.0,-130.3465066534037
-0.5111627711898186,0.00943343008177979,1.0,-130.33960446755043
-0.5111357037943154,0.00943343008177979,1.0,-130.33272223306025
-0.511108714639452,0.00943343008177979,1.0,-129.8158600117621
-0.5090818039676945,0.00943343008177979,1.0,-129.80901763275807
-0.5090549711088552,0.00943343008177979,1.0,-129.29219531684333
-0.5070282169287974,0.00943343008177979,1.0,-129.28539312042477
-0.5070015416487246,0.00943343008177979,1.0,-129.27905831316747
-0.5069766992673234,0.00943343008177979,1.0,-128.76209671934132
-0.5049493988993777,0.00943343008177979,1.0,-128.75515323604597
-0.5049221695531214,0.00943343008177979,1.0,-128.23823066158164
-0.502895022202281,0.00943343008177979,1.0,-128.23132726738586
-0.5028679500681799,0.00943343008177979,1.0,-128.22444415246528
-0.5028409574606482,0.00943343008177979,1.0,-127.70758138063927
-0.5008140446299578,0.00943343008177979,1.0,-127.19073877753577
-0.49878721089229716,0.044871450742957036,1.0,-126.16391661511089
-0.49476045731416035,0.044871450742957036,1.0,-125.13711533450324
-0.49073378562550285,0.044871450742957036,1.0,-124.11080120858009
-0.48670902434737284,0.044871450742957036,1.0,-123.08383581620875
-0.48268170908317154,0.044871450742957036,1.0,-122.05688942257208
-0.47865446832381203,0.044871450742957036,1.0,-121.02996251128619
-0.47462730396582814,0.044871450742957036,1.0,-120.00305558251213
-0.4706002179706358,0.044871450742957036,1.0,-118.97616915366895
-0.46657321236732924,0.044871450742957036,1.0,-117.94930376018422
-0.46254628925562435,0.044871450742957036,1.0,-116.92245995628372
-0.45851945080895573,0.044871450742957036,1.0,-115.89563831582332
-0.4544926992777385,0.044871450742957036,1.0,-114.86883943316523
-0.45046603699280485,0.044871450742957036,1.0,-113.84206392410171
-0.4464394663690263,0.044871450742957036,1.0,-112.81559409585799
-0.44241409449356073,0.044871450742957036,1.0,-111.7886371730061
-0.43838681244316113,0.044871450742957036,1.0,-110.76170134338584
-0.434359613111317,0.044871450742957036,1.0,-109.73478719919041
-0.43033249882035457,0.044871450742957036,1.0,-108.70789535497696
-0.4263054719803018,0.044871450742957036,1.0,-108.19102636380264
-0.4242785347600104,0.044871450742957036,1.0,-107.16418114015369
-0.42025169074570073,0.044871450742957036,1.0,-106.13736009018272
-0.41622494153012835,0.044871450742957036,1.0,-105.11056392234488
-0.4121982898915485,0.044871450742957036,1.0,-104.08379337303373
-0.40817173871777934,0.044871450742957036,1.0,-103.05735738487041
-0.40414649954851145,0.044871450742957036,1.0,-102.03038856154367
-0.40011917082958304,0.044871450742957036,1.0,-101.00344262733354
-0.39609193187189623,0.044871450742957036,1.0,-99.97652028758222
-0.39206478544149886,0.044871450742957036,1.0,-98.94962227689614
-0.38803773441920053,0.044871450742957036,1.0,-97.92274936067871
-0.38401078180658316,0.044871450742957036,1.0,-96.89590233676029
-0.3799839307323932,0.044871450742957036,1.0,-95.86908203713267
-0.3759571844593438,0.044871450742957036,1.0,-94.84228932979613
-0.3719305463913574,0.044871450742957036,1.0,-93.8155251207275
-0.3679040200812843,0.044871450742957036,1.0,-92.78913245571786
-0.3638789508067367,0.044871450742957036,1.0,-91.76214848326886
-0.3598515626794857,0.044871450742957036,1.0,-90.73518964730836
-0.35582427312669945,0.044871450742957036,1.0,-89.708256811106
-0.351797085533749,0.06349813514152262,1.0,-88.17135129600494
-0.3457700050823723,0.06349813514152262,1.0,-86.63447305325083
-0.3397430315813758,0.06349813514152262,1.0,-85.60762355606623
-0.33571617080810284,0.06349813514152262,1.0,-84.07080434653655
-0.3296894288099472,0.06349813514152262,1.0,-82.53401697848514
-0.3236628116803339,0.06349813514152262,1.0,-80.99726326432815
-0.3176363265267771,0.06349813514152262,1.0,-79.46094442687546
-0.3116115467720606,0.06349813514152262,1.0,-78.43393514142751
-0.3075840593781471,0.06349813514152262,1.0,-76.8969566328994
-0.30155669267803686,0.06349813514152262,1.0,-75.36000649952953
-0.29552943725305697,0.06349813514152262,1.0,-73.8230865135766
-0.2895023000532416,0.06349813514152262,1.0,-72.28619859798735
-0.28347528861955823,0.06349813514152262,1.0,-71.2593448364232
-0.27944841112322816,0.06349813514152262,1.0,-69.72252743969105
-0.27342167623408253,0.06349813514152262,1.0,-68.18574866653172
-0.26739509280992835,0.06349813514152262,1.0,-66.64901118866777
-0.2613686713281089,0.06349813514152262,1.0,-65.11280492570802
-0.2553443330419922,0.06349813514152262,1.0,-64.08575728598267
-0.2513166952391477,0.06349813514152262,1.0,-62.54874673449464
-0.24528920288037112,0.06349813514152262,1.0,-61.01176961676157
-0.2392618416343591,0.06349813514152262,1.0,-59.47482852481706
-0.23323462166594927,0.06349813514152262,1.0,-57.93792632566996
-0.22720755421831357,0.06349813514152262,1.0,-56.91106618886409
-0.22318065172103566,0.06349813514152262,1.0,-55.37425154637474
-0.2171539276328421,0.06349813514152262,1.0,-53.837485978302006
-0.2111273959933412,0.06349813514152262,1.0,-52.30077381054043
-0.2051010737668252,0.06349813514152262,1.0,-50.764119892632074
-0.19907497997110615,0.06349813514152262,1.0,-49.73763770731351
-0.19504955963652357,0.06349813514152262,1.0,-48.20057789433407
-0.1890218740954277,0.06349813514152262,1.0,-46.663558550182614
-0.18299434725561808,0.06349813514152262,1.0,-45.126583809985455
-0.17696699533327628,0.06349813514152262,1.0,-43.58965839195951
-0.17093983683121378,0.06349813514152262,1.0,-42.56278768628928
-0.16691289288740896,0.06349813514152262,1.0,-41.025977729991666
-0.16088618717643793,0.06349813514152262,1.0,-39.48923504387202
-0.15485974527008636,0.06349813514152262,1.0,-37.95256779946956
-0.14883359921360614,0.06349813514152262,1.0,-36.92597849147534
-0.14480775879009938,0.060276263540335086,1.0,-35.38964728741926
-0.13878293053889906,0.060276263540335086,1.0,-33.85250231928874
-0.13275491105603426,0.060276263540335086,1.0,-32.82540121386815
-0.12872706358379665,0.060276263540335086,1.0,-31.28836754620593
-0.12269948057335658,0.060276263540335086,1.0,-29.75140005338058
-0.1166721570720807,0.060276263540335086,1.0,-28.72450951119321
-0.1126451353380126,0.060276263540335086,1.0,-27.187708781616724
-0.10661846581026166,0.060276263540335086,1.0,-25.651012718879812
-0.10059220674070515,0.060276263540335086,1.0,-24.624432683309447
-0.09656640267964489,0.060276263540335086,1.0,-23.088001870896516
-0.09054118380743732,0.060276263540335086,1.0,-21.55201042797683
-0.0845176879528503,0.060276263540335086,1.0,-20.524666904793552
-0.08048888982271982,0.060276263540335086,1.0,-18.987421017472478
-0.07446047457832344,0.060276263540335086,1.0,-17.450250565867197
-0.06843235516026351,0.060276263540335086,1.0,-16.423173652647744
-0.06440460255940292,0.060276263540335086,1.0,-14.886232614310586
-0.05837738280121798,0.060276263540335086,1.0,-13.34946038776363
-0.05235082505005345,0.060276263540335086,1.0,-12.322908366384699
-0.048325130848567446,0.060276263540335086,1.0,-10.78667893788297
-0.042300701717188124,0.060276263540335086,1.0,-9.76082436520591
-0.038277742608650626,0.060276263540335086,1.0,-8.225707562064171
-0.03225767671397714,0.060276263540335086,1.0,-6.688718733253439
-0.026230269542170347,0.060276263540335086,1.0,-5.6608104248778695
-0.022199256568148508,0.060276263540335086,1.0,-4.123155005690864
-0.01616923531643476,0.060276263540335086,1.0,-2.5855216708173487
-0.010139300669871955,0.060276263540335086,1.0,-1.5579886496587811
-0.006109759410426593,0.060276263540335086,1.0,-0.04521556508904039
-0.0001773159415256486,0.060276263540335086,1.0,-1.5184343373856724
0.005954644460335971,0.060276263540335086,1.0,-2.5464954560179924
0.009986256690266638,0.060276263540335086,1.0,-4.083924362998668
0.016015389658818307,0.060276263540335086,1.0,-5.621487336340151
0.022045048377804514,0.060276263540335086,1.0,-6.646496126900375
0.02606469069372696,0.060276263540335086,1.0,-8.181489460142377
0.032084272392715205,0.060276263540335086,1.0,-9.717330465858648
0.038107178297484896,0.060276263540335086,1.0,-10.743680197960254
0.042132079207687266,0.060276263540335086,1.0,-12.280334136247086
0.048158173083321903,0.060276263540335086,1.0,-13.307217257142817
0.05218516571428555,0.03505949764129228,1.0,-13.82428460199195
0.054212880792125294,0.03505949764129228,1.0,-14.851491922275645
0.05824114479323782,0.03505949764129228,1.0,-15.368852917090155
0.06027001143956924,0.03505949764129228,1.0,-16.39628465468078
0.06429915550855207,0.03505949764129228,1.0,-16.912662809929344
0.06632416788207586,0.03505949764129228,1.0,-17.9388738049018
0.0703485247251051,0.03505949764129228,1.0,-18.965288743934767
0.07437368134876379,0.03505949764129228,1.0,-19.481878728262426
0.07639952442455854,0.03505949764129228,1.0,-20.50861100769561
0.08042592552037495,0.03505949764129228,1.0,-21.02547410044632
0.0824528396095934,0.03505949764129228,1.0,-22.052451808368417
0.08648020317007224,0.03505949764129228,1.0,-22.569538774322282
0.0885079951934207,0.03505949764129228,1.0,-23.596709368620278
0.09253611517105992,0.03505949764129228,1.0,-24.113982599189573
0.09456463764388068,0.03505949764129228,1.0,-25.140494224639124
0.09859017342995734,0.03505949764129228,1.0,-25.65692702397719
0.10061540009402818,0.03505949764129228,1.0,-26.683470152145947
0.10464105942018018,0.03505949764129228,1.0,-27.20012955588082
0.10666717472894441,0.03505949764129228,1.0,-28.226889056945286
0.11069368257625603,0.03505949764129228,1.0,-28.743742769009664
0.11272055987846927,0.03505949764129228,1.0,-29.770682042523212
0.1167477727157773,0.03505949764129228,1.0,-30.287703872307194
0.11877530930316546,0.03505949764129228,1.0,-31.314793783325698
0.12280311287578705,0.03505949764129228,1.0,-31.831962244156927
0.12483122448688991,0.03505949764129228,1.0,-32.85855704581375
0.12885708645417157,0.03505949764129228,1.0,-33.37508460576403
0.13088268472848638,0.03505949764129228,1.0,-34.401695289372384
0.13490860897793094,0.03505949764129228,1.0,-35.42839198736724
0.13893487053869508,0.03505949764129228,1.0,-35.945167455500034
0.1409614410019609,0.03505949764129228,1.0,-36.97201544900255
0.14498829587844136,0.03505949764129228,1.0,-37.48893230003136
0.1470154207844367,0.03505949764129228,1.0,-38.515911658473065
0.1510427908175414,0.03505949764129228,1.0,-39.032955096431174
0.15307041214286737,0.03505949764129228,1.0,-40.06004908105584
0.15709823169041504,0.03505949764129228,1.0,-40.576702054375936
0.15912432178186645,0.03505949764129228,1.0,-41.60328374061165
0.16315013231612413,0.03505949764129228,1.0,-42.11994011638556
0.16517623575053159,0.002741030389401725,1.0,-42.126662204545035
0.16520259688056876,0.002741030389401725,0.0,-40.16326356521226
0.15750299437338142,-0.003726343750963752,0.0,-38.298649632838064
0.15019078287387475,-0.00939649903804622,1.0,-37.9614018809435
0.14886824267036666,-0.009623124714678511,1.0,-38.20084865539229
0.1498072496289894,-0.009623124714678511,1.0,-37.93066979114336
0.14874772467115044,-0.009623124714678511,1.0,-37.66054996567941
0.14768843123795847,-0.009623124714678511,1.0,-37.40926686269019
0.1467030073046674,-0.009623124714678511,1.0,-37.138635317441015
0.14564170712721966,-0.009623124714678511,1.0,-36.868057439739026
0.14458061741074127,-0.009623124714678511,1.0,-36.59753441993088
0.14351974282325836,-0.009623124714678511,1.0,-36.32706748357577
0.14245908817088537,-0.009623124714678511,1.0,-36.056657892747374
0.1413986584029309,-0.009623124714678511,1.0,-35.78630694739382
0.14033845861723065,-0.009623124714678511,1.0,-36.02570978285237
0.1412772932660877,-0.009623124714678511,1.0,-35.75550301490837
0.1402176588819936,-0.009623124714678511,1.0,-35.485358479801924
0.13915826854824281,-0.009623124714678511,1.0,-35.23447710488789
0.1381744200191682,-0.009623124714678511,1.0,-34.96379156457469
0.13711290809637133,-0.009623124714678511,1.0,-34.69316221371715
0.13605161652438097,-0.009623124714678511,1.0,-34.422590377594624
0.13499055050037106,-0.009623124714678511,1.0,-34.15207742319873
0.13392971538509307,-0.009623124714678511,1.0,-33.88162476087537
0.13286911670931517,-0.009623124714678511,1.0,-34.12088932324701
0.1338074091107726,-0.009623124714678511,1.0,-33.85058694141397
0.13274739977025085,-0.009623124714678511,1.0,-33.58034878388388
0.1316876422897407,-0.009623124714678511,1.0,-33.31017641376984
0.13062814279909743,-0.009623124714678511,1.0,-33.04007144492514
0.1295689076271574,-0.009623124714678511,1.0,-32.78900351419627
0.128584327506652,-0.009623124714678511,1.0,-32.51831626865835
0.12752280889669942,-0.009623124714678511,1.0,-32.24768944503029
0.12646152723541287,-0.009623124714678511,1.0,-31.977124577389016
0.12540048853878044,-0.009623124714678511,1.0,-32.21623316524851
0.12633816927548436,-0.009623124714678511,1.0,-31.94582515767512
0.125277745716373,-0.009623124714678511,1.0,-31.675483433594994
0.12421758209252938,-0.009623124714678511,1.0,-31.405209704749065
0.123157685116663,-0.009623124714678511,1.0,-31.135005741876626
0.12209806173284951,-0.009623124714678511,1.0,-30.864873377258938
0.12103871912650563,-0.012057569685385464,1.0,-30.594814507394492
0.11997966473488035,-0.012057569685385464,1.0,-30.34353020107406
0.11899423608264337,-0.012057569685385464,1.0,-30.07284097547768
0.1179327097077556,-0.012057569685385464,1.0,-29.802217093856566
0.11687143958375124,-0.012057569685385464,1.0,-29.531660352619113
0.11581043275536906,-0.012057569685385464,1.0,-29.261172614159985
0.11474969652611759,-0.012057569685385464,1.0,-28.990755809895486
0.11368923847017838,-0.012057569685385464,1.0,-28.720411943466672
0.11262906644496733,-0.012057569685385464,1.0,-28.450143094121138
0.11156918860439662,-0.012057569685385464,1.0,-28.17995142028506
0.1105096134128826,-0.012057569685385464,1.0,-27.909839163337992
0.109450349660149,-0.012057569685385464,1.0,-27.639808651603882
0.10839140647687798,-0.012057569685385464,1.0,-27.38858756526454
0.10740622574613545,-0.012057569685385464,1.0,-27.117859467872293
0.10634454693283253,-0.012057569685385464,1.0,-26.847203122829953
0.10528314950129394,-0.012057569685385464,1.0,-26.576620722315717
0.10422204204829692,-0.012057569685385464,1.0,-26.306114548090594
0.1031612335219239,-0.012057569685385464,1.0,-26.03568697608761
0.10210073323955926,-0.012057569685385464,1.0,-25.765340481283843
0.10104055090699546,-0.012057569685385464,1.0,-25.495077642875717
0.0999806966387283,-0.012057569685385464,1.0,-25.22490114977959
0.0989211809795278,-0.012057569685385464,1.0,-24.954813806481354
0.09786201492737787,-0.012057569685385464,1.0,-24.684818539261435
0.09680320995788798,-0.012057569685385464,1.0,-24.43367612620791
0.09581833774983493,-0.012057569685385464,1.0,-24.162899999084583
0.09475647058464542,-0.012057569685385464,1.0,-23.892203410133877
0.09369491533385835,-0.012057569685385464,1.0,-23.62158909380941
0.0926336827208212,-0.012057569685385464,1.0,-23.351059910471943
0.09157278396263507,-0.012057569685385464,1.0,-23.080618853666728
0.09051223079869306,-0.012057569685385464,1.0,-22.810269057907558
0.0894520355212061,-0.012057569685385464,1.0,-22.54001380700869
0.08839221100787722,-0.012057569685385464,1.0,-22.269856543010267
0.087332770756903,-0.012057569685385464,1.0,-21.999800875746207
0.08627372892449493,-0.012057569685385464,1.0,-21.729850593108594
0.08521510036513175,-0.012057569685385464,1.0,-21.478808759431807
0.08423062258600708,-0.012057569685385464,1.0,-21.207971781285686
0.08316851678935563,-0.012057569685385464,1.0,-20.937223992867043
0.08210676075634135,-0.012057569685385464,1.0,-20.666568899536195
0.08104536823347527,-0.012057569685385464,1.0,-20.396010191485463
0.07998435369209986,-0.012057569685385464,1.0,-20.12555175599396
0.07892373237644691,-0.012057569685385464,1.0,-19.85519769066317
0.07786352035554185,-0.012057569685385464,1.0,-19.584952317724763
0.0768037345793128,-0.012057569685385464,1.0,-19.314820199522977
0.0757443929393058,-0.012057569685385464,1.0,-19.04480615528446
0.07468551433444885,-0.012057569685385464,1.0,-18.774915279301066
0.07362711874235713,-0.012057569685385464,1.0,-18.524006555592337
0.0726431629631072,-0.012057569685385464,1.0,-18.25308999181856
0.07158074506595513,-0.012057569685385464,1.0,-17.9822748763147
0.07051872500515569,-0.012057569685385464,1.0,-17.71156586260406
0.06945712102981985,-0.012057569685385464,1.0,-17.44096789124663
0.06839595251469267,-0.012057569685385464,1.0,-17.170486212153175
0.0673352400476595,-0.012057569685385464,1.0,-16.900126408997664
0.06627500552548103,-0.012057569685385464,1.0,-16.629894425959844
0.06521527225866605,-0.012057569685385464,1.0,-16.359796597059262
0.06415606508650692,-0.012057569685385464,1.0,-16.089839678376084
0.06309741050343562,-0.012057569685385464,1.0,-15.82003088349232
0.06203933679800909,-0.012057569685385464,1.0,-15.569306615344814
0.06105610437390123,-0.012057569685385464,1.0,-15.298281533775363
0.05999326091676612,-0.012057569685385464,1.0,-15.027373935282123
0.05893087817757695,-0.012057569685385464,1.0,-14.756590290275483
0.057868981530492095,-0.012057569685385464,1.0,-14.48593754989371
0.0568075982348773,-0.012057569685385464,1.0,-14.215423191164598
0.05574675761241019,-0.012057569685385464,1.0,-13.945055267315789
0.05468649124437565,-0.012057569685385464,1.0,-13.674842463926057
0.05362683319186688,-0.012057569685385464,1.0,-13.404794161717309
0.05256782024202866,-0.012057569685385464,1.0,-13.134920506913527
0.05150949218397462,-0.012057569685385464,1.0,-12.865232490241924
0.05045189211859578,-0.012057569685385464,1.0,-12.614780797034003
0.04946972861581962,-0.012057569685385464,1.0,-12.343599069456356
0.04840627086061316,-0.012057569685385464,1.0,-12.072556544405233
0.047343358997667576,-0.012057569685385464,1.0,-11.801662812856128
0.04628103063865148,-0.012057569685385464,1.0,-11.530928361539353
0.045219326907997466,-0.012057569685385464,1.0,-11.260364679248443
0.04415829285979782,-0.012057569685385464,1.0,-10.989984378537166
0.04309797795504771,-0.012057569685385464,1.0,-10.719801335445906
0.04203843660959179,-0.012057569685385464,1.0,-10.449830850424162
0.04097972882519279,-0.012057569685385464,1.0,-10.180089834261635
0.039921920918673075,-0.012057569685385464,1.0,-9.910597023636335
0.03886508636720132,-0.012057569685385464,1.0,-9.660588858626811
0.03788466219069338,-0.012057569685385464,1.0,-9.389161546800931
0.03682024136000365,-0.012057569685385464,1.0,-9.117903931745374
0.0357564860068446,-0.012057569685385464,1.0,-8.846831622974522
0.034693457344998124,-0.012057569685385464,1.0,-8.575962192203159
0.033631224283149644,-0.012057569685385464,1.0,-8.305315489434808
0.03256986466445023,-0.012057569685385464,1.0,-8.034914021699622
0.03150946675176323,-0.012057569685385464,1.0,-7.764783409295872
0.03045013101684656,-0.012057569685385464,1.0,-7.494952938515318
0.02939197230790321,-0.012057569685385464,1.0,-7.225456235280518
0.02833512249129615,-0.012057569685385464,1.0,-6.956332091372619
0.027279733691657333,-0.012057569685385464,1.0,-6.687625484660365
0.026225982292785742,-0.012057569685385464,1.0,-6.435306331479566
0.025236495417566923,-0.012057569685385464,1.0,-6.163653069635422
0.024171188508374207,-0.012057569685385464,1.0,-5.892241580738444
0.023106829728386055,-0.012057569685385464,1.0,-5.621106886446098
0.02204355641743568,-0.012057569685385464,1.0,-5.350291067973045
0.020981533599894294,-0.012057569685385464,1.0,-5.079845125131699
0.019920961275026274,-0.012057569685385464,1.0,-4.809831450137123
0.018862084118184796,-0.012057569685385464,1.0,-4.540327164670385
0.017805204567334844,-0.012057569685385464,1.0,-4.271428689077132
0.016750700741478948,-0.012057569685385464,1.0,-4.003258101797872
0.0156990513795995,-0.012057569685385464,1.0,-3.7359721510553534
0.014650871180609228,-0.012057569685385464,1.0,-3.483515045415335
0.013660843315354257,-0.012057569685385464,1.0,-3.2109130602856326
0.012591815922688756,-0.012057569685385464,1.0,-2.9386201506663685
0.011524000590848503,-0.012057569685385464,1.0,-2.666730994908139
0.010457768607482898,-0.012057569685385464,1.0,-2.3953830818090083
0.00939365914434905,-0.012057569685385464,1.0,-2.12478378150381
0.008332485417662,-0.012057569685385464,1.0,-1.8552606899781448
0.0072755321175613525,-0.012057569685385464,1.0,-1.5873621003181593
0.0062249494130123895,-0.012057569685385464,1.0,-1.3220759234576942
0.005184611464539977,-0.012057569685385464,1.0,-1.0613628773224995
0.004162207362049019,-0.012057569685385464,1.0,-0.8096528067275617
0.003175109045990438,-0.012057569685385464,1.0,-0.5669947326803838
0.0022235087556093484,-0.012057569685385464,1.0,-0.30692452198839193
0.0012036255764250661,-0.012057569685385464,1.0,-0.13176645104141016
-0.0005167311805545497,-0.012057569685385464,1.0,-0.30159945814612543
-0.0011827429731220604,-0.012057569685385464,1.0,-0.561250540133163
-0.0022009825103261296,-0.012057569685385464,1.0,-0.8303506515666984
-0.0032562770649674443,-0.012057569685385464,1.0,-1.101999247017191
-0.004321565674577221,-0.012057569685385464,1.0,-1.3746863556489586
-0.005390926884897877,-0.012057569685385464,1.0,-1.6478965114654853
-0.006462339260648963,-0.012057569685385464,1.0,-1.9214066068129778
-0.007534927869854814,-0.012057569685385464,1.0,-2.1951045271286618
-0.00860825304756338,-0.012057569685385464,1.0,-2.4439691990157866
-0.00958419293731681,-0.012057569685385464,1.0,-2.7098596102530927
-0.010626900432365069,-0.012057569685385464,1.0,-2.9772693645244726
-0.01167556613539009,-0.012057569685385464,0.0,-5.227625611813696
-0.02050049259534783,-0.018524943825750904,1.0,-5.749628506358745
-0.022547562770034293,-0.018864972608124843,1.0,-6.171724756922542
-0.02420284218400997,-0.018864972608124843,1.0,-6.594149912436669
-0.025859411421320273,-0.018864972608124843,1.0,-7.016844571355909
-0.027517037534729054,-0.018864972608124843,1.0,-7.439762797821292
-0.02917554038361291,-0.018864972608124843,1.0,-7.8628685169933235
-0.030834778498013034,-0.018864972608124843,1.0,-8.286133007718627
-0.0324946392459554,-0.018864972608124843,1.0,-8.709533122164691
-0.03415503185162624,-0.018864972608124843,1.0,-9.13304999816397
-0.03581588234574106,-0.018864972608124843,1.0,-9.556668112383274
-0.03747712985248343,-0.018864972608124843,1.0,-9.980374573628191
-0.03913872381814977,-0.018864972608124843,1.0,-10.372225742272729
-0.040675395067736195,-0.018864972608124843,1.0,-10.794334579216736
-0.04233072384006563,-0.018864972608124843,1.0,-11.216635825678045
-0.043986807159521746,-0.018864972608124843,1.0,-11.639108538118155
-0.045643562894581005,-0.018864972608124843,1.0,-12.061734699316933
-0.04730092038947816,-0.018864972608124843,1.0,-12.4844987256084
-0.04895881853179764,-0.018864972608124843,1.0,-12.907387070245036
-0.050617204197039356,-0.018864972608124843,1.0,-13.330387901743185
-0.052276030987228175,-0.018864972608124843,1.0,-13.753490841206608
-0.05393525820081022,-0.018864972608124843,1.0,-14.176686746407544
-0.05559484998591193,-0.018864972608124843,1.0,-14.599967533209831
-0.05725477464003855,-0.018864972608124843,1.0,-15.023326027021955
-0.05891500402753708,-0.018864972608124843,1.0,-15.446755838557495
-0.06057551309238233,-0.018864972608124843,1.0,-15.839202256898622
-0.0621145186545044,-0.018864972608124843,1.0,-16.261577109754317
-0.06377089062648753,-0.018864972608124843,1.0,-16.68406785338719
-0.06542771707210662,-0.018864972608124843,1.0,-17.106665901185185
-0.06708496431837327,-0.018864972608124843,1.0,-17.52936349248069
-0.06874260193129683,-0.018864972608124843,1.0,-17.95215359578502
-0.07040060233641185,-0.018864972608124843,1.0,-18.375029825287353
-0.07205894049132296,-0.018864972608124843,1.0,-18.797986368548695
-0.07371759360215176,-0.018864972608124843,1.0,-19.221017923681508
-0.07537654087718239,-0.018864972608124843,1.0,-19.64411964459669
-0.07703576331214387,-0.018864972608124843,1.0,-20.067287093136766
-0.07869524350249711,-0.018864972608124843,1.0,-20.490516197107326
-0.08035496547885225,-0.018864972608124843,1.0,-20.913803213377093
-0.08201491456226312,-0.018864972608124843,1.0,-21.306527146087895
-0.08355500841603096,-0.018864972608124843,1.0,-21.729027377925892
-0.08521187207029762,-0.018864972608124843,1.0,-22.151610113775615
-0.08686905926970828,-0.018864972608124843,1.0,-22.574270720295694
-0.08852655184429684,-0.018864972608124843,1.0,-22.997004903945054
-0.09018433295664727,-0.018864972608124843,1.0,-23.419808680459944
-0.09184238698219585,-0.018864972608124843,1.0,-23.842678347556117
-0.09350069940218084,-0.018864972608124843,1.0,-24.265610460466387
-0.09515925670771133,-0.018864972608124843,1.0,-24.688601809976415
-0.09681804631363301,-0.018864972608124843,1.0,-25.111649402666604
-0.09847705648104552,-0.018864972608124843,1.0,-25.53475044310639
-0.10013627624747604,-0.018864972608124843,1.0,-25.957902317779798
-0.10179569536384234,-0.018864972608124843,1.0,-26.381102580549474
-0.1034553042374489,-0.018864972608124843,1.0,-26.773986993437884
-0.10499602742524661,-0.018864972608124843,1.0,-27.196560096647985
-0.10665317684959993,-0.018864972608124843,1.0,-27.619197141386827
-0.10831057702504639,-0.018864972608124843,1.0,-28.041895236545535
-0.10996821661390406,-0.018864972608124843,1.0,-28.464651662340795
-0.11162608495035606,-0.018864972608124843,1.0,-28.887463857836437
-0.11328417199151544,-0.018864972608124843,1.0,-29.31032940953773
-0.11494246827269698,-0.018864972608124843,1.0,-29.733246040952523
-0.11660096486648049,-0.018864972608124843,1.0,-30.156211603025117
-0.11825965334519654,-0.018864972608124843,2.0,-28.568689789303725
-0.11203407760511264,-0.012397598467759403,1.0,-28.71940594337213
-0.11262512134655737,-0.012057569685385464,1.0,-28.989463846379454
-0.11368417194658609,-0.012057569685385464,1.0,-29.259599972675545
-0.11474352930460999,-0.012057569685385464,1.0,-29.52981217552122
-0.11580318500204398,-0.012057569685385464,1.0,-29.800098385445626
-0.11686313092331617,-0.012057569685385464,1.0,0.0
