Lateral Error,Yaw Error,Action,Reward
-0.001735104958632622,-0.002189632993767909,1.0,-0.3467327737351369
-0.0013597363675887722,-0.002189632993767909,1.0,-0.7589976161715561
-0.002976461239888455,-0.002189632993767909,1.0,-0.6701234367918908
-0.0026279350462427094,-0.002189632993767909,1.0,-0.5896763312456074
-0.0023124562009631663,-0.002189632993767909,1.0,-0.9889488351901141
-0.0038782307262357416,-0.002189632993767909,1.0,-0.8788911929827038
-0.0034466321293439364,-0.002189632993767909,1.0,-0.7697690403562969
-0.0030187021190443016,-0.002189632993767909,1.0,-1.1694546008393503
-0.004586096473879805,-0.002189632993767909,1.0,-1.0659487306998296
-0.004180191100783647,-0.002189632993767909,1.0,-0.9646419260257144
-0.003782909513826331,-0.002189632993767909,1.0,-0.8663060142480751
-0.003397278487247353,-0.002189632993767909,1.0,-1.2784433644613562
-0.005013503390044535,-0.002189632993767909,1.0,-1.1844397357732899
-0.004644861708914863,-0.002189632993767909,1.0,-1.0940942624526906
-0.004290565735108591,-0.002189632993767909,1.0,-1.4993709768237313
-0.005879886183622476,-0.002189632993767909,1.0,-1.3921333517231256
-0.0054593464773455905,-0.002189632993767909,1.0,-1.285932318486533
-0.00504287183720209,-0.002189632993767909,1.0,-1.1810475445070767
-0.0046315589980669685,-0.002189632993767909,1.0,-1.5877322891212131
-0.006226401133808679,-0.002189632993767909,1.0,-1.4868332735191843
-0.005830718719683076,-0.002189632993767909,1.0,-1.3878462668751272
-0.00544253437990246,-0.002189632993767909,1.0,-1.7994794100330354
-0.007056782000129551,-0.002189632993767909,1.0,-1.7035545811731252
-0.006680606200678922,-0.002189632993767909,1.0,-1.6098866391298468
-0.006313280937764105,-0.002189632993767909,1.0,-1.5102581738971317
-0.005922581074106399,-0.002189632993767909,1.0,-1.9102328300691476
-0.007491109137526068,-0.002189632993767909,1.0,-1.805565876998659
-0.007080650498033957,-0.002189632993767909,1.0,-1.702002210104221
-0.0066745184709969445,-0.002189632993767909,1.0,-2.10971789668009
-0.008273403516392509,-0.002189632993767909,1.0,-2.009024882189791
-0.007878528949763887,-0.002189632993767909,1.0,-1.9097426703231888
-0.007489186942443877,-0.002189632993767909,1.0,-2.321035009289619
-0.009102098075645564,-0.002189632993767909,2.0,-0.33683118353238983
-0.0013209066020878032,0.004277741146597575,1.0,-0.23993886373765225
0.0009409367205398128,0.004617769928971515,2.0,-2.351598300250836
0.00922195411863073,0.011085144069336954,2.0,-3.9767358723267967
0.015595042636575674,0.016755299356419385,2.0,-6.590929431207038
0.025846782083164856,0.02356346086529883,2.0,-9.05970742478392
0.03552826441091733,0.02923361615238126,0.0,-7.6083258180692726
0.029836571835565772,0.023673683839536056,0.0,-6.546979313446262
0.02567442868018142,0.018003528552453626,0.0,-5.010618047909368
0.01964948254082105,0.011195367043574182,1.0,-5.3055664745190185
0.020806143037329482,0.010855338261200245,1.0,-5.161461173524639
0.020241024209900545,0.010855338261200245,2.0,-7.57083273527512
0.029689540138333803,0.01732271240156568,1.0,-8.218091233864534
0.03222780876025307,0.017662741183939623,2.0,-10.24063834422323
0.04015936605577737,0.024130115324305066,1.0,-11.039558135055893
0.04329238484335644,0.024470144106679005,1.0,-11.738112558247181
0.04603181395391052,0.024470144106679005,1.0,-11.929964686338629
0.04678417524054364,0.024470144106679005,1.0,-12.62855479471567
0.04952374429300263,0.024470144106679005,1.0,-13.277426866450234
0.052068340652746015,0.024470144106679005,1.0,-13.975402846567622
0.05480550135908872,0.024470144106679005,1.0,-14.165243143919225
0.05554997311340872,0.024470144106679005,1.0,-14.8634057345319
0.0582878656256153,0.024470144106679005,1.0,-15.561607720815143
0.06102591263064762,0.024470144106679005,1.0,-15.75199058944516
0.06177251211547121,0.024470144106679005,1.0,-16.450316365658015
0.0645110445712079,0.024470144106679005,1.0,-17.14866460266667
0.06724966510849675,0.024470144106679005,1.0,-17.84703266382165
0.06998836338753588,0.024470144106679005,1.0,-18.037912842030142
0.07073691310600055,0.024470144106679005,1.0,-18.736356986311073
0.0734759097502395,0.024470144106679005,0.0,-17.406731921016753
0.06826169380790884,0.018002769966313566,1.0,-17.3441588719733
0.06801630930185606,0.017662741183939623,1.0,-17.890537018727528
0.07015896870089228,0.017662741183939623,1.0,-18.436958861168243
0.07230179945556173,0.017662741183939623,1.0,-18.47524290914213
0.07245193297702796,0.017662741183939623,1.0,-19.021799153221455
0.07459529079694688,0.017662741183939623,1.0,-19.56838661941568
0.07673877105653207,0.017662741183939623,0.0,-18.092965570372417
0.0709528061583232,0.011195367043574182,0.0,-16.216876430173183
0.06359559384381641,0.005525211756491752,0.0,-14.386866491703724
0.05641908428119108,-0.0012829497523877303,0.0,-12.766944455922003
0.05006644884675295,-0.006953105039470197,0.0,-10.162364449693657
0.03985240960664179,-0.013761266548349681,1.0,-9.896424038101152
0.03880950603176923,-0.014101295330723625,1.0,-9.731109748464096
0.038161214699859204,-0.014101295330723625,1.0,-9.566059250946287
0.03751395784684818,-0.014101295330723625,1.0,-8.891288664690764
0.03486779868506182,-0.014101295330723625,1.0,-8.726808295344933
0.03422277762880365,-0.014101295330723625,1.0,-8.573142588877062
0.033620167015204164,-0.014101295330723625,1.0,-7.896880051541567
0.03096815706486889,-0.014101295330723625,1.0,-7.730187426376031
0.030314460495592277,-0.014101295330723625,1.0,-7.563767923897746
0.029661834995677434,-0.014101295330723625,1.0,-7.397639976876548
0.029010352850496267,-0.014101295330723625,1.0,-6.7219693843255754
0.02636066425225716,-0.014101295330723625,1.0,-6.556412179964635
0.0257114203135868,-0.014101295330723625,1.0,-6.3912372358239224
0.025063675434603618,-0.014101295330723625,1.0,-5.716475423751612
0.02241755068137887,-0.014101295330723625,1.0,-5.552174371381932
0.021773232828948753,-0.014101295330723625,1.0,-5.388403631069213
0.021130994631643973,-0.014101295330723625,1.0,-4.726704986014085
0.018536097984368963,-0.014101295330723625,1.0,-4.558859857278898
0.01787788179325058,-0.014101295330723625,1.0,-4.3913973667868875
0.017221166144262307,-0.014101295330723625,1.0,-4.224363020498122
0.016566129492149497,-0.014101295330723625,1.0,-3.548195519529729
0.013914492233449916,-0.014101295330723625,1.0,-3.381972765948985
0.013262638297839158,-0.014101295330723625,1.0,-3.216440982770518
0.012613494050080462,-0.014101295330723625,1.0,-2.5417167035195325
0.009967516484390324,-0.014101295330723625,1.0,-2.378077554634401
0.009325794331899612,-0.014101295330723625,1.0,-2.215826340663235
0.008689515061424449,-0.014101295330723625,1.0,-2.0552917917691067
0.00805996781085924,-0.014101295330723625,1.0,-1.4034828566149802
0.005503854339666588,-0.014101295330723625,1.0,-1.2317921247343449
0.004830557351899391,-0.06839871206671842,1.0,-0.517974613092371
-0.002031272992519102,-0.06839871206671842,1.0,-2.1834358202094006
-0.008562493412585885,-0.06839871206671842,1.0,-3.36497877146208
-0.013195995182204235,-0.06839871206671842,1.0,-5.0586585106068656
-0.019837876512183786,-0.06839871206671842,1.0,-6.753153199905565
-0.026482953725119864,-0.06839871206671842,1.0,-8.447972465377063
-0.0331293037857924,-0.06839871206671842,1.0,-9.633001919162858
-0.037776478114364145,-0.06839871206671842,1.0,-11.328094990877728
-0.044423901925010695,-0.06839871206671842,1.0,-13.023242863819188
-0.05107154064242819,-0.06839871206671842,1.0,-14.208532571760825
-0.05571973557553265,-0.06839871206671842,1.0,-15.903753202431062
-0.06236765961737671,-0.06839871206671842,1.0,-17.598989812622737
-0.06901564632401072,-0.06839871206671842,1.0,-19.29423819034263
-0.07566367917781423,-0.06839871206671842,1.0,-20.479647642131354
-0.08031234369463276,-0.06839871206671842,1.0,-22.174918308307547
-0.08696046395414724,-0.06839871206671842,1.0,-23.870193648864365
-0.09360860254456614,-0.06839871206671842,1.0,-25.055648883802824
-0.09825744660314832,-0.06839871206671842,1.0,-26.750935186567975
-0.1049056281826195,-0.06839871206671842,1.0,-28.44622354801119
-0.11155381783533799,-0.06839871206671842,1.0,-29.63170744745391
-0.11620277430374082,-0.06839871206671842,1.0,-31.327001716607686
-0.1228509871239517,-0.06839871206671842,1.0,-33.02229694120475
-0.12949920369099904,-0.06839871206671842,1.0,-34.717592981279324
-0.13614742345599734,-0.06839871206671842,1.0,-35.90309891317536
-0.1407964663261779,-0.06839871206671842,1.0,-37.59839794756298
-0.1474446978335803,-0.06839871206671842,1.0,-39.29369737371729
-0.15409293087732273,-0.06839871206671842,1.0,-40.47921637589715
-0.15874202500351825,-0.06839871206671842,1.0,-42.16251840335746
-0.16534320942493122,-0.06839871206671842,1.0,-43.85766836716525
-0.1719908563418245,-0.06839871206671842,1.0,-45.55282976407671
-0.17863854809441848,-0.06839871206671842,1.0,-46.73809404709732
-0.18328664332195027,-0.06839871206671842,1.0,-48.43327894722182
-0.18993442724400714,-0.06839871206671842,1.0,-50.12847187400988
-0.19658224264317603,-0.06839871206671842,1.0,-51.31377869556778
-0.2012305046885011,-0.06839871206671842,1.0,-53.008989014836764
-0.20787838829347752,-0.06839871206671842,1.0,-54.70420511397987
-0.21452629456462696,-0.06839871206671842,1.0,-57.92908174049082
-0.22717286957055224,-0.14611974636514022,1.0,-61.663853648588805
-0.24181903391603451,-0.14611974636514022,1.0,-64.88873933913607
-0.25446564446720027,-0.14611974636514022,1.0,-68.62352479475994
-0.2691118619402351,-0.14611974636514022,1.0,-71.8484167784404
-0.2817584971703545,-0.14611974636514022,1.0,-75.59490385370523
-0.29645060334786366,-0.14611974636514022,1.0,-78.81966433297296
-0.3090967228744038,-0.14611974636514022,1.0,-82.55427165075619
-0.3237422417676713,-0.14611974636514022,1.0,-86.28890019604303
-0.33838784390605114,-0.14611974636514022,1.0,-89.51370043598361
-0.3510341193567984,-0.14611974636514022,1.0,-93.24835881523822
-0.3656798384911303,-0.14611974636514022,1.0,-96.47317701060452
-0.37832618435531185,-0.14611974636514022,1.0,-100.20785929880161
-0.3929719972502024,-0.14611974636514022,1.0,-103.4326917280804
-0.40561839893364865,-0.14611974636514022,1.0,-107.16739349065868
-0.4202642881986615,-0.14611974636514022,1.0,-110.39223737443244
-0.4329107348016959,-0.14611974636514022,1.0,-114.12695522415017
-0.44755668715353003,-0.14611974636514022,0.0,-120.94788636225584
-0.47430543671472875,-0.15258712050550569,0.0,-127.21010502786254
-0.49886315697200995,-0.15825727579258814,0.0,-135.04910993254433
-0.5296043526766445,-0.16506543730146755,0.0,-142.18394376488055
-0.55758409319561,-0.17073559258855,0.0,-150.51230376201505
-0.5902443284784904,-0.17754375409742945,0.0,-158.57721080749556
-0.6218714149313551,-0.1900255727449816,0.0,-167.89396406884686
-0.6584077022307719,-0.19683373425386103,0.0,-176.99887139438647
-0.6941132211544567,-0.2025038895409437,0.0,-187.3288080913335
-0.7346227768287589,-0.20931205104982314,0.0,-197.03632560199102
-0.7726914729489843,-0.21498220633690576,0.0,-208.51908212555466
-0.8177218906884496,-0.22179036784578524,0.0,-219.26615056488095
-0.8598672571171802,-0.22746052313286788,0.0,-231.94967894775982
-0.9096065841088621,-0.23426868464174777,2.0,-233.44588239079712
-0.9154740485913612,-0.22895831866482144,2.0,-234.01445339316555
-0.9177037387967276,-0.2232881633777388,2.0,-233.5826998914357
-0.9160105878095518,-0.21648000186885935,2.0,-234.6540134057054
-0.920211817277276,-0.21080984658177673,1.0,-239.63478565427948
-0.9397442574677626,-0.21058322090514442,0.0,-251.45254433849166
-0.9860884091705555,-0.21705059504550986,2.0,-252.1549023731454
-0.9888427544044918,-0.21174022906858392,2.0,-252.48111411094277
-0.9901220161213443,-0.20607007378150122,2.0,-251.33402633229326
-0.98562363267566,-0.1992619122726218,1.0,-256.53308672142555
-1.006012104789904,-0.19892188349024786,1.0,-261.3298319144746
-1.0248228702528415,-0.19892188349024786,1.0,-266.7145654835657
-1.0459394724845714,-0.19892188349024786,1.0,-271.51123926130884
-1.0647499578874855,-0.19892188349024786,1.0,-276.81088125448866
-1.0855328676646614,-0.19892188349024786,1.0,-282.1955201846444
-1.1066490987633115,-0.19892188349024786,1.0,-286.99224418113755
-1.1254597811025002,-0.19892188349024786,1.0,-290.7832757299514
-1.1403265714900057,-0.12481034262513724,1.0,-293.56866364407836
-1.1512496613493268,-0.12481034262513724,1.0,-296.7717715033778
-1.1638108686406972,-0.12481034262513724,1.0,-299.55703109856825
-1.174733455288503,-0.12481034262513724,1.0,-302.3424223440321
-1.1856565582118905,-0.12481034262513724,1.0,-305.5455200962715
-1.1982177258677313,-0.12481034262513724,1.0,-308.3307866707052
-1.2091403398851184,-0.12481034262513724,1.0,-311.6189900646099
-1.2220352551553328,-0.12481034262513724,2.0,-309.78882314462817
-1.214858129978934,-0.11834296848477178,2.0,-308.89671771816285
-1.2113596773261288,-0.11267281319768914,1.0,-311.2642893354804
-1.2206442719038446,-0.11244618752105685,1.0,-313.6989303328149
-1.2301918836580976,-0.11244618752105685,1.0,-316.1337052082452
-1.2397400204244908,-0.11244618752105685,1.0,-319.13967858051944
-1.2515281512961547,-0.11244618752105685,1.0,-321.5744329779673
-1.2610762077567348,-0.11244618752105685,1.0,-324.0746801218544
-1.270881098517076,-0.11244618752105685,1.0,-327.0151641985368
-1.282412408621713,-0.11244618752105685,1.0,-329.51543954943077
-1.2922174099977677,-0.11244618752105685,1.0,-331.95011429728436
-1.3017651541069974,-0.11244618752105685,1.0,-334.45047605654975
-1.3115704943394106,-0.11244618752105685,1.0,-337.3908580645336
-1.3231014041746414,-0.11244618752105685,1.0,-339.8256391301887
-1.332649565216426,-0.11244618752105685,1.0,-342.32584485121725
-1.3424542935341852,-0.11244618752105685,1.0,-345.26636652293985
-1.3539857510703524,-0.11244618752105685,1.0,-347.76659964621274
-1.3637905868478932,-0.11244618752105685,1.0,-350.20130455797863
-1.373338449246975,-0.11244618752105685,1.0,-353.20735680357245
-1.3851268894257744,-0.11244618752105685,2.0,-351.23714597461765
-1.3774005724494809,-0.1059788133806914,1.0,-352.91664562256034
-1.3839868455786681,-0.08217981188566034,1.0,-354.69654851991146
-1.3909668569408293,-0.08217981188566034,1.0,-356.4764791167875
-1.3979469769285786,-0.08217981188566034,1.0,-358.81811158486664
-1.4071298493524182,-0.08217981188566034,1.0,-360.5979716879542
-1.414109692893938,-0.08217981188566034,1.0,-362.37785945985826
-1.4210896449406207,-0.08217981188566034,1.0,-364.15777449486995
-1.428069703901451,-0.08217981188566034,1.0,-365.93771639516723
-1.4350498682163422,-0.08217981188566034,1.0,-367.77226849605677
-1.442244190180615,-0.08217981188566034,1.0,-369.5521268670618
-1.4492240269296541,-0.08217981188566034,1.0,-371.83907877897633
-1.4581924657999072,-0.08217981188566034,1.0,-373.61900531080494
-1.465172569846294,-0.08217981188566034,2.0,-371.6623754454701
-1.457499511550863,-0.0757124377452949,1.0,-373.19199106101524
-1.463498004160844,-0.07537240896292095,2.0,-371.2398413511238
-1.455842515102446,-0.06890503482255551,1.0,-372.5855569552208
-1.4611198311969442,-0.06856500604018158,1.0,-374.0649623986168
-1.4669214211710462,-0.06856500604018158,1.0,-375.5443701876709
-1.4727230203438073,-0.06856500604018158,1.0,-377.0237802947706
-1.4785246286069436,-0.06856500604018158,1.0,-378.5031926927352
-1.4843262458538633,-0.06856500604018158,1.0,-379.98260735480693
-1.490127871979635,-0.06856500604018158,1.0,-381.4620242546435
-1.4959295068809548,-0.06856500604018158,1.0,-383.48333951128933
-1.503856233377605,-0.06856500604018158,0.0,-388.53607756963265
-1.5236708924299318,-0.07503238018054702,1.0,-390.30998924877525
-1.5306274088187266,-0.07537240896292095,1.0,-391.9400232906943
-1.5370196991791933,-0.07537240896292095,1.0,-394.0782025848634
-1.5454047160190723,-0.07537240896292095,1.0,-395.752054171393
-1.5519688398878155,-0.07537240896292095,1.0,-397.3820441261501
-1.5583609573574513,-0.07537240896292095,1.0,-399.012044303266
-1.5647531149147687,-0.07537240896292095,1.0,-400.6420545779726
-1.5711453120704806,-0.07537240896292095,1.0,-402.27207482752334
-1.5775375483432286,0.017171361770675617,1.0,-401.86965072869174
-1.5759594146223206,0.017171361770675617,1.0,-401.4672580265951
-1.5743814040258632,0.017171361770675617,1.0,-401.02099851393814
-1.572631366721326,0.017171361770675617,1.0,-400.618526470916
-1.5710530449839841,0.017171361770675617,1.0,-400.21608582635906
-1.569474846377879,0.017171361770675617,1.0,-399.81367667508204
-1.5678967712748315,0.017171361770675617,1.0,-399.4112991122736
-1.5663188200481317,0.017171361770675617,1.0,-398.96498695195794
-1.564568576282188,0.017171361770675617,1.0,-398.5625296333099
-1.5629903122874897,0.017171361770675617,1.0,-398.1601039050269
-1.5614121721765764,0.017171361770675617,1.0,-397.7577098629923
-1.5598341563254599,0.017171361770675617,1.0,-397.3114563809912
-1.5580841426705538,0.017171361770675617,1.0,-396.9089822583948
-1.5565058127780191,0.017171361770675617,1.0,-397.0146533295452
-1.5569202091354712,0.017171361770675617,0.0,-397.80586305502675
-1.5600229923726538,0.010703987630310175,1.0,-397.71206800986613
-1.5596551686661415,0.010363958847936235,1.0,-397.4637375417286
-1.5586813236930532,0.010363958847936235,1.0,-397.2154428661546
-1.5577076190829593,0.010363958847936235,1.0,-396.9123796579494
-1.5565191359135269,0.010363958847936235,0.0,-397.00963785194295
-1.5569005405958547,0.08972208176775631,0.0,-395.0052005730917
-1.5490400022474184,0.08405192648067365,0.0,-392.7760163163539
-1.540298103201388,0.07724376497179421,1.0,-391.0537189555179
-1.5335439959039916,0.07690373618942024,1.0,-389.14570872204274
-1.5260616028315401,0.07690373618942024,1.0,-387.7404921316022
-1.5205509495356948,0.07690373618942024,1.0,-385.8324988796833
-1.5130686230575816,0.07690373618942024,1.0,-383.92450986065444
-1.505586313179037,0.07690373618942024,1.0,-382.5193606101532
-1.500075923961385,0.07690373618942024,1.0,-380.6113894342197
-1.4925936840557636,0.07690373618942024,1.0,-378.7034227719804
-1.4851114618509036,0.07690373618942024,1.0,-376.88076008059664
-1.4779637650219477,0.07690373618942024,1.0,-375.47552600959534
-1.4724530431748837,0.07690373618942024,1.0,-373.56752740703166
-1.4649706957138497,0.07690373618942024,1.0,-371.65953312210826
-1.4574883651847383,0.07690373618942024,1.0,-371.2600770838801
-1.4559218709171768,0.010612134699256643,1.0,-370.9457546517507
-1.454689233928434,0.010612134699256643,1.0,-370.6315469353934
-1.4534570468054642,0.010612134699256643,1.0,-370.7348552968091
-1.4538621776345453,0.010612134699256643,1.0,-370.42054991657943
-1.452629607515998,0.010612134699256643,1.0,-370.1063594438685
-1.4513974880151705,0.010612134699256643,1.0,-369.706785908882
-1.4498305329760077,0.010612134699256643,1.0,-369.392545179721
-1.448598216391063,0.010612134699256643,1.0,-369.4959149406872
-1.449003588002695,0.010612134699256643,1.0,-369.18157622519743
-1.447770887157637,0.010612134699256643,1.0,-368.867352746383
-1.4465386382211096,0.010612134699256643,1.0,-368.46782679585135
-1.4449718697876524,0.010612134699256643,1.0,-368.15355283990436
-1.4437394229015859,0.010612134699256643,1.0,-368.34216292547814
-1.4444790702959927,0.010612134699256643,1.0,-367.94261214407305
-1.442912204486561,0.010612134699256643,1.0,-367.6283554448943
-1.4416798252740954,0.010612134699256643,1.0,-367.3142146100107
-1.4404479004314146,0.010612134699256643,1.0,-367.4174000477831
-1.4408525492069926,0.010612134699256643,1.0,-367.1031606569377
-1.4396202378703438,0.010612134699256643,1.0,-366.7036577706157
-1.4380535598847672,0.010612134699256643,1.0,-366.3893676347241
-1.4368210495479377,0.010612134699256643,1.0,-367.08076321094387
-1.4395324047487996,-0.06065399171180827,1.0,-368.27496854164406
-1.4442155629084081,-0.06065399171180827,1.0,-369.97201799088805
-1.4508706587877962,-0.06065399171180827,1.0,-371.16624791408583
-1.4555539133885718,-0.06065399171180827,1.0,-372.4458065381567
-1.4605717903457127,-0.06065399171180827,1.0,-374.1427583765209
-1.4672265034373368,-0.06065399171180827,1.0,-375.33695256366303
-1.4719096178967177,-0.06065399171180827,1.0,-376.53115336945996
-1.4765927583116076,-0.06065399171180827,1.0,-378.2281898732694
-1.483247803424586,-0.06065399171180827,1.0,-379.4224148259022
-1.4879310385329496,-0.06065399171180827,1.0,-380.6166461330882
-1.4926142985611304,-0.06065399171180827,1.0,-382.3989548423911
-1.499603744479965,-0.06065399171180827,1.0,-383.5931448056356
-1.5042868423750415,-0.06065399171180827,1.0,-384.78734127173925
-1.5089699657715265,-0.06065399171180827,1.0,-386.4843653697022
-1.5156249622341262,-0.06065399171180827,1.0,-387.6785855523476
-1.5203081786366572,-0.06065399171180827,1.0,-388.87281198392986
-1.524991419544823,-0.06065399171180827,1.0,-390.6551538446227
-1.5319809954691086,-0.06065399171180827,1.0,-391.8493397542332
-1.5366640774675813,-0.06065399171180827,1.0,-393.0435320547376
-1.5413471845283828,-0.06065399171180827,1.0,-394.74054425341757
-1.5480021343271277,-0.06065399171180827,1.0,-395.93475985478995
-1.552685332763882,-0.06065399171180827,1.0,-397.6318347318953
-1.5593405283603738,-0.09865790532345126,1.0,-399.9169221712069
-1.5683016555733604,-0.09865790532345126,1.0,-402.1167864207815
-1.5769285741991432,-0.09865790532345126,1.0,-404.4019182707733
-1.58588987557166,-0.09865790532345126,1.0,-406.60174835291815
-1.5945166602075223,-0.09865790532345126,1.0,-409.3897084684413
-1.6054498371311425,-0.09865790532345126,1.0,-411.58955092972536
-1.6140766703126483,-0.09865790532345126,1.0,-413.87471011451976
-1.6230380788804695,-0.09865790532345126,1.0,-416.07451939180146
-1.6316647819286332,-0.09865790532345126,1.0,-418.3597206448422
-1.6406263554699696,-0.09865790532345126,1.0,-420.5594973994222
-1.649252930978126,-0.09865790532345126,1.0,-422.7593894870631
-1.6578799587727964,-0.09865790532345126,1.0,-425.0444846504196
-1.6668411162761552,-0.09865790532345126,1.0,-427.24434397478433
-1.6754680155873896,-0.09865790532345126,1.0,-429.5294808552461
-1.6844293366872396,-0.09865790532345126,1.0,-431.72930805142653
-1.6930561100055943,-0.09865790532345126,1.0,-434.014485736322
-1.7020175911228315,-0.09865790532345126,1.0,-436.2142814212228
-1.7106442408675402,-0.09865790532345126,1.0,-438.49949902742327
-1.7196058785389148,-0.09865790532345126,1.0,-440.6992638004448
-1.728232407060568,-0.09865790532345126,1.0,-442.8991387810577
-1.7368593677688537,-0.09865790532345126,1.0,-445.68705929314496
-1.7477923893848821,-0.09865790532345126,1.0,-447.8869451236651
-1.7564193926418237,-0.09865790532345126,1.0,-450.1720471443155
-1.7653805770365314,-0.09865790532345126,0.0,-457.07496509891695
-1.7924508435251645,-0.10512527946381671,0.0,-464.4545229249902
-1.821390285980354,-0.11079543475089935,1.0,-467.09112339387457
-1.8317298956622534,-0.11102206042753167,1.0,-469.6608669903579
-1.841807321530815,-0.11102206042753167,1.0,-472.1257273507058
-1.851473440591003,-0.11102206042753167,1.0,-474.69542171402065
-1.8615506733883163,-0.11102206042753167,1.0,-477.16036271296826
-1.871217108678307,-0.11102206042753167,1.0,-480.22914397023106
-1.8832515449812983,-0.11102206042753167,1.0,-482.79882293659034
-1.8933287173983935,-0.11102206042753167,1.0,-485.2637885336299
-1.9029952491514899,-0.11102206042753167,1.0,-487.83342004584307
-1.9130722354738943,-0.11102206042753167,1.0,-490.4031244242414
-1.9231495075460447,-0.11102206042753167,1.0,-492.8680476995318
-1.9328158733314975,-0.11102206042753167,1.0,-495.4377051816083
-1.9428929614965031,-0.11102206042753167,1.0,-498.0074341492407
-1.9529703299970222,-0.11102206042753167,1.0,-500.4723163483029
-1.962636534699227,-0.11102206042753167,1.0,-503.0419989666508
-1.9727137214378463,-0.11102206042753167,1.0,-506.1108281391161
-1.9847483456435924,-0.11102206042753167,1.0,-508.5757347806933
-1.9944146461987973,-0.11102206042753167,1.0,-610.0177220904742
