Lateral Error,Yaw Error,Action,Reward
0.0005670787328578609,0.0006016893126229413,1.0,-0.16607786973499408
0.0006512857636666435,0.0006016893126229413,1.0,-0.1995414662999519
0.0007825155541174584,0.0006016893126229413,1.0,-0.2400321689511025
0.0009413026233376568,0.0006016893126229413,1.0,-0.2845659763401568
0.0011159450052555169,0.0006016893126229413,1.0,-0.3315175033845133
0.0013000686407235815,0.0006016893126229413,1.0,-0.30357323612915244
0.0011904832789378528,0.0006016893126229413,1.0,-0.2831559049957925
0.0011104153137089902,0.0006016893126229413,1.0,-0.2715907413275881
0.001065061730696424,0.0006016893126229413,1.0,-0.27001759649430696
0.001058892535271792,0.0006016893126229413,1.0,-0.27860578145306647
0.0010925716919728099,0.0006016893126229413,1.0,-0.2964735534620264
0.0011626413861255936,0.0006016893126229413,1.0,-0.3220802101131738
0.0012630596475026424,0.0006016893126229413,1.0,-0.3537491526371609
0.0013872515789692583,0.0006016893126229413,1.0,-0.39000637384187764
0.001529436760164226,0.0006016893126229413,1.0,-0.4296919683727671
0.0016850665426383024,0.0006016893126229413,1.0,-0.4127505505743544
0.0016186296100955074,0.0006016893126229413,1.0,-0.40247699279107535
0.0015783411482002956,0.0006016893126229413,2.0,-2.3694288976087505
0.009291878029838238,0.0070690634529884215,1.0,-2.633802822931599
0.01032863852130039,0.007409092235362365,1.0,-2.799046043959155
0.010976651152781002,0.007409092235362365,1.0,-2.9652058056885644
0.011628258061523783,0.007409092235362365,1.0,-3.1321362441215403
0.012282887231849178,0.007409092235362365,1.0,-3.299720397420857
0.012940079989885713,0.007409092235362365,1.0,-3.4678634947667026
0.013599464685359618,0.007409092235362365,1.0,-3.6364880040061514
0.014260737270612358,0.007409092235362365,1.0,-3.791779962583885
0.014869725343466218,0.007409092235362365,1.0,-3.9549557414707492
0.01550963035870882,0.007409092235362365,1.0,-4.118956156248457
0.016152769240190025,0.007409092235362365,1.0,-4.283686494710663
0.016798770567492793,0.007409092235362365,1.0,-4.449065679510773
0.017447316390238325,0.007409092235362365,1.0,-4.615023957034176
0.018098133164839908,0.007409092235362365,1.0,-4.781501029505559
0.018750984429433563,0.007409092235362365,1.0,-4.948444536830807
0.01940566485031689,0.007409092235362365,1.0,-5.115808815894448
0.020061995356448818,0.007409092235362365,1.0,-5.2835538811713345
0.020719819141848374,0.007409092235362365,1.0,-5.4516445828265985
0.021378998364025875,0.007409092235362365,1.0,-5.604188846446549
0.02197721116253549,0.007409092235362365,1.0,-5.768668088584506
0.022622227798370614,0.007409092235362365,1.0,-5.9336477544285655
0.023269206880112022,0.007409092235362365,1.0,-6.099087234888652
0.023917989156426088,0.007409092235362365,1.0,-6.264950102889317
0.024568431776036535,0.007409092235362365,1.0,-6.4312036005998605
0.0252204062768622,0.007409092235362365,1.0,-6.597818198526617
0.025873796856967123,0.007409092235362365,1.0,-6.764767215286421
0.026528498883476158,0.007409092235362365,1.0,-6.93202648876817
0.027184417603012434,0.007409092235362365,1.0,-7.0995740909379785
0.027841467023286187,0.007409092235362365,1.0,-7.253781313912426
0.028446201231029124,0.007409092235362365,1.0,-7.418518465919909
0.029092229278117287,0.007409092235362365,1.0,-7.583635960150572
0.029739748863335573,0.007409092235362365,1.0,-7.749109483724416
0.030388664642056536,0.007409092235362365,1.0,-7.914916706647715
0.031038889045677316,0.007409092235362365,1.0,-8.081037088354389
0.03169034152295839,0.007409092235362365,1.0,-8.247451705909638
0.032342947866312304,0.007409092235362365,1.0,-8.414143101173705
0.03299663961244591,0.007409092235362365,1.0,-8.581095144590286
0.033651353508197195,0.007409092235362365,1.0,-8.748292913577904
0.03430703103363884,0.007409092235362365,1.0,-8.903533404625307
0.03491581727304042,0.007409092235362365,1.0,-9.068431725272049
0.03556247735400804,0.007409092235362365,1.0,-9.233636666683797
0.036210339869348226,0.007409092235362365,1.0,-9.3991320608075
0.03685934141493137,0.007409092235362365,1.0,-9.564902831102701
0.03750942286706942,0.007409092235362365,1.0,-9.730934904115772
0.038160529035748125,0.007409092235362365,1.0,-9.897215129298033
0.03881260835018836,0.007409092235362365,1.0,-10.063731206209663
0.039465612573371237,0.007409092235362365,1.0,-10.23047161834857
0.04011949654254341,0.006800469867715067,1.0,-10.39742557292901
0.04077421793305493,0.006800469867715067,1.0,-10.564582946010018
0.04142973704317655,0.006800469867715067,1.0,-10.71837882780938
0.042032858148272075,0.006800469867715067,1.0,-10.883644188522243
0.04268095760204801,0.006800469867715067,1.0,-11.049154819081897
0.04333001889836038,0.006800469867715067,1.0,-11.214899860341712
0.04397999945232044,0.006800469867715067,1.0,-11.380869070800765
0.04463085910117946,0.006800469867715067,1.0,-11.54705278431217
0.04528255993847909,0.006800469867715067,1.0,-11.713441871134142
0.04593506616131036,0.006800469867715067,1.0,-11.880027702027915
0.046588343929521235,0.006800469867715067,1.0,-12.046802115135284
0.04724236123582465,0.006800469867715067,1.0,-12.213757385394157
0.047897087785859445,0.006800469867715067,1.0,-12.36834622941686
0.04850331854673279,0.006800469867715067,1.0,-12.53365583404007
0.049151591506039496,0.006800469867715067,1.0,-12.69917768792012
0.04980069681537301,0.006800469867715067,1.0,-12.864903598563604
0.05045060234730825,0.006800469867715067,1.0,-13.03082578039728
0.05110127757018541,0.006800469867715067,1.0,-13.196936830399814
0.05175269345254829,0.006800469867715067,1.0,-12.853429476191726
0.05040560578898716,0.006800469867715067,1.0,-13.01995276698904
0.0510586383019178,0.006800469867715067,1.0,-13.186649918670845
0.05171235262223861,0.006800469867715067,1.0,-13.353514420118147
0.05236672321614959,0.006800469867715067,1.0,-13.508333075960216
0.05297385519984399,0.006800469867715067,1.0,-13.673689539740044
0.05362231192054919,0.006800469867715067,1.0,-13.839239648010897
0.054271528031415286,0.006800469867715067,1.0,-14.004976533672679
0.05492147660263795,0.006800469867715067,1.0,-14.170893643314502
0.05557213193456667,0.006800469867715067,1.0,-14.336984719922983
0.056223469489894054,0.006800469867715067,1.0,-14.50324378669282
0.05687546583016793,0.006800469867715067,1.0,-14.669665131861318
0.05752809855631889,0.006800469867715067,1.0,-14.836243294493947
0.058181346252917446,0.006800469867715067,1.0,-15.002973051153912
0.05883518843589769,0.006800469867715067,1.0,-15.169849403393876
0.05948960550350539,0.006800469867715067,1.0,-15.32370711454011
0.06009296907662788,0.006800469867715067,1.0,-15.489262155687081
0.0607422045321062,0.006800469867715067,1.0,-15.654984183663615
0.061392094837896524,0.006800469867715067,1.0,-15.820867950958977
0.0620426194155254,0.006800469867715067,1.0,-15.477036334198498
0.060694260134111756,-0.013901627480606193,1.0,-15.133443362057887
0.0593468367139525,-0.013901627480606193,1.0,-14.79010566660093
0.05800041437882717,-0.013901627480606193,1.0,-14.447041447989326
0.05665506450191893,-0.013901627480606193,2.0,-16.08717489252544
0.06308696036284486,-0.00743425334024073,1.0,-15.996653561953183
0.06273197475275757,-0.007094224557866791,1.0,-16.315464068397052
0.06398221203292961,-0.007094224557866791,1.0,-16.125026424479692
0.06323539774305761,-0.007094224557866791,1.0,-15.934874016789859
0.0624897020266269,-0.007094224557866791,1.0,-15.745017179715736
0.06174516541064995,-0.007094224557866791,2.0,-17.53835721824852
0.06877787144411185,-0.0006268504175013506,1.0,-17.60103850714492
0.06902368042017618,-0.0002868216351274091,1.0,-17.563617218090144
0.06887693026702017,-0.0002868216351274091,1.0,-17.52646925860153
0.06873125199451581,-0.0002868216351274091,1.0,-17.489596370337594
0.06858665243269645,-0.0002868216351274091,1.0,-17.41805748700402
0.06830610779217262,-0.0002868216351274091,1.0,-17.379716923602224
0.06815575264157735,-0.0002868216351274091,1.0,-17.34164858668353
0.06800646504581777,-0.0002868216351274091,1.0,-17.30385427293607
0.06785825205072969,-0.0002868216351274091,1.0,-17.266335781789426
0.06771112071289971,-0.0002868216351274091,1.0,-17.229094915157443
0.06756507809865664,-0.0002868216351274091,1.0,-17.70063034519012
0.06941423664780438,-0.0002868216351274091,1.0,-17.66378989174331
0.06926976428134632,-0.0002868216351274091,1.0,-17.591999101509654
0.06898823177062609,-0.0002868216351274091,1.0,-17.553705258703978
0.06883805983805483,-0.0002868216351274091,1.0,-17.515681141962343
0.0686889456547543,-0.0002868216351274091,1.0,-17.477928511692884
0.06854089612428582,-0.0002868216351274091,1.0,-17.440449130922826
0.06839391816048168,-0.0002868216351274091,1.0,-17.40324476505101
0.06824801868647455,-0.0002868216351274091,1.0,-17.366317181594734
0.06810320463370483,-0.0002868216351274091,1.0,-17.295158697589915
0.06782415175525457,-0.0002868216351274091,1.0,-17.25675333524949
0.06767354249117447,-0.0002868216351274091,1.0,-17.218621855653165
0.06752400727707124,-0.0002868216351274091,1.0,-17.18076608239044
0.06737555326427623,-0.0002868216351274091,1.0,-17.143187841914553
0.06722818761535118,-0.0002868216351274091,1.0,-17.105888963278833
0.06708191750305424,-0.0002868216351274091,1.0,-17.577398999965204
0.06893097647045178,-0.0002868216351274091,1.0,-17.032136619116933
0.06679269262398799,-0.02354096724342106,1.0,-16.450651625380967
0.06451235931521948,-0.02354096724342106,1.0,-15.903518402070857
0.06236673883165041,-0.02354096724342106,1.0,-15.357029904728764
0.06022364668521084,-0.02354096724342106,1.0,-14.811257498566107
0.05808336273947493,-0.02354096724342106,1.0,-14.266283368393397
0.05594620928781725,-0.02354096724342106,1.0,-14.193652712712453
0.05566138318710766,-0.02354096724342106,1.0,-13.646220774639286
0.053514591273095234,-0.02354096724342106,1.0,-13.099519716221433
0.05137066555380955,-0.02354096724342106,1.0,-12.553645025470544
0.049229980492041345,-0.02354096724342106,1.0,-12.008709394424477
0.047092978017350885,-0.02354096724342106,1.0,-11.427522801393241
0.04481381490742447,-0.02354096724342106,1.0,-10.879917818055912
0.042666344384532984,-0.02354096724342106,1.0,-10.333221053636114
0.04052243550445535,-0.02354096724342106,1.0,-9.787584698143693
0.03838268509075958,-0.02354096724342106,1.0,-9.243196544904515
0.03624782958786084,-0.02354096724342106,1.0,-8.66151824544597
0.03396673821743518,-0.02354096724342106,1.0,-8.11363068654609
0.03181815955508271,-0.02354096724342106,1.0,-7.566942499021743
0.029674284309889186,-0.02354096724342106,1.0,-7.0217338253248025
0.02753621107970511,-0.02354096724342106,1.0,-6.478378215903235
0.02540540476824798,-0.02354096724342106,1.0,-5.895815477826867
0.02312084501108575,-0.02354096724342106,1.0,-5.34738393985627
0.020970133097475568,-0.02354096724342106,1.0,-4.800718812454316
0.01882634828413457,-0.02354096724342106,1.0,-4.764206863629989
0.018683164171097996,-0.02354096724342106,1.0,-4.221837380784374
0.016556225022683817,-0.02354096724342106,1.0,-3.6411594015485482
0.014279056476660973,-0.02354096724342106,1.0,-3.0908772338747696
0.012121087191665764,-0.02354096724342106,1.0,-2.5431306743176387
0.009973061467912308,-0.02354096724342106,1.0,-2.0000041106946025
0.007843153375272952,-0.02354096724342106,2.0,-3.4417684845535486
0.0134971313119747,-0.01707359310305562,1.0,-3.108212298774265
0.01218906783833045,-0.01673356432068168,1.0,-2.7099544829961557
0.010627272482337866,-0.01673356432068168,1.0,-2.3152672509828807
0.009079479415619141,-0.01673356432068168,1.0,-1.9263465744616648
0.007554300292006528,-0.01673356432068168,1.0,-1.5475462333352297
0.006068808758177372,-0.01673356432068168,1.0,-1.1049727272190986
0.004333226381251367,-0.01673356432068168,1.0,-0.702061715708967
0.0027531831988586945,-0.01673356432068168,1.0,-0.31393648296100585
0.00123112346259218,-0.026039234197227912,1.0,-0.19483612577531068
-0.0007640632383345517,-0.026039234197227912,1.0,-1.0449968634263949
-0.004098026915397627,-0.026039234197227912,1.0,-1.424164998205154
-0.005584960777275114,-0.026039234197227912,1.0,-1.816098284113039
-0.007121954055345252,-0.026039234197227912,1.0,-2.7239887244878926
-0.010682308723481932,-0.026039234197227912,1.0,-3.1588054921111834
-0.012387472518083073,-0.026039234197227912,1.0,-3.5466295559742465
-0.013908351199899005,-0.026039234197227912,1.0,-4.447268736030697
-0.017440269553061556,-0.026039234197227912,1.0,-4.843056075266291
-0.018992376765750156,-0.026039234197227912,1.0,-5.78641381023248
-0.022691818863656784,-0.026039234197227912,1.0,-6.177086709599884
-0.024223869449411312,-0.026039234197227912,1.0,-6.569928096294943
-0.02576442390703899,-0.026039234197227912,1.0,-7.473682027873601
-0.02930855697205334,-0.026039234197227912,1.0,-7.909154037787817
-0.03101629034426595,-0.026039234197227912,1.0,-8.300170757333749
-0.03254968924444608,-0.026039234197227912,1.0,-9.201223770442741
-0.03608323047232447,-0.026039234197227912,1.0,-9.595681307160156
-0.03763012277317709,-0.026039234197227912,1.0,-10.032040190280911
-0.03934133407953298,-0.026039234197227912,1.0,-10.931112983674662
-0.042867109739900634,-0.026039234197227912,1.0,-11.32406172588068
-0.044408085199532085,-0.026039234197227912,1.0,-11.718073921048402
-0.04595323106293491,-0.026039234197227912,1.0,-12.66238759547587
-0.049656421943042636,-0.026039234197227912,1.0,-13.054185710438968
-0.05119288513897634,-0.026039234197227912,1.0,-13.44697769184959
-0.05273324585039054,-0.026039234197227912,1.0,-14.349344372379349
-0.05627193871521313,-0.026039234197227912,1.0,-14.785441201459049
-0.05798212235866294,-0.026039234197227912,1.0,-15.17726187555407
-0.05951867402178067,-0.026039234197227912,1.0,-16.078229669984463
-0.0630518810587626,-0.026039234197227912,1.0,-16.47197437180778
-0.06459597792865795,-0.026039234197227912,1.0,-17.41614418322295
-0.06829860464009,-0.026039234197227912,1.0,-17.808295008015307
-0.06983645101182473,-0.026039234197227912,1.0,-18.201164894371438
-0.07137711723282916,-0.026039234197227912,1.0,-19.10327052244796
-0.07491478636254102,-0.026039234197227912,2.0,-17.556383434721056
-0.06884856248910218,-0.01957186005686247,2.0,-16.11475750955893
-0.0631951274884664,-0.013901704769780034,2.0,-14.205890243020722
-0.055709373502042046,-0.007093543260900589,1.0,-14.641326999810166
-0.05741696862670653,-0.0029521948995773644,1.0,-14.596230292090844
-0.05724011879251312,-0.0029521948995773644,1.0,-14.552173622520979
-0.05706734753929795,-0.0029521948995773644,2.0,-12.603334743919595
-0.049424842133018024,0.0035151792407880863,1.0,-12.305093287464308
-0.04825526779397768,0.0038552080231620367,1.0,-12.195064213856472
-0.047823781230809694,0.0038552080231620367,1.0,-12.496583756500344
-0.04900621080980527,0.0038552080231620367,1.0,-12.298185728172301
-0.04822817932616589,0.0038552080231620367,1.0,-12.100992976219676
-0.04745487441654775,0.0038552080231620367,1.0,-11.988899416068746
-0.04701529182772057,0.0038552080231620367,1.0,-11.78908907687293
-0.04623172187008992,0.0038552080231620367,1.0,-11.590488579036766
-0.045452896388379474,0.0038552080231620367,1.0,-11.897290648712154
-0.04665604175965551,0.0038552080231620367,1.0,-11.783064576299449
-0.046208096377644906,0.0038552080231620367,1.0,-11.583905005592808
-0.04542707845330513,0.0038552080231620367,1.0,-11.385999812597015
-0.0446509796572432,0.0038552080231620367,1.0,-11.276428061712299
-0.04422128651651881,0.0038552080231620367,1.0,-11.07574916801423
-0.0434343104628009,0.0038552080231620367,1.0,-11.379098060340601
-0.04462391396212001,0.0038552080231620367,1.0,-11.181920297347531
-0.04385066783273542,0.0038552080231620367,1.0,-11.070121384427608
-0.043412240723245524,0.0038552080231620367,1.0,-10.870110835832396
-0.042627885630715276,0.0038552080231620367,1.0,-10.671406837203156
-0.04184865426354179,0.0038552080231620367,1.0,-10.978272856515886
-0.04305205041770936,0.0038552080231620367,1.0,-10.864167187275127
-0.0426045772050005,0.0038552080231620367,1.0,-10.664857387978556
-0.04182297014893551,0.0038552080231620367,1.0,-10.466906406540645
-0.041046691790355465,0.0038552080231620367,1.0,-10.270392812602108
-0.04027605024549846,0.0038552080231620367,2.0,-8.173999939296356
-0.03205490172273081,0.010322582163527487,1.0,-8.22565638498116
-0.03225747601953396,0.010662610945901438,1.0,-7.966998685634716
-0.031243132100528297,0.010662610945901438,1.0,-7.613396147451282
-0.029856455480201105,0.010662610945901438,1.0,-7.261506881392177
-0.02847649757408697,0.010662610945901438,1.0,-6.911592575401347
-0.027104284609417044,0.010662610945901438,1.0,-6.654742414046147
-0.026097029074690775,0.010662610945901438,1.0,-6.800817118412504
-0.026669871052598056,0.010662610945901438,1.0,-6.450001428198906
-0.025294123247838845,0.010662610945901438,1.0,-6.196715724124426
-0.024300845976958536,0.010662610945901438,1.0,-5.841006485673929
-0.022905907786956583,0.02537417443565944,1.0,-4.9875356961360655
-0.01955896351425908,0.02537417443565944,1.0,-4.634039222636986
-0.01817270283387053,0.02537417443565944,1.0,-3.780884799085009
-0.014826999212098074,0.02537417443565944,1.0,-3.431418548835479
-0.013456543328766585,0.02537417443565944,1.0,-3.086928100878042
-0.012105600395600163,0.02537417443565944,1.0,-2.329441139699352
-0.009135063292938636,0.02537417443565944,1.0,-1.969338269149478
-0.007722895173135208,0.02537417443565944,1.0,-1.1166244011495496
-0.004378919220194313,0.02537417443565944,1.0,-0.7613037796366768
-0.0029855050181830465,0.02537417443565944,1.0,-0.10370666450461526
0.00040669280197888337,0.02537417443565944,1.0,-0.47352366418428604
0.0018569555458207297,0.02537417443565944,1.0,-1.310729217032965
0.005140114576599863,0.02537417443565944,1.0,-1.56773690128163
0.006147987848163255,0.02537417443565944,1.0,-2.414740019055926
0.0094695687021801,0.02537417443565944,1.0,-2.760920226456779
0.010827138142967761,0.02537417443565944,1.0,-3.112770483579592
0.012206943072861146,0.02537417443565944,1.0,-3.9662215005187695
0.01555380980595596,0.02537417443565944,1.0,-4.3218409010971675
0.016948395690577125,0.02537417443565944,2.0,-7.157724924080266
0.028069509506197122,0.03184154857602489,1.0,-7.76624601806022
0.030455866737491056,0.03218157735839884,1.0,-8.771050915289292
0.03439627809917369,0.03218157735839884,1.0,-9.17105608147146
0.035964925809692,0.03218157735839884,1.0,-10.175900170487303
0.039905490864656085,0.03218157735839884,1.0,-10.68062564397241
0.041884806446950626,0.03218157735839884,1.0,-11.685655052149444
0.04582609824372331,0.03218157735839884,1.0,-12.191577287702295
0.047810107010597236,0.03218157735839884,1.0,-12.698425410022544
0.04979774670597076,0.03218157735839884,1.0,-13.703453852788556
0.05373903471681787,0.03218157735839884,1.0,-14.21102746196172
0.05572951945867342,0.03218157735839884,1.0,-15.215979638102374
0.059670508384715194,0.03218157735839884,1.0,-15.615045194689397
0.06123547135172312,0.03218157735839884,1.0,-16.620056827200536
0.0651766934400021,0.03218157735839884,1.0,-17.12562907535723
0.06715932970728326,0.03218157735839884,1.0,-18.130689974593373
0.0711007449984054,0.03218157735839884,1.0,-18.636952651638133
0.07308608882995346,0.03218157735839884,1.0,-19.143811472423064
0.07507377048009044,0.03218157735839884,1.0,-20.14884947509981
0.07901509598078356,0.05961361005999543,1.0,-21.652147585414728
0.08491038268790088,0.05961361005999543,1.0,-22.657212981382607
0.08885181561326512,0.05961361005999543,1.0,-24.161066612266158
0.09474928083241631,0.05961361005999543,1.0,-25.665357831443774
0.10064846208409324,0.05961361005999543,1.0,-26.670404047127217
0.10458981979265576,0.05961361005999543,1.0,-28.281102735842673
0.11090628523859872,0.05961361005999543,1.0,-29.78426589910461
0.11680104274158672,0.05961361005999543,1.0,-30.7893258533473
0.12074245432685216,0.05961361005999543,1.0,-32.29292166350324
0.12663890848432643,0.05961361005999543,1.0,-33.29798895526257
0.13058034884416694,0.05961361005999543,1.0,-34.801936029402505
0.1364781805074608,0.05961361005999543,1.0,-36.30618469819598
0.14237719489488615,0.05961361005999543,1.0,-37.41839401506978
0.14673880005909717,0.05961361005999543,1.0,-38.92150002269226
0.1526333334223226,0.05961361005999543,1.0,-40.424939460448385
0.15852917435469954,0.05961361005999543,1.0,-41.43000477446787
0.16247060695869753,0.05961361005999543,0.0,-40.75007608155496
0.15980421992766652,0.053146235919629976,0.0,-40.28009149565009
0.15796114312019643,0.047476080632547324,0.0,-38.76010183479885
0.15200039935215234,0.040667919123667885,0.0,-38.032953058333966
0.1491488355228783,0.03499776383658523,0.0,-36.77899654544544
0.14423135900174683,0.028189602327705787,1.0,-36.97234276145214
0.14498957945667504,0.027849573545331845,1.0,-37.77310182839125
0.14812981109173037,0.027849573545331845,1.0,-38.573862847428245
0.15127005038207156,0.027849573545331845,1.0,-38.8677223251209
0.1524224404906702,0.027849573545331845,1.0,-39.668497679523895
0.15556273599813292,0.027849573545331845,1.0,-40.4692742500352
0.15870303627464782,0.027849573545331845,1.0,-40.763257756914676
0.15985591277221442,0.027849573545331845,1.0,-41.56404491028676
0.16299625455014416,0.027849573545331845,1.0,-42.36483277930509
0.16613659913452977,0.027849573545331845,1.0,-42.658928278992214
0.1672899148195773,0.027849573545331845,1.0,-43.45972371287984
0.17043028907011704,0.027849573545331845,1.0,-44.26051953212905
0.17357066483187863,0.027849573545331845,1.0,-44.554716648288824
0.17472437901289734,0.027849573545331845,1.0,-45.355517589780995
0.17786477486188623,0.027849573545331845,1.0,-46.15631870969606
0.18100517141057276,0.027849573545331845,1.0,-46.45060843571351
0.18215924876750397,0.027849573545331845,1.0,-47.251412690157586
0.18529965760846115,0.03577519297583642,1.0,-47.99498057919774
0.18821561011450091,0.03577519297583642,1.0,-48.79572377604304
0.19135577951389426,0.03577519297583642,1.0,-49.59646900359636
0.19449595687684848,0.03577519297583642,1.0,-50.39721616506189
0.19763614182377215,0.03577519297583642,1.0,-51.19796516969923
0.20077633399882053,0.03577519297583642,1.0,-51.99871593235716
0.20391653306806728,0.03577519297583642,1.0,-52.79946837304983
0.20705673871784244,0.03577519297583642,1.0,-53.60022241657103
0.2101969506532197,0.03577519297583642,1.0,-54.40097799214234
0.21333716859663662,0.03577519297583642,1.0,-55.201735033092085
0.2164773922866356,0.03577519297583642,1.0,-56.002493476561646
0.21961762147671235,0.03577519297583642,1.0,-56.80325326323694
0.2227578559342625,0.03577519297583642,1.0,-57.60401433710173
0.22589809543961464,0.03577519297583642,1.0,-58.404776645211854
0.22903833978514454,0.03577519297583642,1.0,-59.20554013748736
0.23217858877446024,0.03577519297583642,1.0,-60.006304766521374
0.23531884222165247,0.03577519297583642,1.0,-60.80707048740421
0.23845909995060474,0.03577519297583642,1.0,-61.607837257561
0.24159936179435687,0.03577519297583642,1.0,-62.40860503660191
0.24473962759451734,0.03577519297583642,1.0,-63.20937378618386
0.247879897200721,0.03577519297583642,1.0,-64.01014346988232
0.25102017047012676,0.03577519297583642,1.0,-64.81091405307293
0.2541604472669527,0.03577519297583642,1.0,-65.61168550282164
0.25730072746204563,0.03577519297583642,1.0,-66.41245778778267
0.26044101093248107,0.03577519297583642,1.0,-67.2132308781042
0.2635812975611929,0.03577519297583642,1.0,-68.01400474534007
0.2667215872366277,0.03577519297583642,1.0,-68.81477936236823
0.26986187985242444,0.03577519297583642,1.0,-69.61555470331454
0.27300217530711585,0.03577519297583642,1.0,-70.41633074348177
0.27614247350385007,0.03577519297583642,1.0,-71.21710745928347
0.27928277435013127,0.03577519297583642,1.0,-72.01788482818225
0.28242307775757747,0.03577519297583642,1.0,-72.81866282863203
0.2855633836416942,0.03577519297583642,1.0,-73.61944144002415
0.28870369192166334,0.03577519297583642,1.0,-74.42022064263698
0.29184400252014503,0.03577519297583642,1.0,-75.22100041758868
0.2949843153630929,0.03577519297583642,1.0,-76.02178074679293
0.2981246303795801,0.03577519297583642,1.0,-76.82256161291758
0.30126494750163757,0.03577519297583642,1.0,-77.62334299934562
0.3044052666641005,0.03577519297583642,1.0,-78.42412489013874
0.3075455878044656,0.03577519297583642,1.0,-79.224907270003
0.3106859108627569,0.03577519297583642,1.0,-80.02569012425667
0.3138262357813987,0.03577519297583642,1.0,-80.82647343879977
0.31696656250509714,0.03577519297583642,1.0,-81.62725720008565
0.32010689098072803,0.03577519297583642,1.0,-82.4280413950941
0.32324722115723176,0.03577519297583642,1.0,-83.22882601130593
0.3263875529855134,0.03577519297583642,1.0,-84.0296110366792
0.3295278864183498,0.03577519297583642,1.0,-84.83039645962668
0.3326682214103007,0.03577519297583642,1.0,-85.63118226899454
0.33580855791762565,0.03577519297583642,0.0,-84.2433217929925
0.33036596781565686,0.02930781883547098,1.0,-84.79178645961106
0.33251680964553354,0.028967790053097037,1.0,-85.4406326210262
0.33506130439618115,0.028967790053097037,1.0,-86.08948462614791
0.3376058220633252,0.028967790053097037,1.0,-86.73834234383348
0.3401503621326803,0.028967790053097037,1.0,-87.387205646834
0.3426949241052314,0.028967790053097037,1.0,-88.03607441165109
0.34523950749667087,0.028967790053097037,1.0,-88.68494851839957
0.34778411183686103,0.028967790053097037,1.0,-89.33382785067649
0.3503287366693196,0.028967790053097037,1.0,-89.98271229543556
0.35287338155072767,0.028967790053097037,1.0,-90.63160174286705
0.355418046050459,0.028967790053097037,1.0,-91.28049608628281
0.3579627297501287,0.028967790053097037,1.0,-91.92939522200632
0.360507432243162,0.028967790053097037,1.0,-92.57829904926686
0.3630521531343799,0.028967790053097037,1.0,-93.22720747009878
0.36559689203960305,0.028967790053097037,1.0,-93.87612038924436
0.36814164858527204,0.028967790053097037,1.0,-94.52503771406107
0.37068642240808264,0.028967790053097037,1.0,-95.17395935443234
0.37323121315463664,0.028967790053097037,1.0,-95.82288522268215
0.3757760204811065,0.028967790053097037,0.0,-94.31973701359753
0.3698813216219511,0.022500415912731598,0.0,-92.95615778881276
0.3645339521129912,0.016830260625649168,0.0,-91.15949539852932
0.35748821724913454,0.010022099116769722,0.0,-89.60943951197625
0.3514095667136323,0.0043519438296872395,1.0,-89.63506707162857
0.35151006694756304,0.004125318153054945,1.0,-89.72765544419104
0.3518731586046708,0.004125318153054945,1.0,-89.82027198210028
0.35223636071411873,0.004125318153054945,1.0,-89.91291659831947
0.35259967293458616,0.004125318153054945,1.0,-89.99885910123056
0.3529367023577669,0.004125318153054945,1.0,-90.09127446239253
0.35329911553879423,0.004125318153054945,0.0,-88.19622842930042
0.3458675624678448,-0.0023420559873105306,1.0,-88.03986914491294
0.34525438880358017,-0.002682084769684474,0.0,-86.02561131456166
0.3373553384884771,-0.00914945891004996,1.0,-85.71252634179184
0.3361275542815366,-0.009489487692423903,1.0,-85.51489882231336
0.33535254440122886,-0.009489487692423903,1.0,-85.30195694096106
0.3345174781998473,-0.009489487692423903,1.0,-85.0890413673533
0.3336825151660914,-0.009489487692423903,1.0,-84.8761522994725
0.33284765607636274,-0.009489487692423903,1.0,-84.66328993726763
0.332012901714775,-0.009489487692423903,1.0,-84.4504544826784
0.3311782528732486,-0.009489487692423903,1.0,-84.23764613965974
0.3303437103516068,-0.009489487692423903,1.0,-84.0248651142067
0.32950927495767335,-0.009489487692423903,1.0,-83.81211161437965
0.32867494750737114,-0.009489487692423903,1.0,-83.59938585032985
0.32784072882482296,-0.009489487692423903,0.0,-81.48348651748782
0.31954308438230516,-0.015956861832789347,0.0,-79.47639528684964
0.3116721383798025,-0.021627017119871778,0.0,-77.02144734814404
0.30204489156134917,-0.028435178628751223,1.0,-76.27653251648137
0.2991236569273779,-0.028775207411125166,1.0,-75.63199933968959
0.29659607584192,-0.028775207411125166,1.0,-74.98747328175003
0.2940685226735295,-0.028775207411125166,1.0,-74.34295452781615
0.29154099814829865,-0.028775207411125166,1.0,-73.69844326951626
0.28901350301771084,-0.028775207411125166,1.0,-73.05393970523883
0.28648603805976014,-0.028775207411125166,1.0,-72.4553828012657
0.2841387560833949,-0.028775207411125166,1.0,-71.81073976035978
0.28161074415827364,-0.028775207411125166,1.0,-71.16610223037145
0.2790827538445939,-0.028775207411125166,1.0,-70.52147036242681
0.27655478573500714,-0.028775207411125166,1.0,-69.87684431322731
0.27402684044402864,-0.028775207411125166,1.0,-69.23222424530911
0.2714989186090554,-0.028775207411125166,1.0,-68.58761032731736
0.2689710208914406,-0.028775207411125166,1.0,-67.94300273429553
0.2664431479776296,-0.028775207411125166,1.0,-67.298401647992
0.2639153005803607,-0.028775207411125166,1.0,-66.65380725718381
0.2613874794399365,-0.028775207411125166,1.0,-66.00921975801992
0.2588596853255683,-0.028775207411125166,1.0,-65.36463935438434
0.2563319190368013,-0.028775207411125166,1.0,-64.72006625828102
0.2538041814050236,-0.028775207411125166,1.0,-64.07550069024228
0.25127647329506775,-0.028775207411125166,1.0,-63.43094287976172
0.2487487956069087,-0.028775207411125166,1.0,-62.786393065753884
0.24622114927746624,-0.028775207411125166,1.0,-62.14185149704264
0.24369353528252016,-0.028775207411125166,1.0,-61.49731843288009
0.24116595463874546,-0.028775207411125166,1.0,-60.85279414349849
0.23863840840587644,-0.028775207411125166,1.0,-60.208278910697615
0.23611089768901022,-0.028775207411125166,1.0,-59.56377302847012
0.2335834236410593,-0.028775207411125166,1.0,-58.919276803668026
0.23105598746536482,-0.028775207411125166,1.0,-58.2747905567133
0.22852859041848356,-0.028775207411125166,1.0,-57.67627527423658
0.22618147166367283,-0.028775207411125166,1.0,-57.03161445037885
0.22365339000148565,-0.028775207411125166,1.0,-56.38696017524981
0.2211253340205875,-0.028775207411125166,1.0,-55.74231267605566
0.21859730461198298,-0.028775207411125166,1.0,-55.097672190633446
0.21606930270836644,-0.028775207411125166,1.0,-54.45303896808009
0.21354132928658856,-0.028775207411125166,1.0,-53.80841326942648
0.21101338537029993,-0.028775207411125166,1.0,-53.163795368360745
0.20848547203278725,-0.028775207411125166,1.0,-52.5191855520045
0.20595759040001765,-0.028775207411125166,1.0,-51.87458412174714
0.20342974165391037,-0.028775207411125166,1.0,-51.229991394142964
0.20090192703585474,-0.028775207411125166,1.0,-50.58540770187686
0.19837414785049748,-0.028775207411125166,1.0,-49.94083339480589
0.19584640546982704,-0.028775207411125166,1.0,-49.29626884107818
0.19331870133756152,-0.028775207411125166,1.0,-48.65171442834616
0.1907910369739065,-0.028775207411125166,1.0,-48.00717056507527
0.18826341398068733,-0.028775207411125166,1.0,-47.362637681958894
0.1857358340468976,-0.028775207411125166,1.0,-46.7181162334504
0.18320829895470747,-0.028775207411125166,1.0,-46.07360669942441
0.18068081058597807,-0.028775207411125166,1.0,-45.42910958697851
0.1781533709293275,-0.028775207411125166,1.0,-44.78462543239089
0.17562598208780741,-0.028775207411125166,1.0,-44.14015480324912
0.17309864628725147,-0.028775207411125166,1.0,-43.49569830076803
0.17057136588536478,-0.028775207411125166,1.0,-42.89725411272714
0.1682245259322633,-0.028775207411125166,1.0,-42.25256438340909
0.16569633091532976,-0.028775207411125166,1.0,-41.60788263319553
0.1631681671890021,-0.028775207411125166,1.0,-40.96320923881337
0.16064003623064066,-0.028775207411125166,1.0,-40.31854460107941
0.15811193961207612,-0.028775207411125166,1.0,-39.673889146856375
0.1555838790072799,-0.028775207411125166,1.0,-39.02924333120308
0.15305585620079637,-0.019648362748040143,1.0,-38.89243546491756
0.15251935476438258,-0.019648362748040143,1.0,-38.247835838088356
0.1499915130905426,-0.019648362748040143,1.0,-38.11118415589324
0.1494556241407578,-0.019648362748040143,1.0,-37.46663612608364
0.14692798480817115,-0.019648362748040143,1.0,-36.82210207369613
0.14440040028900444,-0.019648362748040143,1.0,-36.685657468924454
0.14386532340754687,-0.019648362748040143,1.0,-36.04118335160434
0.14133797392786016,-0.019648362748040143,1.0,-35.904914291306284
0.14080358545610305,-0.019648362748040143,1.0,-35.306438489925085
0.138456621529118,-0.019648362748040143,1.0,-34.661728974463394
0.13592834891946431,-0.019648362748040143,1.0,-34.5246974541207
0.13539097040831646,-0.019648362748040143,1.0,-33.880033144762834
0.13286287507750133,-0.019648362748040143,1.0,-33.743171676209904
0.13232616343611728,-0.019648362748040143,1.0,-33.098558900610804
0.12979827019847373,-0.019648362748040143,1.0,-32.4539594118441
0.1272704290660553,-0.019648362748040143,1.0,-32.31732231667832
0.12673459732030715,-0.019648362748040143,1.0,-31.672784166597427
0.12420699673175462,-0.019648362748040143,1.0,-31.53634105534198
0.12367192570722345,-0.019648362748040143,1.0,-30.891872672889328
0.12114459871721303,-0.019648362748040143,1.0,-30.247424700270898
0.11861735176576822,-0.019648362748040143,1.0,-30.111245451293517
0.1180833154952687,-0.019648362748040143,1.0,-29.512682207575907
0.11573600865716041,-0.019648362748040143,1.0,-29.375550673616452
0.11519823793575079,-0.019648362748040143,1.0,-28.73086224937074
0.112670048036748,-0.019648362748040143,1.0,-28.086185705570962
0.11014190472772926,-0.019648362748040143,1.0,-27.949297757102315
0.10960508924353848,-0.019648362748040143,1.0,-27.304682417966973
0.10707718595281165,-0.019648362748040143,1.0,-27.168010778375237
0.10654121873872642,-0.019648362748040143,1.0,-26.523466994722835
0.10401359605773661,-0.019648362748040143,1.0,-25.878943310494417
0.10148605219801732,-0.019648362748040143,1.0,-25.74256564350505
0.10095123781766686,-0.019648362748040143,1.0,-25.09813033461192
0.09842404052788989,-0.019648362748040143,1.0,-24.96200784023758
0.09789022682446111,-0.019648362748040143,1.0,-24.317675685279855
0.09536343405992101,-0.019648362748040143,1.0,-23.718984781652924
0.09301562659471735,-0.019648362748040143,1.0,-23.581756383113703
0.0924774760122106,-0.019648362748040143,1.0,-23.444717912129423
0.0919400702436448,0.0157896579131371,1.0,-23.815775939366432
0.0933951997622213,0.0157896579131371,1.0,-24.187376732101537
0.09485245777294721,0.0157896579131371,1.0,-24.55949565318531
0.09631174765955022,0.0157896579131371,1.0,-24.97603793846739
0.09794524681751918,0.0157896579131371,1.0,-24.839062864296782
0.09740808966390896,0.0157896579131371,1.0,-25.210203816314255
0.09886354437770296,0.0157896579131371,1.0,-25.58185554089936
0.10032100212117397,0.0157896579131371,1.0,-25.99992920199546
0.101960506674492,0.0157896579131371,1.0,-26.370342763991005
0.1034131088783961,0.0157896579131371,1.0,-26.741265124217453
0.1048677063694802,0.0157896579131371,1.0,-27.11267540042339
0.10632421725656231,0.0157896579131371,1.0,-27.484553812377566
0.1077825639701081,0.0157896579131371,1.0,-27.90169764036467
0.10941842211907712,0.0157896579131371,1.0,-28.27242410260119
0.11087225138274977,0.0157896579131371,1.0,-28.643617474615134
0.11232791166515739,0.0157896579131371,1.0,-29.01525983682603
0.11378533269343541,0.0157896579131371,1.0,-29.43311579069329
0.11542398349291486,0.0157896579131371,1.0,-29.8036656980491
0.11687712038450629,0.0157896579131371,1.0,-30.17466316142567
0.11833201239774774,0.0157896579131371,1.0,-30.546091873456568
0.11978859558218262,0.0157896579131371,1.0,-30.91793629189242
0.12124680898781341,0.0157896579131371,1.0,-30.827367738897728
0.12089163819175579,0.0157896579131371,1.0,-31.198008469624774
0.1223451312534305,0.0157896579131371,1.0,-31.569074855054673
0.12380029354923401,0.0157896579131371,1.0,-31.940552060179403
0.1252570669026643,0.0157896579131371,1.0,-32.31242591613535
0.1267153957495504,0.0157896579131371,1.0,-32.72928867962191
0.1283501516847918,0.0157896579131371,1.0,-33.10018191304982
0.12980463495313657,0.0157896579131371,1.0,-33.471471014158816
0.13126067064376007,0.0157896579131371,1.0,-33.84314295389949
0.13271820766235093,0.0157896579131371,1.0,-34.26062992251231
0.13435541146083257,0.0157896579131371,1.0,-34.63136466210951
0.13580927318474317,0.0157896579131371,1.0,-35.002481312106845
0.1372646325964974,0.0157896579131371,1.0,-35.373967852369745
0.13872144255831273,0.0157896579131371,1.0,-35.74581275070281
0.1401796578458934,0.0157896579131371,1.0,-36.162613487593774
0.14181417053958342,0.0157896579131371,1.0,-36.53357147018586
0.14326890772621906,0.0157896579131371,1.0,-36.904887189273126
0.14472504780107107,0.034416342311702694,1.0,-37.78472015497823
0.14817537315677737,0.034416342311702694,1.0,-38.70936433035902
0.15180142874650598,0.034416342311702694,1.0,-39.08045960053964
0.1532567043158417,0.034416342311702694,1.0,-39.95996203310687
0.1567057334631642,0.034416342311702694,1.0,-40.885276120715446
0.16033441615966842,0.034416342311702694,1.0,-41.764035477688886
0.16378053128505446,0.034416342311702694,1.0,-42.13537620928568
0.16523676944817914,0.034416342311702694,1.0,-43.06128881242633
0.16886779926441697,0.034416342311702694,1.0,-43.939791925572315
0.1723129095120483,0.034416342311702694,1.0,-44.81889237648418
0.17576036226072228,0.034416342311702694,1.0,-45.698555692319566
0.17921002232282185,0.034416342311702694,1.0,-46.115657250622576
0.18084571470832383,0.034416342311702694,1.0,-46.99450507676471
0.18429217677162632,0.034416342311702694,1.0,-47.87389946808295
0.1877407822277763,0.034416342311702694,1.0,-48.799314889250724
0.19136986231078715,0.034416342311702694,1.0,-49.170232611597775
0.19282444161410894,0.034416342311702694,1.0,-50.04937943980494
0.1962720762345292,0.034416342311702694,1.0,-50.929029724287744
0.1997216851932853,0.034416342311702694,1.0,-51.8538514851748
0.2033484371967639,0.034416342311702694,1.0,-52.22497858738089
0.20480383759757212,0.034416342311702694,1.0,-53.10438719316036
0.2082524987967073,0.034416342311702694,1.0,-54.02970675896387
0.2118812029763289,0.034416342311702694,1.0,-54.90855467033268
0.21532766537385367,0.034416342311702694,1.0,-55.279866893636644
0.21678379173975154,0.034416342311702694,1.0,-56.159506568030444
0.22023335909031547,0.034416342311702694,1.0,-57.08429217457495
0.2238599693120586,0.034416342311702694,1.0,-57.96339810669568
0.22730744355566931,0.034416342311702694,1.0,-58.33487516962735
0.2287642163514798,0.034416342311702694,1.0,-59.26011579699229
0.2323926109685972,0.034416342311702694,1.0,-60.139024731341266
0.23583931267192654,0.034416342311702694,1.0,-61.01836072951894
0.2392876891353684,0.034416342311702694,0.0,-59.55778277498566
0.23355993245092416,0.02794896817133725,1.0,-60.18172930041736
0.23600678157026417,0.02760893938896331,0.0,-58.597951350881864
0.22979588765051712,0.021141565248597866,1.0,-59.134040250344135
0.2318981970601731,0.020801536466223916,1.0,-59.196636890341246
0.2321436740797696,0.020801536466223916,1.0,-59.765042609894394
0.23437271611723293,0.01757966486503637,1.0,-60.40150129675668
0.2368686325363007,0.01757966486503637,1.0,-60.46410405154701
0.2371141335354785,0.01757966486503637,1.0,-61.03250863600544
0.23934317112158995,0.01757966486503637,1.0,-61.6689626389806
0.24183906917247294,0.01757966486503637,1.0,-61.731571257167964
0.24208459316536457,0.01757966486503637,1.0,-62.29997475231245
0.24431362647965668,0.01757966486503637,1.0,-62.36320760744735
0.24456159846057784,0.01757966486503637,1.0,-62.99903850452333
0.247055052958915,0.01757966486503637,1.0,-63.56744095342023
0.2492840821702754,0.01757966486503637,1.0,-63.630666941137676
0.24953202722014772,0.01757966486503637,1.0,-64.26650579114374
0.25202551290644604,0.01757966486503637,1.0,-64.32936204451714
0.25227200801771427,0.01757966486503637,1.0,-64.89812662281948
0.2545024573443901,0.01757966486503637,1.0,-65.53397311475119
0.25699597299902427,0.01757966486503637,0.0,-63.834055146779725
0.25032962802658715,0.01111229072467092,1.0,-63.642293446179075
0.24957762135756498,0.010772261942296971,1.0,-64.05529360847851
0.25119722983717063,0.010772261942296971,1.0,-64.54605312200357
0.2531217769490336,0.010772261942296971,1.0,-64.45470938398091
0.2527635662116899,0.010772261942296971,1.0,-64.86777231278256
0.25438342083444143,0.010772261942296971,1.0,-64.85462717902493
0.25433187129029383,0.010772261942296971,1.0,-65.26713232398623
0.2559495385254362,0.010772261942296971,1.0,-65.68025642243667
0.2575696330291634,0.010772261942296971,1.0,-65.66698882256038
0.25751760322572703,0.010772261942296971,1.0,-66.07956200792667
0.2591355372859869,0.010772261942296971,1.0,-65.98852921057845
0.25877854592383703,0.010772261942296971,1.0,-66.47935866758687
0.26070336732387006,0.010772261942296971,1.0,-66.89199819007918
0.26232156152972225,0.010772261942296971,1.0,-66.8796375947098
0.2622730886067051,0.010772261942296971,1.0,-67.2917364170703
0.2638891624198835,0.010772261942296971,0.0,-65.46877499931358
0.25674029411495525,0.00430488780193152,1.0,-65.62525578311651
0.2573539442475158,0.003964859019557569,1.0,-65.46906111861222
0.25674141615142043,0.003964859019557569,1.0,-65.72536270864654
0.25774652042606483,0.003964859019557569,1.0,-65.47996786147979
0.25678418769207767,0.003964859019557569,1.0,-65.82593160864647
0.2581409082692019,0.003964859019557569,1.0,-66.08234362107191
0.25914644557283106,0.003964859019557569,1.0,-65.83701038424604
0.2581843544480237,-0.021251906879485236,2.0,-67.40826470528818
0.26434613609916935,-0.014784532739119786,2.0,-68.90129202603434
0.2702011452001346,-0.009114377452037133,0.0,-66.87842590661178
0.2622683368886737,-0.014674309764882343,2.0,-68.25246187079404
0.26765671321880014,-0.009363943787956375,0.0,-66.37877464131722
0.2603089201620283,-0.014674309764882343,2.0,-67.7474596138811
0.2656763122112985,-0.009363943787956375,0.0,-65.79964604400521
0.2580378276235499,-0.014674309764882343,2.0,-67.17155854717782
0.2634178766555993,-0.009363943787956375,0.0,-65.22103402865937
0.2557687608967034,-0.014674309764882343,2.0,-66.59621937315208
0.2611616446005964,-0.009363943787956375,0.0,-64.72114368309711
0.25380840660038084,-0.014674309764882343,2.0,-66.0908575844738
0.25917983366460307,-0.009363943787956375,0.0,-64.14214898650681
0.25153783916277184,-0.014674309764882343,1.0,-63.93783652679789
0.25073661383057994,-0.015014338547256293,1.0,-63.40937980314106
0.2486642345221218,-0.015014338547256293,1.0,-63.30479091767112
0.24825408203008284,-0.015014338547256293,2.0,-64.45760628408314
0.2527749266042476,-0.008546964406890843,0.0,-63.10225766383597
0.24745983397582733,-0.01385733038381681,2.0,-63.98801450006907
0.2509333901963493,-0.008546964406890843,0.0,-62.56006327737058
0.24533358147988463,-0.01385733038381681,2.0,-63.44903518682932
0.24881974583070324,-0.008546964406890843,2.0,-65.10531930875625
0.2553149776813971,-0.0028768091198082793,2.0,-67.25728955158061
0.26375407667286516,0.003931352389071165,2.0,-69.18988374913371
0.2713328774475832,0.009601507676153595,2.0,-71.66583958827755
0.2810425081893237,0.01640966918503304,2.0,-73.43078000606587
0.2879638431610426,0.02207982447211547,2.0,-76.21619162923758
0.2988870259970101,0.02888798598099495,2.0,-78.83690236843239
0.30916432301346036,0.034558141268077415,2.0,-81.96568513227248
0.321434059342245,0.041366302776956895,2.0,-84.90589834525167
0.33296430723628107,0.04703645806403936,2.0,-88.38928555984951
0.3466246492543118,0.053844619572918806,2.0,-91.68066447768868
0.35953201755956343,0.059514774860001236,2.0,-95.52007663713428
0.37458853583189916,0.06632293636888069,2.0,-99.2015903273121
0.38902584442083177,0.07199309165596311,2.0,-102.38532426319973
0.4015110755419598,0.046482785912952004,0.0,-101.55508129658173
0.39825522077090875,0.041172419936026036,2.0,-104.23701394960031
0.40877260372392277,0.046482785912952004,0.0,-103.40678741395197
0.40551681338804696,0.041172419936026036,0.0,-102.3022119647086
0.40118514495964164,0.03550226464894361,0.0,-101.26966046228017
0.39713592338149084,0.028694103140064164,2.0,-103.61353409407364
0.4063275846826417,0.03400446911699013,2.0,-106.28191528290925
0.4167918246388598,0.039674624404072566,2.0,-109.46492710234226
0.429274223930754,0.046482785912952004,2.0,-112.4869906423105
0.4411254534992569,0.05215294120003466,0.0,-111.67712459892765
0.4379495082310888,0.046593008887189445,0.0,-110.65507338521498
0.43394146425574504,0.04092285360010685,0.0,-109.14221102295954
0.42800867067827275,0.03411469209122741,0.0,-107.92551369983988
0.42323730862682307,0.028444536804144976,0.0,-106.27015478304527
0.41674570503155006,0.02163637529526553,0.0,-105.35959656684136
0.4131748884974171,0.0159662200081831,0.0,-103.49041722451219
0.40584477342945957,0.009158058499303628,0.0,-101.87986576869234
0.3995288853674209,0.0034879032122211587,0.0,-99.82923837582264
0.3914872093169515,-0.003320258296658322,0.0,-97.99889080284369
0.3843093756974262,-0.008990413583740793,0.0,-95.77061884085661
0.3755710542778691,-0.015798575092620237,0.0,-93.72332217573603
0.36754243990484714,-0.021468730379702667,0.0,-91.2720258918061
0.3579295133012004,-0.028276891888582113,0.0,-89.00352816712413
0.3490334437926436,-0.03394704717566454,0.0,-86.35299218835696
0.3386391850523802,-0.04075520868454399,2.0,-86.80862177209993
0.34042596773372524,-0.03544484270761802,0.0,-84.53949578715044
0.3315274344594135,-0.04075520868454399,0.0,-82.55903201488478
0.3237609098622933,-0.046425363971626644,2.0,-82.94118327954816
0.32525954227273784,-0.04086543165878143,0.0,-80.57823203504509
0.3159930668040984,-0.0461757976357074,2.0,-80.88653699554145
0.3172021058648684,-0.04086543165878143,1.0,-80.02622747604592
0.3138283430433173,-0.04052540287640748,1.0,-79.06554630270269
0.31006096589295173,-0.04052540287640748,1.0,-78.10486828273078
0.30629360110874815,-0.04052540287640748,1.0,-77.14419353393714
0.30252624915269466,-0.04052540287640748,1.0,-76.18352218007053
0.2987589105100805,-0.04052540287640748,1.0,-75.72805653559672
0.2969727707278303,-0.04052540287640748,1.0,-74.76737722929792
0.2932054008992075,-0.04052540287640748,1.0,-73.80670130861198
0.289438044347498,-0.04052540287640748,1.0,-72.84602890748486
0.28567070159797986,-0.04052540287640748,1.0,-71.88536016702218
0.28190337320400854,-0.04052540287640748,1.0,-70.92469523597406
0.27813605974891786,-0.04295984784711444,1.0,-69.9640342712599
0.27436876184807807,-0.04295984784711444,1.0,-69.00337743853692
0.2706014801511251,-0.04295984784711444,1.0,-68.04272491281682
0.2668342153443797,-0.04295984784711444,1.0,-67.01335823025074
0.26279748325588526,-0.04295984784711444,1.0,-66.05260698264031
0.2590298313044718,-0.04295984784711444,1.0,-65.09185745030865
0.25526218607964174,-0.04295984784711444,1.0,-64.13110971034558
0.2514945478837082,-0.04295984784711444,1.0,-63.170363844530655
0.24772691703737512,-0.04295984784711444,1.0,-62.209619939695145
0.24395929388115745,-0.04295984784711444,1.0,-61.248878088118246
0.24019167877693431,-0.04295984784711444,1.0,-60.288138387961126
0.23642407210965147,-0.04295984784711444,1.0,-59.327400943743164
0.23265647428918887,-0.04295984784711444,1.0,-58.366665866865205
0.22888888575241256,-0.04295984784711444,1.0,-57.40593327618533
0.22512130696543267,-0.04295984784711444,1.0,-56.44520329865347
0.22135373842609204,-0.04295984784711444,1.0,-55.48447607001192
0.21758618066671342,-0.04295984784711444,1.0,-54.52375173556985
0.21381863425713665,-0.04295984784711444,1.0,-53.56303045106121
0.21005109980808317,-0.04295984784711444,1.0,-52.60231238359669
0.20628357797488897,-0.04295984784711444,1.0,-51.641597712721804
0.20251606946165412,-0.04295984784711444,1.0,-50.68088663159538
0.19874857502586424,-0.04295984784711444,1.0,-49.72017934830461
0.19498109548354753,-0.04295984784711444,1.0,-48.75947608733564
0.19121363171504174,-0.04295984784711444,1.0,-47.79877709122138
0.1874461846714564,-0.04295984784711444,1.0,-46.83808262239178
0.18367875538192852,-0.04295984784711444,1.0,-45.877392965257435
0.17991134496179387,-0.04295984784711444,1.0,-44.916708428559524
0.17614395462180207,-0.04295984784711444,1.0,-43.9560293480284
0.17237658567854275,-0.04295984784711444,1.0,-42.99535608939834
0.168609239566268,-0.04295984784711444,1.0,-42.0346890518357
0.16484191785033608,-0.04295984784711444,1.0,-41.07402867184803
0.1610746222425413,-0.04295984784711444,1.0,-40.11337542775474
0.15730735461864603,-0.04295984784711444,1.0,-39.152729844815745
0.15354011703849313,-0.04295984784711444,1.0,-38.19209250113404
0.14977291176915308,-0.04295984784711444,1.0,-37.231464034471664
0.1460057413116536,-0.04295984784711444,1.0,-36.270845150148624
0.1422386084319554,-0.04295984784711444,1.0,-35.310236630230726
0.13847151619698322,-0.04295984784711444,1.0,-34.34963934425863
0.1347044680167005,-0.04295984784711444,1.0,-33.38905426182835
0.13093746769344453,-0.04295984784711444,1.0,-32.35972304998057
0.1269008747058062,-0.04295984784711444,1.0,-31.39893771389844
0.12313308907411154,-0.04295984784711444,1.0,-30.438153893954027
0.11936530938805501,-0.04295984784711444,1.0,-29.477371738398052
0.11559753622901196,-0.04295984784711444,1.0,-28.516591415460447
0.11182977025670764,-0.04295984784711444,1.0,-27.555813116833296
0.10806201222287566,-0.04295984784711444,1.0,-26.595037061908677
0.10429426298787717,-0.04295984784711444,1.0,-25.634263502969524
0.10052652354105696,-0.04295984784711444,1.0,-24.67349273159314
0.09675879502585545,-0.04295984784711444,1.0,-23.712725086611375
0.092991078771025,-0.04295984784711444,1.0,-22.751960964087523
0.089223376329755,-0.04295984784711444,1.0,-21.791200829932283
0.0854556895291462,-0.04295984784711444,1.0,-20.830445236010807
0.0816880205333757,-0.04295984784711444,1.0,-19.869694840922293
0.07792037192518546,-0.04295984784711444,1.0,-18.908950437113834
0.07415274681221112,-0.04295984784711444,1.0,-17.948212986701662
0.07038514896745748,-0.04295984784711444,1.0,-16.98748366944644
0.06661758301743703,-0.04295984784711444,1.0,-16.026763947982072
0.06285005469796892,-0.04295984784711444,1.0,-15.066055657997968
0.059082571207835166,-0.04295984784711444,1.0,-14.105361135269623
0.0553151417069397,-0.04295984784711444,1.0,-13.144683398385112
0.051547778032882796,-0.04295984784711444,1.0,-12.184026417901107
0.04778049575647493,-0.04295984784711444,1.0,-11.223395523698134
0.044013315779208376,-0.04295984784711444,1.0,-10.262798041058149
0.04024626682767902,-0.04295984784711444,1.0,-9.302244320735241
0.03647938949307937,-0.04295984784711444,1.0,-8.341749480455595
0.03271274306061018,-0.04295984784711444,1.0,-7.381336505514012
0.0289464176686824,-0.04295984784711444,1.0,-6.421042130488695
0.025180557374465472,-0.04295984784711444,1.0,-5.460928922473922
0.02141540753911342,-0.04295984784711444,1.0,-4.501112814853451
0.017651422803346868,-0.04295984784711444,1.0,-3.541835353130931
0.013889550404435024,-0.04295984784711444,1.0,-2.583696573954194
0.01013214342727135,-0.04295984784711444,1.0,-1.6287073170958464
0.006387087518022927,-0.04295984784711444,1.0,-0.6900697676212472
0.0027061559514558716,-0.04295984784711444,1.0,-0.38211812902885883
-0.0014985024667798386,-0.04295984784711444,1.0,-1.2892406547284223
-0.005055845704817341,-0.04295984784711444,1.0,-2.3086438606681363
-0.009053505335953475,-0.04295984784711444,1.0,-3.2644074420672125
-0.012801597812028285,-0.04295984784711444,1.0,-4.222461917077688
-0.016558674184618382,-0.04295984784711444,1.0,-5.18153669826275
-0.020319751757893138,-0.04295984784711444,1.0,-6.141153775198958
-0.024082955981172386,-0.04295984784711444,1.0,-7.101093299398346
-0.027847424703522927,-0.04295984784711444,1.0,-8.061240079777162
-0.03161270619520456,-0.04295984784711444,1.0,-9.021527942747607
-0.03537854095195141,-0.04295984784711444,1.0,-9.98191617078958
-0.03914476929721404,-0.04295984784711444,1.0,-10.942378337477175
-0.042911287597949696,-0.04295984784711444,1.0,-11.90289654417081
-0.046678025663414946,-0.04295984784711444,1.0,-12.863458237305458
-0.050444934263942975,-0.04295984784711444,1.0,-13.824054351943731
-0.05421197785075973,-0.04295984784711444,1.0,-14.784678178743413
-0.05797913011271927,-0.04295984784711444,1.0,-15.745324645540128
-0.06174637115898089,-0.04295984784711444,1.0,-16.70598984672323
-0.06551368567342444,-0.04295984784711444,1.0,-17.66667072611898
-0.06928106167105483,-0.04295984784711444,1.0,-18.627364857980403
-0.07304848963913883,-0.04295984784711444,1.0,-19.588070292411697
-0.07681596193102627,-0.04295984784711444,1.0,-20.548785444145462
-0.0805834723299822,-0.04295984784711444,1.0,-21.509509011121374
-0.08435101572988773,-0.04295984784711444,1.0,-22.470239913948912
-0.08811858789783888,-0.04295984784711444,1.0,-23.430977250261225
-0.09188618529514206,-0.04295984784711444,1.0,-24.391720259854967
-0.09565380494060771,-0.04295984784711444,1.0,-25.352468297755617
-0.099421444304924,-0.04295984784711444,1.0,-26.313220813182728
-0.10318910122816756,-0.04295984784711444,1.0,-27.273977332960555
-0.10695677385474729,-0.04295984784711444,1.0,-28.2347374483154
-0.11072446058162902,-0.04295984784711444,1.0,-29.195500804279522
-0.11449216001678245,-0.04295984784711444,1.0,-30.156267091120423
-0.11825987094557029,-0.04295984784711444,1.0,-31.117036037357703
-0.12202759230336355,-0.04295984784711444,1.0,-32.077807404035156
-0.12579532315307904,-0.04295984784711444,1.0,-33.03858097999145
-0.12956306266663314,-0.04295984784711444,1.0,-33.9993565779333
-0.13333081010954234,-0.04295984784711444,1.0,-34.9601340311559
-0.13709856482806235,-0.04295984784711444,1.0,-35.92091319078953
-0.1408663262383903,-0.04295984784711444,1.0,-36.95029990551233
-0.14490313688436207,-0.04295984784711444,1.0,-37.9108966968907
-0.14867018312506158,-0.04295984784711444,1.0,-38.87150399506377
-0.15243727056887751,-0.04295984784711444,1.0,-39.83212103987337
-0.15620439623479754,-0.04295984784711444,1.0,-40.79274714275704
-0.1599715574225766,-0.04295984784711444,1.0,-41.7533816785135
-0.1637387516804451,-0.04295984784711444,1.0,-42.71402407817912
-0.16750597677717302,-0.04295984784711444,1.0,-43.67467382284417
-0.17127323067782027,-0.04295984784711444,1.0,-44.63533043826738
-0.17504051152261718,-0.04295984784711444,1.0,-45.59599349017119
-0.17880781760851444,-0.04295984784711444,1.0,-46.55666258011911
-0.1825751473730161,-0.04295984784711444,1.0,-47.51733734189371
-0.18634249937997532,-0.04295984784711444,1.0,-48.47801743830408
-0.19010987230707482,-0.04295984784711444,1.0,-49.43870255836643
-0.19387726493477034,-0.04295984784711444,1.0,-50.39939241480661
-0.19764467613649653,-0.04295984784711444,1.0,-51.36008674184293
-0.20141210486997227,-0.04295984784711444,1.0,-52.32078529321323
-0.20517955016946363,-0.04295984784711444,1.0,-53.281487840415366
-0.2089470111388838,-0.04295984784711444,1.0,-54.2421941711346
-0.2127144869456259,-0.04295984784711444,1.0,-55.2029040878352
-0.21648197681504003,-0.04295984784711444,1.0,-56.16361740649654
-0.22024948002547662,-0.04295984784711444,1.0,-57.12433395547674
-0.22401699590383037,-0.04295984784711444,1.0,-58.08505357448911
-0.22778452382152592,-0.04295984784711444,1.0,-59.045776113678386
-0.23155206319089566,-0.04295984784711444,1.0,-60.00650143278577
-0.23531961346190497,-0.04295984784711444,1.0,-60.9672294003929
-0.23908717411918787,-0.04295984784711444,1.0,-61.92795989323619
-0.24285474467935764,-0.04295984784711444,1.0,-62.888692795583964
-0.24662232468856454,-0.04295984784711444,1.0,-63.84942799866981
-0.25038991372027375,-0.04295984784711444,1.0,-64.81016540017649
-0.2541575113732411,-0.04295984784711444,1.0,-65.77090490376477
-0.2579251172696658,-0.04295984784711444,1.0,-66.73164641864332
-0.2616927310535032,-0.04295984784711444,1.0,-67.69238985917487
-0.265460352388921,-0.04295984784711444,1.0,-68.65313514451566
-0.26922798095888495,-0.04295984784711444,1.0,-69.61388219828476
-0.2729956164638618,-0.04295984784711444,1.0,-70.57463094826012
-0.27676325862062795,-0.04295984784711444,1.0,-71.53538132609977
-0.28053090716117557,-0.04295984784711444,1.0,-72.5646779556368
-0.284567364531909,-0.04295984784711444,1.0,-73.5253366334614
-0.28833465346455445,-0.04295984784711444,1.0,-74.48599919812636
-0.29210195763971125,-0.04295984784711444,1.0,-75.44666550115831
-0.2958692764751306,-0.04295984784711444,1.0,-76.40733540155018
-0.29963660941784387,-0.04295984784711444,1.0,-77.36800876529797
-0.303403955942345,-0.04295984784711444,1.0,-78.32868546497117
-0.30717131554890653,-0.04295984784711444,1.0,-79.28936537931473
-0.31093868776201855,-0.04295984784711444,1.0,-80.2500483928794
-0.31470607212893886,-0.04295984784711444,1.0,-81.21073439567841
-0.3184734682183467,-0.04295984784711444,1.0,-82.17142328286816
-0.3222408756190908,-0.04295984784711444,1.0,-83.13211495445111
-0.326008293939024,-0.04295984784711444,1.0,-84.09280931499904
-0.3297757228039178,-0.04295984784711444,1.0,-85.05350627339492
-0.3335431618564506,-0.04295984784711444,1.0,-86.01420574259214
-0.3373106107552633,-0.04295984784711444,1.0,-86.97490763939022
-0.3410780691740793,-0.04295984784711444,1.0,-87.93561188422396
-0.3448455368008783,-0.04295984784711444,1.0,-88.8963184009676
-0.3486130133371278,-0.04295984784711444,1.0,-89.8570271167507
-0.3523804984970616,-0.04295984784711444,1.0,-90.81773796178618
-0.35614799200700464,-0.04295984784711444,1.0,-91.77845086920878
-0.3599154936047403,-0.04295984784711444,1.0,-92.73916577492385
-0.36368300303891704,-0.04295984784711444,1.0,-93.69988261746525
-0.3674505200684912,-0.04295984784711444,1.0,-94.66060133786209
-0.37121804446220424,-0.04295984784711444,1.0,-95.62132187951318
-0.3749855759980909,-0.04295984784711444,1.0,-96.58204418806947
-0.3787531144630175,-0.04295984784711444,1.0,-97.5427682113229
-0.3825206596522467,-0.04295984784711444,1.0,-98.50349389910214
-0.38628821136902797,-0.04295984784711444,1.0,-99.46422120317416
-0.39005576942421244,-0.04295984784711444,1.0,-100.42495007715164
-0.3938233336358888,-0.04295984784711444,1.0,-101.38568047640534
-0.39759090382904055,-0.04295984784711444,1.0,-102.34641235798179
-0.40135847983522266,-0.04295984784711444,1.0,-103.3071456805252
-0.40512606149225566,-0.04295984784711444,1.0,-104.26788040420402
-0.40889364864393735,-0.04295984784711444,1.0,-105.22861649064123
-0.41266124113976954,-0.04295984784711444,1.0,-106.18935390284867
-0.4164288388347006,-0.04295984784711444,1.0,-107.21868098086581
-0.4204654156112385,-0.04295984784711444,1.0,-108.179356151337
-0.4242327692209294,-0.04295984784711444,1.0,-109.14003368416135
-0.42800013209475046,-0.04295984784711444,1.0,-110.10071351750118
-0.43176750399020064,-0.04295984784711444,1.0,-111.06139559165813
-0.43553488467316914,-0.04295984784711444,1.0,-112.02207984898163
-0.43930227391757504,-0.04295984784711444,1.0,-112.98276623378176
-0.4430696715050265,-0.04295984784711444,1.0,-113.94345469224629
-0.4468370772244953,-0.04295984784711444,1.0,-114.90414517236297
-0.4506044908720116,-0.04295984784711444,1.0,-115.86483762384458
-0.4543719122503709,-0.04295984784711444,1.0,-116.82553199805767
-0.4581393411688536,-0.04295984784711444,1.0,-117.7862282479554
-0.4619067774429624,-0.04295984784711444,1.0,-118.74692632801332
-0.4656742208941699,-0.04295984784711444,1.0,-119.70762619416826
-0.46944167134967946,-0.04295984784711444,1.0,-120.66832780376023
-0.473209128642197,-0.04295984784711444,1.0,-121.62903111547705
-0.4769765926097139,-0.04295984784711444,1.0,-122.58973608930131
-0.48074406309529927,-0.04295984784711444,1.0,-123.55044268646037
-0.48451153994690344,-0.04295984784711444,1.0,-124.51115086937813
-0.48827902301716913,-0.04295984784711444,1.0,-125.47186060162912
-0.49204651216325146,-0.04295984784711444,1.0,-126.43257184789529
-0.4958140072466482,-0.04295984784711444,1.0,-127.39328457392362
-0.4995815081330338,-0.04295984784711444,1.0,-128.3539987464866
-0.5033490146921044,-0.04295984784711444,1.0,-129.31471433334417
-0.5071165267974281,-0.04295984784711444,1.0,-130.27543130320728
-0.5108840443263031,-0.04295984784711444,1.0,-131.2361496257027
-0.5146515671596184,-0.04295984784711444,1.0,-132.19686927134072
-0.5184190951817282,-0.04295984784711444,1.0,-133.15759021148187
-0.522186628280321,-0.04295984784711444,1.0,-134.11831241830808
-0.5259541663463063,-0.04295984784711444,1.0,-135.07903586479188
-0.5297217092736937,-0.04295984784711444,1.0,-136.0397605246699
-0.5334892569594898,-0.04295984784711444,1.0,-137.0004863724148
-0.5372568093035875,-0.04295984784711444,1.0,-137.9612133832108
-0.5410243662086698,-0.04295984784711444,0.0,-141.3448838922125
-0.554293662322402,-0.04942722198747988,1.0,-142.55709198001682
-0.5590474195294777,-0.04976725076985383,1.0,-143.66893357284647
-0.5634075826386136,-0.04976725076985383,1.0,-144.8600876111856
-0.5680787749458258,-0.04976725076985383,1.0,-145.9718215156364
-0.5724385157475937,-0.04976725076985383,1.0,-147.08356505219913
-0.5767982943223495,-0.04976725076985383,1.0,-148.19531800409626
-0.5811581098199854,-0.04976725076985383,1.0,-149.30708016100638
-0.5855179614157112,-0.04976725076985383,1.0,-150.41885131882313
-0.5898778483091103,-0.04976725076985383,1.0,-151.53063127942957
-0.5942377697232533,-0.04976725076985383,1.0,-152.64241985047852
-0.5985977249038373,-0.04976725076985383,1.0,-153.75421684518517
-0.6029577131183732,-0.04976725076985383,1.0,-154.86602208212713
-0.6073177336554005,-0.04976725076985383,1.0,-155.9778353850528
-0.6116777858237364,-0.04976725076985383,1.0,-157.0896565826999
-0.6160378689517643,-0.04976725076985383,1.0,-158.20148550861842
-0.6203979823867389,-0.04976725076985383,1.0,-159.31332200100485
-0.6247581254941366,-0.04976725076985383,1.0,-160.50447617888685
-0.6294293183485759,-0.04976725076985383,1.0,-161.6162155138944
-0.6337890804466447,-0.04976725076985383,1.0,-162.7279634807966
-0.6381488763952807,-0.04976725076985383,1.0,-163.83971990387573
-0.6425087055053951,-0.04976725076985383,1.0,-164.9514846121509
-0.646868567106474,-0.04976725076985383,1.0,-166.06325743921778
-0.6512284605459521,-0.04976725076985383,1.0,-167.1750382230984
-0.6555883851886211,-0.04976725076985383,1.0,-168.28682680609305
-0.6599483404160511,-0.04976725076985383,1.0,-169.398623034642
-0.6643083256260469,-0.04976725076985383,1.0,-170.51042675918845
-0.6686683402321115,-0.04976725076985383,1.0,-171.62223783405096
-0.6730283836629449,-0.04976725076985383,1.0,-172.7340561172977
-0.6773884553619518,-0.04976725076985383,1.0,-173.84588147062624
-0.6817485547867695,-0.04976725076985383,1.0,-174.95771375924957
-0.686108681408822,-0.04976725076985383,1.0,-176.14886802936923
-0.6907798746249773,-0.04976725076985383,1.0,-177.26061181578123
-0.6951396541795342,-0.04976725076985383,1.0,-178.37236342152679
-0.6994994643981443,-0.04976725076985383,1.0,-179.48412270130316
-0.7038593047109928,-0.04976725076985383,1.0,-180.59588951338537
-0.7082191745622957,-0.04976725076985383,1.0,-181.70766371951515
-0.7125790734098634,-0.04976725076985383,1.0,-282.58130551065403
