Lateral Error,Yaw Error,Action,Reward
0.0016318121147404691,0.0017314085628430112,1.0,-0.4576609924450664
0.0017947489899806524,0.0017314085628430112,1.0,-0.5039394753275629
0.001976233236578678,0.0017314085628430112,1.0,-0.5537630388444004
0.002171619760174119,0.0017314085628430112,1.0,-0.6062582858783127
0.002377483474032599,0.0017314085628430112,1.0,-0.6607887807848923
0.002591328552097617,0.0017314085628430112,1.0,-0.6783181251689839
0.0026600710790940546,0.0017314085628430112,1.0,-0.7024780494751446
0.0027548158802946842,0.0017314085628430112,1.0,-0.7314591161952931
0.0028684671223344832,0.0017314085628430112,1.0,-0.7647133874499266
0.002998876029215398,0.0017314085628430112,1.0,-0.8017092919719944
0.0031439580077333115,0.0017314085628430112,1.0,-0.8419537459578657
0.0033017793959131984,0.0017314085628430112,1.0,-0.885003688941397
0.003470602701730969,0.0017314085628430112,1.0,-0.9304697986267115
0.0036489011710851434,0.0017314085628430112,1.0,-0.9780151637281185
0.0038353535832475237,0.0017314085628430112,1.0,-1.0273511436782443
0.004028828014424488,0.0017314085628430112,1.0,-1.0524725027956712
0.004127343148218318,0.0017314085628430112,1.0,-1.0820823945164313
0.004243460370652672,0.0017314085628430112,1.0,-1.114586625396603
0.0043709279427317765,0.0017314085628430112,1.0,-1.1497397445129556
0.004508783311815512,0.0017314085628430112,1.0,-1.1873064946851735
0.004656103900726171,0.0017314085628430112,1.0,-1.2270652151127195
0.004812020451422429,0.0017314085628430112,1.0,-1.2688098634416443
0.004975724954673114,0.0017314085628430112,1.0,-1.3123509418608823
0.005146474281807382,0.0017314085628430112,1.0,-1.357515604790098
0.005323590607019992,0.0017314085628430112,1.0,-1.4041471922499003
0.005506459577450589,0.0017314085628430112,1.0,-1.432707808602183
0.005618461994518364,0.0017314085628430112,1.0,-1.464820675895477
0.0057443948074332426,0.0017314085628430112,1.0,-1.4989812066337729
0.00587835767307362,0.0017314085628430112,1.0,-1.5350527029261072
0.006019814521278851,0.0017314085628430112,1.0,-1.5729036973983528
0.00616824979371903,0.0017314085628430112,1.0,-1.6124088747669494
0.006323172057909605,0.0017314085628430112,1.0,-1.653449671194799
0.0064841163576266625,0.0017314085628430112,1.0,-1.6959146053178207
0.006650645511050278,0.0017314085628430112,1.0,-1.7396993934285254
0.006822350562464806,0.0017314085628430112,1.0,-1.7847068969637543
0.0069988505763284485,0.0017314085628430112,1.0,-1.815206700626356
0.007118457649515121,0.0017314085628430112,1.0,-1.8487475008826417
0.007249990199539771,0.0017314085628430112,1.0,-1.8838673986376921
0.007387715288775264,0.0017314085628430112,1.0,-1.9204797647695324
0.007531293195174637,0.0017314085628430112,1.0,-1.9585009001115319
0.00768039568671189,0.0017314085628430112,1.0,-1.997850375327261
0.007834707354224552,0.0017314085628430112,1.0,-2.038451266589907
0.007993926535646694,0.0017314085628430112,1.0,-2.0802303016584163
0.008157765888856534,0.0017314085628430112,1.0,-2.12311793059709
0.008325952669008197,0.0017314085628430112,1.0,-2.1670483345133364
0.008498228762797398,0.0017314085628430112,1.0,-2.198788182760733
0.008622698755924444,0.0017314085628430112,1.0,-2.233249971899472
0.008757843027056752,0.0017314085628430112,1.0,-2.2689950416294113
0.008898019771095732,0.0017314085628430112,1.0,-2.305963715780861
0.009042994963846513,0.0017314085628430112,1.0,-2.3440981028246344
0.009192541579704448,0.0017314085628430112,1.0,-2.3833422478618913
0.009346440187693691,0.0017314085628430112,1.0,-2.4236422431600446
0.009504479384941351,0.0017314085628430112,1.0,-2.464946302219474
0.009666456087135194,0.0017314085628430112,1.0,-2.5072048022509534
0.009832175695101779,0.0017314085628430112,1.0,-2.550370299710256
0.010001452155726495,0.0017314085628430112,1.0,-2.582969993007632
0.010129294090226008,0.0017314085628430112,1.0,-2.618074475151217
0.010266958726083205,0.0017314085628430112,1.0,-2.654259035532881
0.010408858962874043,0.0017314085628430112,1.0,-2.691480112426386
0.01055482397029955,0.0017314085628430112,1.0,-2.7296953055377253
0.010704687472696962,0.0017314085628430112,1.0,-2.768863453507919
0.010858288052972231,0.0017314085628430112,1.0,-2.8089446923850314
0.011015469381902085,0.0017314085628430112,1.0,-2.8499004970688797
0.011176080380662274,0.0017314085628430112,1.0,-2.8916937076941625
0.011339975324290832,0.0017314085628430112,1.0,-2.9342885428416343
0.011507013893496605,0.001122786195195713,1.0,-2.967518980965023
0.011637329337117738,0.001122786195195713,1.0,-3.0030972151044244
0.011776851823938918,0.001122786195195713,1.0,-3.03960753419868
0.011920029545877179,0.001122786195195713,1.0,-3.0770167594857103
0.01206673239014004,0.001122786195195713,1.0,-3.115292508250816
0.012216833365689475,0.001122786195195713,1.0,-3.15440323728285
0.012370208773658237,0.001122786195195713,1.0,-3.194318276629076
0.012526738339721866,0.001122786195195713,1.0,-3.23500785455642
0.01268630531198596,0.001122786195195713,1.0,-3.2764431146116397
0.012848796527888784,0.001122786195195713,1.0,-3.3185961256440204
0.013014102453505963,0.001122786195195713,1.0,-3.3523087902933244
0.013146308981542449,0.001122786195195713,1.0,-3.3882506127466354
0.013287257304888767,0.001122786195195713,1.0,-3.425012014823762
0.013431419665975539,0.001122786195195713,1.0,-3.4625668926687116
0.013578693696740047,0.001122786195195713,1.0,-3.5008897109639068
0.013728979258681986,0.001122786195195713,1.0,-3.5399555291090286
0.013882178545525602,0.001122786195195713,1.0,-3.579740022042855
0.01403819616487394,0.001122786195195713,1.0,-3.6202194961590792
0.01419693920062384,0.001122786195195713,1.0,-3.152383145711694
0.012362286845928213,0.001122786195195713,1.0,-3.1946883256936607
0.01252818951252416,0.001122786195195713,1.0,-3.2280599498843157
0.012659058626997316,0.001122786195195713,1.0,-3.263916706726732
0.012799673359712674,0.001122786195195713,1.0,-3.3006257883107226
0.012943630542394991,0.001122786195195713,1.0,-3.3381590762099465
0.013090819906705672,0.001122786195195713,1.0,-3.376489084731809
0.013241133665614937,0.001122786195195713,1.0,-3.4155889913970054
0.013394466632929434,0.001122786195195713,1.0,-3.4554326609848607
0.013550716317587688,0.001122786195195713,1.0,-3.495994663705679
0.01370978299492423,0.001122786195195713,1.0,-3.537250288052204
0.013871569757067468,0.001122786195195713,1.0,-3.5791755488661607
0.01403598254457318,0.001122786195195713,1.0,-3.6129779243620526
0.014168540879851185,0.001122786195195713,1.0,-3.6491416413521196
0.01431035937785145,0.001122786195195713,1.0,-3.686062540568422
0.014455147217915382,0.001122786195195713,1.0,-3.7237180995508443
0.014602816076669977,0.001122786195195713,1.0,-3.7620862582445564
0.0147532794440963,0.001122786195195713,1.0,-3.8011454381056846
0.014906452698453665,0.001122786195195713,1.0,-3.8408745574933763
0.01506225316664069,0.001122786195195713,1.0,-3.371783385403974
0.013222679942760681,-0.019579311153125546,1.0,-2.9043526970648212
0.011389618419862043,-0.019579311153125546,1.0,-2.439537156713161
0.009566812379267299,-0.019579311153125546,1.0,-1.962814595401049
0.007697312138827643,-0.019579311153125546,1.0,-1.4886444291818708
0.0058378212909092975,-0.019579311153125546,1.0,-1.0145042613632125
0.0039784480837773036,-0.019579311153125546,1.0,-1.0498084212285852
0.004116895769523864,-0.019579311153125546,1.0,-0.5778029669701561
0.0022658939881182597,-0.019579311153125546,1.0,-0.12389663099391429
0.000485869141152605,-0.019579311153125546,1.0,-0.38285772929227346
-0.0015014028599696998,-0.019579311153125546,1.0,-0.852962640307942
-0.0033449515306193806,-0.019579311153125546,1.0,-1.3259887065199394
-0.0051999557118429,-0.019579311153125546,1.0,-1.7958916367166786
-0.00704271230084972,-0.019579311153125546,1.0,-2.259042209757164
-0.008858989057871232,-0.019579311153125546,1.0,-2.725995634493074
-0.010690178958796369,-0.019579311153125546,1.0,-3.1950850148722445
-0.012529745156361743,-0.019579311153125546,1.0,-3.665490398899179
-0.0143744721525458,-0.019579311153125546,1.0,-4.13676286917174
-0.016222599486948,-0.019579311153125546,2.0,-2.627776041145373
-0.010305004082923033,-0.013111937012760063,1.0,-2.849781226589375
-0.011175612653291667,-0.01277190823038612,1.0,-2.671399194276709
-0.01047607527167337,-0.01277190823038612,1.0,-2.9847002282382333
-0.011704706777404837,-0.01277190823038612,1.0,-3.300128731938745
-0.01294168130172057,-0.01277190823038612,1.0,-3.6171281757699774
-0.014184816375568541,-0.01277190823038612,1.0,-3.935318948978549
-0.015432623329327644,-0.01277190823038612,1.0,-4.254433759983732
-0.016684053960720514,-0.01277190823038612,1.0,-4.574279222309035
-0.01793834989140798,-0.01277190823038612,1.0,-4.894712104594726
-0.01919494942978324,-0.01277190823038612,1.0,-5.227500462351703
-0.02050000181314393,-0.01277190823038612,1.0,-5.543195879920959
-0.021738023058513564,-0.01277190823038612,1.0,-5.8598321170590975
-0.02297973379238862,-0.01277190823038612,1.0,-6.177264500951943
-0.024224566670399777,-0.01277190823038612,1.0,-6.495376308343033
-0.025472063954286406,-0.01277190823038612,1.0,-6.814072384184517
-0.026721852486998106,-0.01277190823038612,1.0,-7.133274418139767
-0.027973625169175557,-0.01277190823038612,1.0,-6.94291741617195
-0.02722712712224294,-0.01277190823038612,1.0,-7.262959059597506
-0.028482192390578455,-0.01277190823038612,1.0,-8.102741211224297
-0.03177545573029136,-0.036026053838679774,1.0,-8.92939319690115
-0.035017228223141766,-0.036026053838679774,1.0,-9.756883283605635
-0.03826228738668877,-0.036026053838679774,1.0,-10.075157278314608
-0.03951042069927297,-0.036026053838679774,1.0,-10.903722765689428
-0.0427596971203507,-0.036026053838679774,1.0,-11.732715241388018
-0.0460106480054432,-0.036026053838679774,1.0,-12.575778622559007
-0.0493167789119961,-0.036026053838679774,1.0,-13.402505171845272
-0.052558843811157926,-0.036026053838679774,1.0,-14.229797701138033
-0.05580312823975699,-0.036026053838679774,1.0,-15.057562922516166
-0.059049266362808495,-0.036026053838679774,1.0,-15.885726943769386
-0.06229696840693877,-0.036026053838679774,1.0,-16.714230485269553
-0.06554600190301786,-0.036026053838679774,1.0,-17.543025443568006
-0.0687961782100706,-0.036026053838679774,1.0,-18.385211352103298
-0.07209886804746392,-0.036026053838679774,1.0,-19.212489104582748
-0.07534309452777548,-0.036026053838679774,1.0,-20.040123241690907
-0.0785887185948663,-0.036026053838679774,1.0,-20.86807136049846
-0.08183557396273905,-0.036026053838679774,1.0,-21.696297515654564
-0.08508351966923358,-0.036026053838679774,1.0,-22.524771037348806
-0.08833243544058356,-0.036026053838679774,1.0,-23.353465599315737
-0.0915822180365323,-0.036026053838679774,1.0,-24.195190926421255
-0.0948831016722402,-0.036026053838679774,1.0,-25.022745838789465
-0.09812841505407634,-0.036026053838679774,1.0,-25.850559287481197
-0.10137474230384783,-0.036026053838679774,1.0,-26.678607206050913
-0.1046219890433369,-0.036026053838679774,1.0,-26.99701326566679
-0.10587064025751683,-0.036026053838679774,1.0,-27.825439074145077
-0.10911936891821598,-0.036026053838679774,1.0,-28.654047792372676
-0.11236881487204971,-0.036026053838679774,1.0,-29.495687190936188
-0.11566936153308309,-0.036026053838679774,1.0,-30.323364889428376
-0.11891515642913089,-0.036026053838679774,1.0,-31.151250607086777
-0.12216176708661482,-0.036026053838679774,1.0,-31.979328188219913
-0.12540913014988203,-0.036026053838679774,1.0,-32.80758310467988
-0.12865718864580344,-0.036026053838679774,1.0,-33.636002256322364
-0.13190589120126417,-0.036026053838679774,1.0,-34.464573800069196
-0.1351551913728204,-0.036026053838679774,1.0,-35.305985454567285
-0.1384548449198717,-0.036026053838679774,1.0,-36.133783478684485
-0.14170111168111563,-0.036026053838679774,1.0,-36.9617514312706
-0.14494804482851215,-0.036026053838679774,1.0,-37.789878143040674
-0.14819560056094383,-0.036026053838679774,1.0,-38.618153400712195
-0.15144373882632234,-0.04533172371522601,1.0,-39.9564464515458
-0.15669194686880705,-0.04533172371522601,1.0,-40.79835834129807
-0.15999356212273752,-0.04533172371522601,1.0,-41.62612089204114
-0.16323968977271036,-0.04533172371522601,1.0,-42.963826171091846
-0.16848559282781117,-0.04533172371522601,1.0,-43.79190372974715
-0.17173295580292997,-0.04533172371522601,1.0,-44.62011167744131
-0.17498083010761295,-0.04533172371522601,1.0,-45.95830701988729
-0.18022865497995016,-0.04533172371522601,1.0,-46.800465139411294
-0.1835312358408286,-0.04533172371522601,1.0,-47.62822783031011
-0.1867773640404318,-0.04533172371522601,1.0,-48.96590938673026
-0.19202317406560884,-0.04533172371522601,1.0,-49.79394950093777
-0.19527039019975595,-0.04533172371522601,1.0,-51.13193998838559
-0.20051741171915918,-0.04533172371522601,1.0,-51.96022505388245
-0.20376558844659787,-0.04533172371522601,1.0,-52.78861382098047
-0.20701417184698223,-0.04533172371522601,1.0,-54.14009716894722
-0.21231410654489108,-0.04533172371522601,1.0,-54.967998301703496
-0.2155607776537392,-0.04533172371522601,1.0,-55.796008942803034
-0.21880787820707073,-0.04533172371522601,1.0,-57.133950249320776
-0.22405470686008147,-0.04533172371522601,1.0,-57.962182702025
-0.22730267726284312,-0.04533172371522601,2.0,-56.86342790797969
-0.2229938349332537,-0.038864349574860554,2.0,-55.86218086082235
-0.21906737592479356,-0.033194194287778124,2.0,-54.400029458474144
-0.21333344885676137,-0.026386032778898675,2.0,-53.20334696444144
-0.20864057633114289,-0.020715877491816245,2.0,-51.50160906629811
-0.20196709437763966,-0.013907715982936797,2.0,-50.01302301296119
-0.19612950201161253,-0.008237560695854145,2.0,-48.06418233495997
-0.18848698954886264,-0.001429399186974701,2.0,-46.32925361203937
-0.18168334749819362,0.004240756100107951,2.0,-44.23822781091183
-0.17348324631730133,0.011048917608987395,2.0,-42.15645772958587
-0.16531944207680732,0.016719072896070046,2.0,-39.72056297346745
-0.15576691362144096,0.02352723440494949,2.0,-37.50270547578229
-0.14706943323836194,0.029197389692032144,1.0,-37.06687450784938
-0.1453602921876446,0.02942401536866443,1.0,-36.33756244854363
-0.14250024489624952,0.02942401536866443,1.0,-35.47527700795914
-0.13911873336454567,0.02942401536866443,1.0,-35.105558299777144
-0.13766885607755744,0.02942401536866443,1.0,-34.243811441614376
-0.13428945663378186,0.02942401536866443,1.0,-33.87572738772489
-0.1328459897557839,0.02942401536866443,1.0,-33.1448387081354
-0.12997975963974667,0.02942401536866443,1.0,-32.28278193609505
-0.12659914484743157,0.033225334947613705,1.0,-31.42087800461642
-0.12321912942986832,0.033225334947613705,1.0,-30.55913984605729
-0.11983976410218544,0.033225334947613705,1.0,-30.191182557937378
-0.11839679434485247,0.033225334947613705,1.0,-29.460198773800602
-0.11553019126980628,0.033225334947613705,1.0,-28.598112584174217
-0.11214946111440868,0.033225334947613705,1.0,-27.736197711019
-0.1087694027883098,0.033225334947613705,1.0,-26.87447063766538
-0.1053900809320211,0.033225334947613705,1.0,-26.506675391073802
-0.10394774663166198,0.033225334947613705,1.0,-25.775570380443185
-0.10108066815860073,0.033225334947613705,1.0,-24.913446470983274
-0.09769979008228735,0.033225334947613705,0.0,-25.907707558944868
-0.10159885317233282,0.026757960807248054,1.0,-25.795573626565076
-0.1011591122610395,0.0264179320248741,1.0,-25.087885858560927
-0.09838386611200364,0.0264179320248741,1.0,-24.499570680546086
-0.0960767477668474,0.0264179320248741,1.0,-23.79073389530223
-0.09329699566785186,0.0264179320248741,1.0,-23.08221802293212
-0.0905185020507142,0.0264179320248741,1.0,-22.374053550359932
-0.08774138647199972,0.0264179320248741,1.0,-22.282352794490922
-0.08738177566467029,0.0264179320248741,1.0,-21.573408740421826
-0.084601602903615,0.0264179320248741,1.0,-20.864812415633345
-0.08182279378679744,0.0264179320248741,1.0,-20.156600492963424
-0.07904549212926833,0.0264179320248741,1.0,-19.44881496547814
-0.07626986260971819,0.0264179320248741,1.0,-19.356115099398572
-0.07590633372313164,0.0264179320248741,1.0,-18.64742038665381
-0.07312713877119141,0.0264179320248741,1.0,-17.93914981951838
-0.0703496071353662,0.0264179320248741,1.0,-17.2313556997924
-0.0675739439207545,0.0264179320248741,1.0,-16.644707270564943
-0.06527336184535273,0.0264179320248741,1.0,-15.935258414782425
-0.062491209469735,0.0264179320248741,1.0,-15.721702538750305
-0.061653735446079626,0.0264179320248741,1.0,-15.013897448689146
-0.05887802921054567,0.0264179320248741,1.0,-14.427874415030834
-0.05657989966678758,0.0264179320248741,1.0,-13.718177854079313
-0.053796775898350246,0.0264179320248741,1.0,-13.008956951712603
-0.05101551745769648,0.0264179320248741,1.0,-12.796440739608911
-0.05018212054748593,0.0264179320248741,1.0,-12.089353092593402
-0.04740922781409177,0.0264179320248741,1.0,-11.501244636213375
-0.04510292014201323,0.0264179320248741,1.0,-10.791749088751201
-0.04232058466176942,0.0411294955146321,0.0,-11.45611441452425
-0.04492593888048726,0.03466212137426665,0.0,-12.637177479826121
-0.04955755874441616,0.028991966087184,1.0,-12.275939688829617
-0.048140939956194576,0.028765340410551704,1.0,-11.347233773488844
-0.044498955974466056,0.028765340410551704,0.0,-12.903243708867633
-0.050600955721049536,0.022297966270186254,1.0,-12.226807473850021
-0.04794826460333342,0.0219579374878123,1.0,-11.95294434984217
-0.04687429156800851,0.0219579374878123,1.0,-11.176598087109975
-0.04382979642003912,0.0219579374878123,1.0,-10.991767773145584
-0.04310497165939445,0.0219579374878123,1.0,-10.214512150579782
-0.04005691039443052,0.0219579374878123,1.0,-9.938422493136459
-0.038974205855437094,0.0219579374878123,1.0,-9.663728780339769
-0.03789697560917556,0.0219579374878123,1.0,-8.887165225670834
-0.03485162833596406,0.0219579374878123,1.0,-8.614554106403178
-0.03378256512314971,0.0219579374878123,1.0,-7.928754209248148
-0.031093153761757447,0.0219579374878123,1.0,-7.651044448208691
-0.0300040958753282,0.0219579374878123,1.0,-6.873799770808528
-0.026956077532582463,0.0219579374878123,1.0,-6.598172894283076
-0.025875187820717942,0.0219579374878123,1.0,-5.821450376893799
-0.022829217164289407,0.0219579374878123,1.0,-5.54882610650318
-0.021760102378443842,0.0219579374878123,1.0,-4.7734292615561005
-0.018719330437474906,0.0219579374878123,1.0,-4.588547403099216
-0.017994303541565553,0.0219579374878123,0.0,-6.292677507179836
-0.024677166694822887,0.015490563347446851,1.0,-5.767594302181175
-0.022618016871298725,0.015150534565072902,1.0,-5.6452849956675815
-0.02213837253202973,0.015150534565072902,1.0,-5.020855127576727
-0.01968962795128128,0.015150534565072902,1.0,-4.902428468556344
-0.019225209680613115,0.015150534565072902,1.0,-4.28004156652163
-0.016784476731457373,0.015150534565072902,0.0,-6.1471859225490935
-0.024106611460976833,0.00868316042470745,1.0,-5.84550132658665
-0.022923534614065294,0.0083431316423335,1.0,-5.8752892036470525
-0.023040349818223733,0.0083431316423335,1.0,-5.402655897263207
-0.021186885871620417,0.0083431316423335,1.0,-5.436208778697456
-0.021318465798813552,0.0083431316423335,1.0,-5.472541507385997
-0.021460947087788222,0.0083431316423335,1.0,-5.072996357739289
-0.019894103363683486,0.0083431316423335,1.0,-5.101579799857499
-0.02000619529355882,0.0083431316423335,1.0,-4.6285920161646645
-0.01815134123986143,0.03577516434393009,0.0,-5.633839037667305
-0.022093486422224726,0.029307790203564638,0.0,-7.046340241881012
-0.027632706830905927,0.023637634916482207,0.0,-8.383310874587478
-0.03287572891995089,0.01682947340760276,1.0,-7.937273217821921
-0.031126561638517337,0.01648944462522882,1.0,-7.900543253080455
-0.030982522561099825,0.01648944462522882,0.0,-9.337284993575638
-0.036616803896375054,0.010022070484863378,1.0,-9.0435005412706
-0.03546470800498275,0.009682041702489439,1.0,-9.159315862880028
-0.03591888573678443,0.009682041702489439,1.0,-8.793779831806152
-0.03448541110512216,0.009682041702489439,1.0,-8.906530093352945
-0.03492756899354096,0.009682041702489439,1.0,-8.511092705955084
-0.03337683414100033,0.009682041702489439,1.0,-8.115786859858492
-0.03182661513669997,0.009682041702489439,1.0,-8.229668416101816
-0.03227320947490908,0.009682041702489439,1.0,-7.834840015701613
-0.03072486280667299,0.009682041702489439,1.0,-7.440219786002624
-0.029177332494127933,0.009682041702489439,1.0,-7.555398577121439
-0.029629014027927215,0.009682041702489439,1.0,-7.161436907417385
-0.02808406630359759,0.009682041702489439,1.0,-6.767805113801759
-0.02654041221098729,0.009682041702489439,1.0,-6.884482156586371
-0.02699796924151518,0.009682041702489439,1.0,-6.516239509018194
-0.02555388042752233,0.009682041702489439,1.0,-6.120470578294383
-0.024001845405076012,0.009682041702489439,1.0,-6.233435658674449
-0.024444845720291958,0.009682041702489439,1.0,-5.838191620619969
-0.022894869100470467,0.009682041702489439,1.0,-5.44317180025125
-0.021345771765691173,0.009682041702489439,1.0,-5.557824265747215
-0.021795389277440062,0.009682041702489439,1.0,-5.163625368311237
-0.02024951124827936,0.009682041702489439,1.0,-4.7698553310699365
-0.018705315023803674,0.009682041702489439,1.0,-4.886567559343277
-0.019163010036640303,0.009682041702489439,1.0,-4.494108807590288
-0.017623956108197204,0.009682041702489439,1.0,-4.127718583832539
-0.016187131701304074,0.009682041702489439,1.0,-4.238836496624744
-0.016622888222057822,0.009682041702489439,1.0,-3.8429131643778476
-0.01507024770344254,0.009682041702489439,1.0,-3.447187968839146
-0.013518384191526062,0.009682041702489439,1.0,-3.5606895878638998
-0.01396348857985843,0.009682041702489439,1.0,-3.166008871126031
-0.012415721063239337,0.009682041702489439,1.0,-3.2817140283451924
-0.012869466777824284,0.009682041702489439,1.0,-2.888724168578498
-0.011328330072856855,0.009682041702489439,1.0,-2.496934969147495
-0.009791901839794098,0.01760766113299402,0.0,-4.086056182968111
-0.016023749737129847,0.01114028699262858,1.0,-3.9464738333416247
-0.015476367973888724,0.01080025821025464,1.0,-3.7074730088763195
-0.014539109838730666,0.01080025821025464,1.0,-3.4805974309721406
-0.013649401690086826,0.01080025821025464,1.0,-3.236130719074765
-0.01269070870225398,0.01080025821025464,1.0,-2.992032430793859
-0.011733460512917094,0.01080025821025464,1.0,-2.7484007321419517
-0.010778042086831184,0.01080025821025464,1.0,-2.5053717455675097
-0.009824987237519647,0.01080025821025464,1.0,-2.2631396474965757
-0.008875057441163042,0.01080025821025464,1.0,-2.0219908570978307
-0.007929375910187572,0.01080025821025464,2.0,-0.25037870338382623
0.0009818772681718677,0.01726763235062008,0.0,-1.0426825903260264
-0.004088951334611868,0.011957266373694111,1.0,-0.8964026251740566
-0.0035153044124472807,0.011617237591320172,1.0,-0.6657234608599912
-0.0026106802386666322,0.011617237591320172,2.0,-1.626686122546547
0.00637916126488842,0.018084611731685612,1.0,-2.1342673360840383
0.008369675827780542,0.01842464051405955,1.0,-2.544420916679123
0.009978121241878914,0.01842464051405955,1.0,-2.9558976325377313
0.011591755421716593,0.01842464051405955,1.0,-3.3682125972537813
0.013208676851975612,0.01842464051405955,1.0,-3.78109159635216
0.014827810181773177,0.01842464051405955,1.0,-4.194368068393588
0.01644850222899446,0.01842464051405955,1.0,-4.607935068961291
0.018070333603769768,0.01842464051405955,1.0,-5.021720818585597
0.019693022817982735,0.01842464051405955,1.0,-5.435675361288391
0.021316373965836827,0.01842464051405955,0.0,-3.844360418428368
0.015075923209523012,0.011957266373694111,1.0,-4.002280894684058
0.015695219194839443,0.011617237591320172,1.0,-4.261242121526617
0.01671075341775144,0.011617237591320172,1.0,-4.520856499349287
0.017728849017056025,0.011617237591320172,1.0,-4.781017628942721
0.018749088740951846,0.011617237591320172,1.0,-5.041640869789304
0.019771140665840407,0.011617237591320172,1.0,-5.302658084651016
0.02079473758686673,0.011617237591320172,1.0,-5.564013827859907
0.021819662070038853,0.011617237591320172,1.0,-5.825662537568934
0.022845735441446798,0.011617237591320172,1.0,-6.087566438057849
0.023872809561011173,0.011617237591320172,1.0,-6.330296985586992
0.02482469406112546,0.011617237591320172,1.0,-6.589081871180997
0.025839536749729403,0.011617237591320172,1.0,-6.848311244068626
0.026856122525759314,0.011617237591320172,1.0,-7.107936472511823
0.027874260676516955,0.011617237591320172,1.0,-7.367915710023238
0.028893787098130348,0.011617237591320172,1.0,-7.628212761444639
0.029914559848802508,0.011617237591320172,1.0,-7.888796167276919
0.0309364555579487,0.011617237591320172,1.0,-8.14963845915483
0.03195936650648953,0.011617237591320172,1.0,-8.410715550542914
0.0329831982374232,0.011617237591320172,1.0,-8.672006235034065
0.03400786758836888,0.011617237591320172,1.0,-8.93349177085373
0.03503330106217149,0.011617237591320172,1.0,-9.17605279967825
0.035984520783051956,0.011617237591320172,1.0,-9.435398608706722
0.0370015631713989,0.011617237591320172,1.0,-9.69502840836492
0.03801971924848988,0.011617237591320172,1.0,-9.9549199787812
0.03903890187757334,0.011617237591320172,1.0,-10.215053340046145
0.04005903270606331,0.011617237591320172,1.0,-10.475410479172409
0.041080041094793754,0.011617237591320172,1.0,-10.735975115723706
0.0421018631989165,0.011617237591320172,1.0,-10.996732499921901
0.04312444117616432,0.011617237591320172,1.0,-11.257669238139611
0.04414772250250828,0.011617237591320172,1.0,-11.518773141571439
0.04517165937871152,0.011617237591320172,1.0,-11.780033094594286
0.04619620821409524,0.011617237591320172,1.0,-12.022492439045932
0.047147029172729144,0.011617237591320172,1.0,-12.282124747490785
0.04816519508819915,0.011617237591320172,1.0,-12.541964726072667
0.0491841753963634,0.011617237591320172,1.0,-12.801999729663054
0.05020392050848256,0.011617237591320172,0.0,-11.079429235499596
0.04344874209999841,0.005149863450954694,1.0,-11.087982956942408
0.043482286105656506,0.00480983466858075,1.0,-11.187106031324237
0.043871004044408766,0.00480983466858075,1.0,-11.29417469823225
0.044290881169538235,0.00480983466858075,1.0,-11.401479655390213
0.04471168492309888,0.00480983466858075,1.0,-11.509014293602787
0.0451333893866776,0.00480983466858075,1.0,-11.616772234507247
0.045555969547087245,0.00480983466858075,1.0,-11.724747321220732
0.04597940125968915,0.00480983466858075,1.0,-11.832933609402023
0.04640366121334126,0.00480983466858075,1.0,-11.941325358709062
0.04682872689689828,0.00480983466858075,1.0,-12.049917024634203
0.04725457656719296,0.00480983466858075,1.0,-12.158703250699858
0.04768118921843082,0.00480983466858075,1.0,-12.258225579307034
0.04807147286002759,0.00480983466858075,1.0,-12.365332354225004
0.04849149942833335,0.00480983466858075,1.0,-12.472654471591003
0.04891237047682746,0.00480983466858075,1.0,-12.580186420118872
0.04933406439262303,0.00480983466858075,1.0,-12.687922864763031
0.04975656025397267,0.00480983466858075,1.0,-12.795858640177247
0.050179837804616656,0.00480983466858075,1.0,-12.903988744439056
0.05060387742917277,0.00480983466858075,1.0,-13.012308333028772
0.051028660129524596,0.00480983466858075,1.0,-13.12081271305246
0.05145416750216651,0.00480983466858075,1.0,-13.229497337698708
0.051880381716465515,0.00480983466858075,1.0,-13.329354212966482
0.05227197730575091,0.00480983466858075,1.0,-13.436492947609567
0.05269212920631202,0.00480983466858075,1.0,-13.543829487540991
0.05311305681388624,0.00480983466858075,1.0,-13.651359166910712
0.0535347418310224,0.00480983466858075,1.0,-13.759077457460522
0.05395716649984519,0.00480983466858075,1.0,-13.866979963812906
0.05438031358358002,0.00480983466858075,1.0,-13.975062418936371
0.05480416634877008,0.00480983466858075,1.0,-14.083320679780593
0.055228708548159186,0.00480983466858075,1.0,-14.191750723074751
0.05565392440421472,0.00480983466858075,1.0,-14.3003486412828
0.05607979859326588,0.00480983466858075,1.0,-14.400489904886605
0.05647250943092787,0.00480983466858075,1.0,-14.507655827746374
0.05689276795194657,0.00480983466858075,1.0,-14.615004659319634
0.05731374376203778,0.00480983466858075,1.0,-14.72253239858941
0.05773542117093886,0.00480983466858075,1.0,-14.830235154004944
0.05815778491766645,0.00480983466858075,1.0,-14.938109140003032
0.05858082015687464,0.00480983466858075,1.0,-15.046150673650363
0.0590045124456877,0.00480983466858075,1.0,-15.154356171402508
0.059428847730990234,0.00480983466858075,1.0,-15.262722145975479
0.05985381233715874,0.00480983466858075,1.0,-15.371245203325728
0.060279392954218546,0.00480983466858075,1.0,-15.47163118908988
0.060673063486626974,0.00480983466858075,1.0,-15.5788205229404
0.061093413815452545,0.00480983466858075,1.0,-15.686179955003327
0.06151443119609148,0.00480983466858075,1.0,-15.793706016495824
0.06193610202547382,0.00480983466858075,1.0,-15.90139532714766
0.06235841304763788,0.00480983466858075,1.0,-16.00924459257711
0.06278135134343966,0.00480983466858075,1.0,-16.117250601751984
0.06320490432059601,0.00480983466858075,1.0,-16.225410224532958
0.06362905970405082,0.00480983466858075,1.0,-16.33372040929658
0.06405380552665325,0.00480983466858075,1.0,-16.442178180635118
0.06447913012013771,0.00480983466858075,1.0,-16.542776979278905
0.06487363521285845,0.00480983466858075,1.0,-16.64998668288051
0.06529406542306083,0.00480983466858075,1.0,-16.757355350831034
0.0657151190228668,0.00480983466858075,1.0,-16.864879947036137
0.06613678410602407,0.00480983466858075,1.0,-16.972557507984668
0.06655904905092028,0.00480983466858075,1.0,-17.08038514073207
0.06698190251267477,0.00480983466858075,1.0,-17.188360020945098
0.06740533341547097,0.00480983466858075,1.0,-17.296479391006013
0.06782933094512163,0.00480983466858075,2.0,-19.38761776796385
0.07602987359985823,0.011277208808946233,0.0,-18.02314076781118
0.0706789834031811,0.005966842832020234,2.0,-19.774430146946983
0.07754678488998817,0.011277208808946233,1.0,-20.13510675820635
0.07896120297335825,0.011617237591320172,0.0,-18.401170322880358
0.07216145224658962,0.005149863450954694,1.0,-18.408440314395985
0.07218996201723915,0.00480983466858075,1.0,-18.516224009798833
0.0726126431756817,0.00480983466858075,1.0,-18.62414410955337
0.07303585925315048,0.00480983466858075,1.0,-18.73219825609801
0.07345960100430592,0.00480983466858075,1.0,-18.84038414306088
0.07388385938455247,0.00480983466858075,1.0,-18.948699513962097
0.07430862554494941,0.00480983466858075,1.0,-19.05714216095226
0.07473389082726375,0.00480983466858075,1.0,-19.15709912525833
0.07512587892258168,0.00480983466858075,1.0,-19.264466938032474
0.0755469291687548,0.00480983466858075,1.0,-19.371970508394547
0.07596851179762568,0.00480983466858075,1.0,-19.479607588697945
0.07639061799489391,0.00480983466858075,1.0,-19.58737597794044
0.0768132391291782,0.00480983466858075,1.0,-19.69527352063756
0.07723636674759826,0.00480983466858075,1.0,-19.803298105725837
0.07765999257147387,0.00480983466858075,1.0,-19.91144766549512
0.07808410849213773,0.00480983466858075,1.0,-20.01972017454906
0.07850870656685906,0.00480983466858075,0.0,-18.138116339789
0.07112986799917255,-0.0016575394717847245,0.0,-16.36487473021141
0.06417597933416239,-0.0073276947588671966,1.0,-16.128536688430874
0.06324916348404265,-0.00755432043549949,1.0,-15.959282359458886
0.06258542101748583,-0.00755432043549949,1.0,-15.790183893457042
0.06192228977826292,-0.00755432043549949,1.0,-15.621246352030447
0.06125978961580567,-0.00755432043549949,1.0,-15.45247501320868
0.060597941228269336,-0.00755432043549949,1.0,-15.295169064596646
0.05998105515528096,-0.00755432043549949,1.0,-15.12508576562287
0.05931406182597204,-0.00755432043549949,1.0,-14.955148222658336
0.05864764008885622,0.0015725242275855293,0.0,-13.312357599329097
0.05220532391893764,-0.004894849912779932,1.0,-12.912667953018861
0.05063791354125043,-0.005234878695153872,1.0,-13.099116579045178
0.05136908462370658,-0.005234878695153872,1.0,-12.776641578091327
0.050104476776828735,-0.005234878695153872,1.0,-12.454297542237965
0.04884038251858026,-0.005234878695153872,1.0,-12.641549964853967
0.04957470574452536,-0.005234878695153872,1.0,-12.319581768415176
0.04831208536633402,-0.005234878695153872,1.0,-12.507423402187328
0.049048719224264035,-0.005234878695153872,1.0,-12.185864834944516
0.04778770523507653,-0.005234878695153872,1.0,-11.864493490304506
0.04652742545217453,-0.005234878695153872,2.0,-14.03604594140563
0.055043317417276985,0.0012324954452115856,0.0,-12.26245306035227
0.048088051217067725,-0.004077870531714399,1.0,-12.366893711342488
0.04849762239742152,-0.004417899314088338,1.0,-12.062720469115623
0.047304786153394604,-0.004417899314088338,1.0,-11.75869300387723
0.04611252158383228,-0.004417899314088338,1.0,-11.964353775041673
0.04691903441192813,-0.004417899314088338,1.0,-11.660735289376444
0.04572837368382919,-0.004417899314088338,1.0,-11.867013700891249
0.04653730863094607,-0.004417899314088338,1.0,-11.563838056754372
0.045348384536291655,-0.004417899314088338,1.0,-11.260868440025947
0.04416026839225862,-0.004417899314088338,1.0,-11.488908011280259
0.045054541220706894,-0.004417899314088338,1.0,-11.184390890087922
0.043860356431717346,-0.004417899314088338,1.0,-11.389245511972627
0.04466370789008873,-0.004417899314088338,1.0,-11.08511866484773
0.043471053587638156,-0.004417899314088338,1.0,-10.781153430433779
0.04227903306052462,-0.004417899314088338,1.0,-10.986939010920288
0.04308603533694231,-0.004417899314088338,1.0,-10.683426065529051
0.04189578849227079,-0.004417899314088338,1.0,-10.88988147915589
0.04270541756531722,-0.004417899314088338,1.0,-10.58686131434387
0.04151710319350538,-0.004417899314088338,1.0,-10.284075911002933
0.04032970945491346,-0.004417899314088338,1.0,-10.51119749805025
0.04122038234529509,-0.004417899314088338,1.0,-10.206695967208393
0.040026258694934876,-0.004417899314088338,1.0,-10.41160966234042
0.04082984181309968,-0.004417899314088338,1.0,-10.107538556745435
0.03963740610488405,-0.004417899314088338,1.0,-9.803648636415035
0.03844568092711778,-0.004417899314088338,1.0,-10.009582687086205
0.03925326543955374,-0.004417899314088338,1.0,-10.215941070216925
0.04006251400085068,0.031020121347088904,0.0,-8.973786613221844
0.03519132005185037,0.024552747206723465,0.0,-7.292295032296779
0.028597235420771683,0.018882591919641034,1.0,-7.70617708545597
0.030220302295905766,0.01865596624300874,1.0,-8.139222028613466
0.03191851775926849,0.01865596624300874,1.0,-8.573995879123903
0.033623513251466286,0.01865596624300874,1.0,-9.010248364218873
0.03533430731066225,0.01865596624300874,1.0,-9.447774657563142
0.03705009669632605,0.01865596624300874,1.0,-9.92610132941817
0.03892588756634576,0.01865596624300874,1.0,-10.360347431471908
0.04062881345675258,0.01865596624300874,1.0,-10.795870059668387
0.04233674533203289,0.01865596624300874,1.0,-11.232520729346117
0.04404910089939653,0.01865596624300874,1.0,-11.670172820941616
0.045765383611535745,0.01865596624300874,1.0,-12.146930463962814
0.047635021427305156,0.01865596624300874,1.0,-12.581922441962037
0.049340872321419746,0.01865596624300874,2.0,-15.000718129071215
0.058826345604200844,0.025123340383374184,1.0,-15.689703748757594
0.06152824999512783,0.025463369165748127,1.0,-16.27903404743149
0.0638393492056137,0.025463369165748127,1.0,-16.86899287380842
0.06615291323062125,0.025463369165748127,1.0,-17.45951651396097
0.06846869221161166,0.025463369165748127,1.0,-18.050549534334493
0.07078646876209606,0.025463369165748127,1.0,-18.161295070940366
0.07122076498407987,0.025463369165748127,1.0,-18.750470065716954
0.07353125515967433,0.025463369165748127,0.0,-17.394508442319697
0.06821375859733214,0.018995995025382684,0.0,-16.144988221241395
0.06331367929898586,0.013325839738300253,1.0,-16.3874206218033
0.06426439459530707,0.01309921406166796,1.0,-16.69763679381005
0.06548092860317668,0.01309921406166796,1.0,-17.00866057894149
0.06670062972133918,0.01309921406166796,1.0,-17.37026057648052
0.06811866892737459,0.01309921406166796,0.0,-15.696587262109412
0.06155524416513495,0.006631839921302518,0.0,-14.17866192943626
0.05560259580171082,0.000961684634219942,1.0,-14.143703667622134
0.05546550457891033,0.0007350589575876446,1.0,-13.73802101033984
0.05387459219741114,0.0007350589575876446,1.0,-13.767091376830868
0.053988593634630856,0.0007350589575876446,1.0,-13.79727121892565
0.05410694595657117,0.0007350589575876446,1.0,-13.82855327256935
0.05422962067674255,0.0007350589575876446,1.0,-13.929390040663941
0.05462505898299584,0.0007350589575876446,1.0,-13.958375572261309
0.054738727734358075,0.0007350589575876446,1.0,-14.493971700819605
0.05683910470909649,0.019361743356153236,1.0,-14.525703574528757
0.05696354342952453,0.019361743356153236,1.0,-15.129587582309748
0.05933171600905783,0.019361743356153236,1.0,-15.665239600022707
0.06143231215695179,0.019361743356153236,1.0,-16.271555249751792
0.06381002058726193,0.019361743356153236,1.0,-16.30080831406795
0.06392473848654098,0.019361743356153236,1.0,-16.836508167515184
0.06602552222554973,0.019361743356153236,1.0,-17.442676146342926
0.06840265155428599,0.019361743356153236,1.0,-17.977061730161736
0.07049828129475191,0.019361743356153236,1.0,-18.00777727289558
0.07061873440351209,0.019361743356153236,1.0,-18.613816146438086
0.0729953574370121,0.019361743356153236,1.0,-19.148323506373192
0.07509146473087526,0.019361743356153236,1.0,-19.684784361426036
0.07719523278990603,0.019361743356153236,1.0,-19.784971857632677
0.07758812493189285,0.019361743356153236,1.0,-20.31958654220407
0.07968465310668263,0.019361743356153236,1.0,-20.856039503336213
0.08178839020916162,0.019361743356153236,0.0,-19.053965395986065
0.07472143292543555,0.012894369215787786,1.0,-19.331648461388358
0.07581038612309161,0.012554340433413837,1.0,-19.711856995485814
0.07730139998229732,0.012554340433413837,1.0,-20.17213351862364
0.07910640595538682,0.012554340433413837,1.0,-20.047707249349312
0.07861845980136986,0.012554340433413837,1.0,-20.428147679350463
0.08011038305627632,0.012554340433413837,1.0,-20.888061063653897
0.08191396495550549,0.012554340433413837,1.0,-21.26753549733796
0.08340209998956064,0.012554340433413837,1.0,-21.144455780865737
0.0829194344347676,0.012554340433413837,1.0,-21.604029729785708
0.08472168521484592,0.012554340433413837,1.0,-21.983745117131782
0.08621076516522268,0.012554340433413837,1.0,-22.44466564617621
0.08801829665167142,0.012554340433413837,1.0,-22.320035559845472
0.0875295512150803,0.012554340433413837,1.0,-22.699976076645356
0.08901951402606022,0.012554340433413837,1.0,-23.16055036869354
0.09082568772036681,0.012554340433413837,0.0,-21.140411937167276
0.0829035762241854,0.006086966293048386,1.0,-21.264048287468373
0.08338842465673872,0.005746937510674436,1.0,-21.57916443328057
0.08462417424815911,0.005746937510674436,1.0,-21.802369729645413
0.08549948913586437,0.005746937510674436,1.0,-21.524929216586102
0.08441148712386706,0.005746937510674436,1.0,-21.839563861521686
0.08564534847655562,0.005746937510674436,1.0,-22.063115554165357
0.08652202178104061,0.005746937510674436,1.0,-21.878140137438116
0.08579662798995338,0.0025250659094868903,1.0,-22.10002612030941
0.08666676909925257,0.0025250659094868903,1.0,-22.323915492554153
0.08754476663746727,0.0025250659094868903,1.0,-22.138303536153018
0.08681687661236479,0.0025250659094868903,1.0,-22.36054901403797
0.08768842750603126,0.0025250659094868903,1.0,-22.08254246097922
0.08659820572933027,0.0025250659094868903,1.0,-22.398534413623285
0.08783738985734621,0.0025250659094868903,1.0,-22.621130447747028
0.0887103154813609,0.0025250659094868903,1.0,-22.343311101505517
0.08762082784904125,0.0025250659094868903,1.0,-22.65883044492023
0.08885815860753031,0.0025250659094868903,1.0,-22.380101092965482
0.08776510232535482,0.0025250659094868903,1.0,-22.604132658660596
0.08864365748494352,0.0025250659094868903,1.0,-22.919189410163973
0.08987917415750576,0.0025250659094868903,1.0,-22.640650386673972
0.08878686426146656,0.0025250659094868903,1.0,-22.865005321581496
0.0896666875356137,0.0025250659094868903,1.0,-22.678503676200876
0.08893530853412109,0.0025250659094868903,1.0,-22.901256903624496
0.089808850602449,0.0025250659094868903,1.0,-23.125927360768127
0.09068991121869854,0.0025250659094868903,1.0,-22.93882973375602
0.08995619503433733,0.0025250659094868903,1.0,-23.161918712273664
0.09083105377362222,0.0025250659094868903,1.0,-22.884358237294506
0.08974258132272354,0.0025250659094868903,1.0,-23.199217291775145
0.0909773227128437,0.0025250659094868903,1.0,-23.422633966659138
0.0918534665359182,0.0025250659094868903,1.0,-23.14525079466341
0.09076568939083692,0.0025250659094868903,1.0,-23.459664302408488
0.0919986835388568,0.0025250659094868903,1.0,-23.181393856895575
0.09090742688978656,0.0025250659094868903,1.0,-23.406191693585317
0.09178898703366792,0.0025250659094868903,1.0,-23.720168807290595
0.09302026983251215,0.0025250659094868903,1.0,-23.442078814091765
0.09192972083957554,0.0025250659094868903,1.0,-23.75821080382809
0.09316945413265917,0.0025250659094868903,1.0,-23.479257889335
0.09207552113464706,0.0025250659094868903,1.0,-23.702816076104252
0.09295221990629118,0.0025250659094868903,1.0,-24.018501102823592
0.09419020040322977,0.0025250659094868903,1.0,-23.739731350081055
0.09309698568659239,0.0025250659094868903,1.0,-23.963603935617012
0.09397491739457653,0.0025250659094868903,1.0,-24.27885093424918
0.09521118013431051,0.0025250659094868903,1.0,-24.00026105999889
0.09411867082352507,0.0025250659094868903,1.0,-23.722248379297724
0.09302842501685381,-0.022691699989555916,2.0,-25.34565133427968
0.09939471111482227,-0.016224325849190466,2.0,-26.95691964115898
0.1057134103574862,-0.010554170562107813,1.0,-26.520708697550166
0.10400277920607907,-0.010327544885475515,1.0,-26.522552149203015
0.10401000842824712,-0.010327544885475515,1.0,-26.01974597055913
0.10203821949238874,-0.010327544885475515,1.0,-26.022417485292834
0.10204869602075621,-0.010327544885475515,1.0,-25.591780930196272
0.10035992521645595,-0.010327544885475515,1.0,-25.592872383112677
0.10036420542397129,-0.010327544885475515,1.0,-25.089757840974602
0.09839120721950825,-0.010327544885475515,1.0,-25.091693105038686
0.0983987964903478,-0.010327544885475515,1.0,-24.58893681595342
0.09642720319981733,-0.010327544885475515,1.0,-24.59175017800104
0.09643823599216095,-0.010327544885475515,1.0,-24.16075893453071
0.0947480742530616,-0.010327544885475515,1.0,-24.161901200101333
0.09475255372588758,-0.010327544885475515,1.0,-23.658817474679125
0.09277967637129068,-0.010327544885475515,1.0,-23.66085565508358
0.09278766923562187,-0.010327544885475515,1.0,-23.15815588919967
0.09081629760470458,-0.010327544885475515,1.0,-23.161128619705725
0.09082795537139499,-0.010327544885475515,1.0,-22.72973890058656
0.0891362309826924,-0.010327544885475515,1.0,-22.73093837639786
0.08914093480940335,-0.010327544885475515,1.0,-22.227889624626492
0.08716819460637841,-0.010327544885475515,1.0,-22.23004396907263
0.0871766430159711,-0.010327544885475515,1.0,-21.727408766830287
0.08520552457580505,-0.010327544885475515,1.0,-21.802123388328756
0.08549852309148531,-0.010327544885475515,1.0,-21.803112230237595
0.08550240090289254,-0.010327544885475515,2.0,-23.215464405138288
0.09104103688289525,-0.0038601707451100652,1.0,-23.472245893747935
0.09204802311273699,-0.0035201419627361235,1.0,-23.122475345749216
0.09067637390489888,-0.0035201419627361235,2.0,-25.26273536102828
0.09906955043540502,0.002947232177629318,1.0,-25.16545254768676
0.09868804920661474,0.00328726096000326,1.0,-25.475339034315358
0.09990329033064846,0.00328726096000326,1.0,-25.278163950499273
0.09913005470784028,0.00328726096000326,1.0,-25.58889536003055
0.10034860925502176,0.00328726096000326,1.0,-25.39220286599664
0.09957726614116329,0.00328726096000326,1.0,-25.75273660262589
0.10099112393186624,0.00328726096000326,1.0,-25.55520005820792
0.10021647081650165,0.00328726096000326,1.0,-25.865287842320875
0.1014325013424348,0.00328726096000326,1.0,-25.160635491969245
0.09866915879203626,-0.029031206291887292,1.0,-24.455994019174533
0.09590585889872365,-0.029031206291887292,1.0,-23.751364392063575
0.09314260545907284,-0.029031206291887292,1.0,-23.04674769714369
0.09037940273389682,-0.029031206291887292,1.0,-22.849880958553207
0.0896073763080518,-0.029031206291887292,1.0,-22.145336239952957
0.08684445584295278,-0.029031206291887292,1.0,-21.440811002702823
0.08408161177530518,-0.029031206291887292,2.0,-22.679156172628915
0.08893786734364281,-0.02256383215152185,1.0,-22.266679868544333
0.08732031320997778,-0.022223803369147907,1.0,-21.713840441219318
0.08515231545576205,-0.022223803369147907,1.0,-21.16102754711045
0.08298442175337431,-0.022223803369147907,2.0,-22.553996308715412
0.08844704434790357,-0.015756429228782468,2.0,-23.86335546757985
0.09358178614737196,-0.010086273941700035,1.0,-24.164425892927117
0.09476245448206713,-0.009859648265067746,1.0,-23.888989572146578
0.09368231204763364,-0.009859648265067746,1.0,-23.613647751434907
0.09260254020170552,-0.009859648265067746,1.0,-23.3384037754711
0.09152315206067098,-0.009859648265067746,2.0,-25.046165062668017
0.0982202551477177,-0.003392274124702272,1.0,-25.02310413634568
0.09812982014253208,-0.0030522453423283287,1.0,-24.89977020091318
0.09764615765063991,-0.0030522453423283287,1.0,-24.776534255332002
0.09716287943267451,-0.0030522453423283287,1.0,-24.653397769079767
0.0966799912512932,-0.0030522453423283287,1.0,-24.53036223994187
0.09619749898016419,-0.0030522453423283287,1.0,-24.917383261487625
0.09771522847642206,-0.0030522453423283287,1.0,-24.79456724132535
0.0972335970248053,-0.0030522453423283287,1.0,-24.671854794012077
0.09675237174122382,-0.0030522453423283287,1.0,-24.549247472712903
0.09627155871652118,-0.0030522453423283287,1.0,-24.434632806770217
0.09582208943831458,-0.0030522453423283287,1.0,-24.311188271371282
0.09533799322106386,-0.0030522453423283287,2.0,-26.164977138639642
0.10260775348486136,0.0034151287980371463,1.0,-26.29476823206533
0.10311673816496207,0.003755157580411089,1.0,-26.324285702099186
0.10323249294940857,0.003755157580411089,1.0,-26.863895748767305
0.10534861077947963,0.003755157580411089,1.0,-26.893604575047384
0.10546511598057798,0.003755157580411089,1.0,-26.92340959096294
0.1055819983959331,0.003755157580411089,1.0,-26.953310477413996
0.10569925677417254,0.003755157580411089,1.0,-26.983306915690854
0.10581688986545432,0.003755157580411089,1.0,-27.010931423797448
0.10592522126979391,0.0013207126097041358,1.0,-27.040157728943516
0.10603983423115104,0.0013207126097041358,1.0,-27.06948075520794
0.10615482649101153,0.0013207126097041358,1.0,-27.098900188612404
0.10627019681808784,0.0013207126097041358,1.0,-27.128415715510464
0.10638594398239398,0.0013207126097041358,1.0,-27.15802702259698
0.10650206675528226,0.0013207126097041358,1.0,-27.18773379691721
0.10661856390947926,0.0013207126097041358,1.0,-27.217535725875983
0.1067354342191215,0.0013207126097041358,1.0,-27.247432497246614
0.10685267645979064,0.0013207126097041358,1.0,-27.277423799179797
0.10697028940854822,0.0013207126097041358,1.0,-27.30505733387973
0.10707865621129306,0.0013207126097041358,1.0,-27.334286795983356
0.10719328155287591,0.0013207126097041358,1.0,-27.36361193280329
0.10730828208942467,0.0013207126097041358,1.0,-27.393032437070815
0.10742365661596398,0.0013207126097041358,1.0,-27.422548001838695
0.10753940392877918,0.0013207126097041358,1.0,-27.45215832049012
0.10765552282545146,0.0013207126097041358,1.0,-27.481863086747538
0.10777201210489232,0.0013207126097041358,1.0,-27.51166199468133
0.10788887056737777,0.0013207126097041358,1.0,-27.54155473871844
0.10800609701458211,0.0013207126097041358,1.0,-27.57154101365081
0.10812369024961102,0.0013207126097041358,1.0,-27.5991833822218
0.10823209169498745,0.0013207126097041358,1.0,-27.628415933919808
0.10834672915262669,0.0013207126097041358,1.0,-27.657743136330087
0.10846173778952975,0.0013207126097041358,1.0,-27.68716468868072
0.1085771164261989,0.0013207126097041358,0.0,-25.73699663013625
0.10092939854955392,-0.005146661530661338,1.0,-25.51367588262515
0.1000536309122555,-0.0054866903130352815,1.0,-25.39082927179013
0.09957187949721619,-0.0054866903130352815,1.0,-25.26808349246559
0.09909052349986505,-0.0054866903130352815,1.0,-25.14544002125836
0.0986095687108171,-0.0054866903130352815,1.0,-25.031061542306098
0.09816102565610234,-0.0054866903130352815,1.0,-24.907601544104757
0.09767686880041081,-0.0054866903130352815,1.0,-24.784238249995415
0.09719309117645261,-0.0054866903130352815,1.0,-24.660973111226852
0.09670969847539942,-0.0054866903130352815,1.0,-24.53780760704272
0.09622669649820673,-0.0054866903130352815,1.0,-24.414743245328317
0.09574409115815027,-0.0054866903130352815,1.0,-24.291781563274395
0.09526188848342901,-0.0054866903130352815,1.0,-24.168924128058368
0.09478009461983673,-0.0054866903130352815,1.0,-24.046172537543505
0.09429871583350395,-0.0054866903130352815,1.0,-23.92352842099704
0.09381775851371389,-0.0054866903130352815,1.0,-23.809347882798765
0.09336999169725005,-0.0054866903130352815,1.0,-23.685846138015858
0.09288567112947395,-0.0054866903130352815,1.0,-23.56244567422616
0.09240174774206338,-0.0054866903130352815,1.0,-23.439148091076802
0.09191822780814432,-0.0054866903130352815,1.0,-23.31595502070356
0.09143511772824925,-0.0054866903130352815,1.0,-23.192868128521432
0.09095242403341738,-0.0054866903130352815,1.0,-23.069889114037174
0.09047015338838107,-0.0054866903130352815,1.0,-22.947019711684316
0.08998831259484044,-0.0054866903130352815,1.0,-22.82426169168146
0.08950690859482925,-0.0054866903130352815,1.0,-22.70161686091453
0.08902594847417462,-0.0054866903130352815,1.0,-22.587655677726143
0.08857904187343586,-0.0054866903130352815,1.0,-22.464107763487963
0.08809454024897241,-0.0054866903130352815,1.0,-22.340666158625577
0.08761045552402189,-0.0054866903130352815,1.0,-22.217332635133946
0.0871267946475841,-0.0054866903130352815,1.0,-22.094109003005517
0.0866435647176687,-0.0054866903130352815,1.0,-21.970997111206923
0.08616077298512519,-0.0054866903130352815,1.0,-21.847998848684245
0.08567842685758528,-0.0054866903130352815,1.0,-21.725116145397823
0.08519653390352086,-0.0054866903130352815,1.0,-21.602350973387455
0.0847151018564214,-0.0054866903130352815,1.0,-21.479705347869057
0.08423413861909433,-0.0054866903130352815,1.0,-21.357181328363698
0.08375365226809293,-0.0054866903130352815,1.0,-21.2423893591905
0.0833034876831,-0.0054866903130352815,1.0,-21.118901969881563
0.08281922341130024,-0.0054866903130352815,1.0,-20.995528413139702
0.08233540554172433,-0.0054866903130352815,1.0,-20.872270707518087
0.08185204199026701,-0.0054866903130352815,1.0,-20.749130917615574
0.08136914085339442,-0.0054866903130352815,1.0,-20.626111155335494
0.08088671041308036,-0.0054866903130352815,1.0,-20.503213581183605
0.08040475914189649,-0.0054866903130352815,1.0,-20.380440405606553
0.07992329570826098,-0.0054866903130352815,1.0,-20.257793890372177
0.07944232898185168,-0.0054866903130352815,1.0,-20.13527634999312
0.0789618680391887,-0.0054866903130352815,1.0,-20.020694581040622
0.07851252776878676,-0.0054866903130352815,1.0,-19.89715593138342
0.07802806247601342,-0.0054866903130352815,1.0,-19.773737507505636
0.07754406865688485,-0.0054866903130352815,1.0,-19.650441574711646
0.07706055519494762,-0.0054866903130352815,1.0,-19.52727045324175
0.07657753118918334,-0.0054866903130352815,1.0,-19.40422651986965
0.07609500596027313,-0.0054866903130352815,1.0,-19.281312209552766
0.07561298905706967,-0.0054866903130352815,1.0,-19.15853001713744
0.07513149026328408,-0.0054866903130352815,1.0,-19.035882499120866
0.07465051960439555,-0.0054866903130352815,1.0,-18.913372275471858
0.07417008735479161,-0.0054866903130352815,1.0,-18.799028035225096
0.07372167856951017,-0.0054866903130352815,1.0,-18.675431605296716
0.07323698668743811,-0.0054866903130352815,1.0,-18.551962549189344
0.07275279431054645,-0.0054866903130352815,1.0,-18.428623427060526
0.07226911147866874,-0.0054866903130352815,1.0,-18.305416865336774
0.07178594849151676,-0.0054866903130352815,1.0,-18.182345558771555
0.07130331591675121,-0.0054866903130352815,1.0,-18.059412272576186
0.07082122459833798,-0.0054866903130352815,1.0,-17.936619844626318
0.07033968566520124,-0.0054866903130352815,1.0,-17.813971187747043
0.06985871054018448,-0.0054866903130352815,1.0,-17.691469292079525
0.06937831094933147,-0.0054866903130352815,1.0,-17.57739560836755
0.06893096317006883,-0.0054866903130352815,1.0,-17.453733551090288
0.06844601392584428,-0.0054866903130352815,1.0,-17.33020691103608
0.06796159572955326,-0.0054866903130352815,1.0,-17.206818604659674
0.06747772001827324,-0.0054866903130352815,1.0,-17.083571629359994
0.06699439854650979,-0.0054866903130352815,1.0,-16.9604690661773
0.06651164339677372,-0.0054866903130352815,1.0,-16.83751408259284
0.06602946699056014,-0.0054866903130352815,1.0,-16.714709935435284
0.06554788209974621,-0.0054866903130352815,1.0,-16.592059973898287
0.06506690185842465,-0.0054866903130352815,1.0,-16.46956764267381
0.06458653977519141,-0.0054866903130352815,1.0,-16.355804945613304
0.06414041155142472,-0.0054866903130352815,1.0,-16.232067700783045
0.06365516745405116,-0.0054866903130352815,1.0,-16.108474989089796
0.06317049015329332,-0.0054866903130352815,1.0,-15.985030163028492
0.06268639279619016,-0.0054866903130352815,1.0,-15.861736675383362
0.062202888923072006,-0.0054866903130352815,1.0,-15.738598082832675
0.06171999248169676,-0.0054866903130352815,1.0,-15.61561804970136
0.06123771784196612,-0.0054866903130352815,1.0,-15.492800351868135
0.06075607981124759,-0.0054866903130352815,1.0,-15.370148880834028
0.06027509365032953,-0.0054866903130352815,1.0,-15.247667647959592
0.05979477509003761,-0.0054866903130352815,1.0,-15.12536078887824
0.059315140348542114,-0.0054866903130352815,1.0,-15.01044191738416
0.05886447810738886,-0.0054866903130352815,1.0,-14.886772622397048
0.058379500479988425,-0.0054866903130352815,1.0,-14.763262169121326
0.057895145761260106,-0.0054866903130352815,1.0,-14.639914577788337
0.05741142971681701,-0.0054866903130352815,1.0,-14.516733999875514
0.0569283686269628,-0.0054866903130352815,1.0,-14.393724723254083
0.05644597930687876,-0.0054866903130352815,1.0,-14.270891177567076
0.055964279127714026,-0.0054866903130352815,1.0,-14.148237939848885
0.055483286038623084,-0.0054866903130352815,1.0,-14.025769740398173
0.05500301858979676,-0.0054866903130352815,1.0,-13.903491468916373
0.054523495956534794,-0.0054866903130352815,1.0,-13.788866850090795
0.054073987647414876,-0.0054866903130352815,1.0,-13.665107737949935
0.0535886577958821,-0.0054866903130352815,1.0,-13.541520157556072
0.053104000617866944,-0.0054866903130352815,1.0,-13.418108848592912
0.05262003470036436,-0.0054866903130352815,1.0,-13.294878719843561
0.05213677929350417,-0.0054866903130352815,1.0,-13.171834856445885
0.05165425433900347,-0.0054866903130352815,1.0,-13.048982527503368
0.051172480500013204,-0.0054866903130352815,1.0,-12.926327194070456
0.050691479192433164,-0.0054866903130352815,1.0,-12.803874517532357
0.05021127261777395,-0.0054866903130352815,1.0,-12.6816303684004
0.04973188379764863,-0.0054866903130352815,1.0,-12.56735728806626
0.049283754070848076,-0.0054866903130352815,1.0,-12.443491375438729
0.04879800539387737,-0.0054866903130352815,1.0,-12.319811858254806
0.04831298767943061,-0.0054866903130352815,1.0,-12.19632440706811
0.047828723164972976,-0.0054866903130352815,1.0,-12.07303491544552
0.04734523496253144,-0.0054866903130352815,1.0,-11.949949510527636
0.046862547100108384,-0.0054866903130352815,1.0,-11.827074564161023
0.04638068456533735,-0.0054866903130352815,1.0,-11.704416704635964
0.045899673351513584,-0.0054866903130352815,1.0,-11.58198282906558
0.045419540506139534,-0.0054866903130352815,1.0,-11.459780116444222
0.0449403141821342,-0.0054866903130352815,1.0,-11.3459343883306
0.044493860346394506,-0.0054866903130352815,1.0,-11.221939381117235
0.04400760541614602,-0.0054866903130352815,1.0,-11.098148404581215
0.04352215060620085,-0.0054866903130352815,1.0,-10.974568363002671
0.043037522992167336,-0.0054866903130352815,1.0,-10.851206463145074
0.04255375083586303,-0.0054866903130352815,1.0,-10.72807023023505
0.042070863647980586,-0.0054866903130352815,1.0,-10.605167524908852
0.04158889225454452,-0.0054866903130352815,1.0,-10.48250656118941
0.04110786886740945,-0.0054866903130352815,1.0,-10.3600959255621
0.040627827159067056,-0.0054866903130352815,1.0,-10.23794459722212
0.040148802342047527,-0.0054866903130352815,1.0,-10.12462951543001
0.03970442947227455,-0.0054866903130352815,1.0,-10.000475342619604
0.03921755036321413,-0.0054866903130352815,1.0,-9.876546437871925
0.038731554658321274,-0.0054866903130352815,1.0,-9.752851388594532
0.03824647603370405,-0.0054866903130352815,1.0,-9.629399206806818
0.03776234983061497,-0.0054866903130352815,1.0,-9.50619935450362
0.037279213154916155,-0.0054866903130352815,1.0,-9.383261770757015
0.03679710498336084,-0.0054866903130352815,2.0,-11.243490518029652
0.044092119678547655,0.0009806838273301926,1.0,-11.373094657191455
0.04460037120467237,0.0013207126097041358,1.0,-11.4025606189066
0.044715923995712156,0.0013207126097041358,1.0,-11.432254369966435
0.04483237007829975,0.0013207126097041358,1.0,-11.462174140047257
0.04494970250998924,0.0013207126097041358,1.0,-11.492318163855964
0.0450679143680626,0.0013207126097041358,1.0,-11.522684681409695
0.04518699875062625,0.0013207126097041358,0.0,-9.568783190508661
0.03752463996277906,-0.005146661530661338,2.0,-11.070101640079782
0.043412163294430525,0.000163704446264655,1.0,-11.181119863064708
0.04384752887476356,0.0005037332286385981,1.0,-11.192011444024637
0.043890240956959356,0.0005037332286385981,0.0,-9.220453059233886
0.036158639447976024,-0.005963640911726878,1.0,-8.989689922476568
0.03525368597049635,-0.0063036696941008215,1.0,-8.847113505939065
0.03469456276838849,-0.0063036696941008215,2.0,-10.683324204987747
0.04189538903916763,0.000163704446264655,0.0,-9.072277267569987
0.03557755791203916,-0.005146661530661338,2.0,-10.573039683914512
0.04146290072123338,0.000163704446264655,0.0,-8.958845633595944
0.03513272797488605,-0.005146661530661338,2.0,-10.460509456799324
0.04102160571293852,0.000163704446264655,0.0,-8.846969260773621
0.03469399710107302,-0.005146661530661338,2.0,-10.34932837344933
0.04058560146450718,0.000163704446264655,1.0,-10.461194107808334
0.041024290618856214,0.0005037332286385981,1.0,-10.472932237421494
0.04107032249969213,0.0005037332286385981,1.0,-10.484917389233782
0.04111732309503444,0.0005037332286385981,1.0,-10.49714871713017
0.041165289086784976,0.0005037332286385981,0.0,-8.525329794444978
0.03343266586056854,-0.005963640911726878,2.0,-10.008339432342526
0.039248389930755,-0.0006532749348008826,1.0,-10.101073841156209
0.039612054279043955,-0.00031324615242693944,1.0,-10.093703881054761
0.03958315247472456,-0.00031324615242693944,1.0,-10.08659126603614
0.03955525986680839,-0.00031324615242693944,1.0,-10.079736540875459
0.03952837859166846,-0.00031324615242693944,1.0,-10.073140232051284
0.0395025107139266,-0.00031324615242693944,2.0,-12.049709012636283
0.04725376083386778,0.006154127987938537,0.0,-10.570830356850411
0.04145423669353102,0.0008437620110125413,1.0,0.0
