Lateral Error,Yaw Error,Action,Reward
-0.000715019936164289,-0.0011058207365839889,0.0,-2.040757647543872
-0.008002971166838714,-0.007573194876949464,0.0,-4.31254311272056
-0.016911933775374748,-0.013243350164031933,0.0,-6.550827720113895
-0.02568952047103488,-0.020051511672911408,0.0,-8.591485641351975
-0.033692100554321466,-0.02572166695999384,0.0,-11.656197263609831
-0.04571057750435228,-0.032529828468873284,0.0,-13.976550309506361
-0.05481000121375044,-0.038199983755955715,0.0,-16.832173290878703
-0.06600852270932825,-0.04500814526483516,0.0,-19.936240779814593
-0.07818133639142978,-0.05067830055191774,2.0,-19.223604952413275
-0.0753866860878952,-0.04511836823907254,0.0,-21.699830547383243
-0.08509737469562056,-0.05042873421599851,2.0,-21.060455409613628
-0.08259002121417108,-0.04511836823907254,0.0,-24.111857350905836
-0.09455630333688562,-0.05042873421599851,2.0,-23.403191845193298
-0.09177722292232667,-0.04511836823907254,0.0,-25.94844989093359
-0.10175862702326896,-0.05042873421599851,2.0,-25.746069752887003
-0.10096497942308628,-0.04511836823907254,0.0,-28.289858733361008
-0.11094062248376865,-0.05042873421599851,2.0,-27.58289154910062
-0.10816820215333575,-0.04511836823907254,2.0,-27.149414491885704
-0.10646829212504197,-0.039448212951990115,0.0,-29.635794524243376
-0.11621880205585637,-0.04500814526483531,2.0,-28.81785186980786
-0.11301118380316807,-0.03969777928790935,2.0,-27.76537734408995
-0.10888383272192137,-0.03402762400082692,0.0,-30.63017477761409
-0.12011833246123174,-0.039587556313672126,2.0,-29.699829566022576
-0.11646991986675521,-0.03427719033674616,0.0,-31.98424437118254
-0.12542840929875504,-0.039587556313672126,2.0,-31.56102913050521
-0.12376874168825573,-0.03427719033674616,2.0,-30.39505836678116
-0.11919630732071043,-0.028607035049663724,0.0,-32.62427578588996
-0.12793833641525473,-0.03416696736250893,2.0,-31.579450495274166
-0.1238409823344085,-0.028856601385582964,0.0,-34.24437101900347
-0.13429165105491553,-0.03416696736250893,2.0,-33.163273820512046
-0.13005205419808646,-0.028856601385582964,0.0,-35.35667166683711
-0.13865361437975338,-0.03416696736250893,2.0,-34.782343122568456
-0.13640134557869982,-0.028856601385582964,2.0,-33.507152739492405
-0.13140059897840156,-0.023186446098500534,1.0,-33.80446171672699
-0.1325665165361843,-0.02295982042186824,1.0,-34.168753827305814
-0.13399511304825812,-0.02295982042186824,2.0,-33.01966393877261
-0.12948887819126514,-0.016492446281502798,2.0,-31.488113275327304
-0.12348279715814629,-0.010822290994420319,1.0,-31.50812895259721
-0.12356129001018515,-0.010595665317788024,1.0,-32.10511737753144
-0.1259024210883586,-0.010595665317788024,1.0,-32.192216513122744
-0.12624398632597153,-0.010595665317788024,1.0,-32.27939423485829
-0.12658585974454228,-0.010595665317788024,0.0,-34.36234735975123
-0.13475430337157346,-0.01706303945815351,2.0,-33.47380963999572
-0.1312698417254734,-0.011752673481227502,2.0,-31.83885250044341
-0.12485824509977808,-0.006082518194145037,0.0,-33.52842604655002
-0.13148402371196083,-0.01164245050699027,2.0,-32.52344271125446
-0.12754291259315473,-0.006332084530064276,1.0,-32.40666058376958
-0.12708494346576305,-0.005992055747690334,1.0,-32.39033387723649
-0.1270209171656333,-0.005992055747690334,1.0,-32.37408734969049
-0.12695720529290389,-0.005992055747690334,1.0,-32.86792108434052
-0.12889380817388438,-0.005992055747690334,1.0,-32.85183495850766
-0.12883072532748102,-0.005992055747690334,1.0,-32.8358281216561
-0.12876795341825922,-0.005992055747690334,1.0,-33.329896085520225
-0.13070547484517736,-0.005992055747690334,1.0,-33.3150154454478
-0.13064711939391294,-0.005992055747690334,1.0,-33.298461060668984
-0.13058220023791758,-0.005992055747690334,1.0,-33.79197382424234
-0.1325175444087935,-0.005992055747690334,1.0,-33.77557949917066
-0.13245325293792415,-0.005992055747690334,1.0,-33.7592619977191
-0.13238926273615334,-0.005992055747690334,1.0,-33.74302143133911
-0.13232557424054553,-0.005992055747690334,1.0,-34.23685787757864
-0.13426218775521034,-0.005992055747690334,1.0,-34.220771217240895
-0.13419910281270936,-0.005992055747690334,1.0,-34.204760672094935
-0.1341363163611566,-0.005992055747690334,1.0,-34.698822092465754
-0.13607381212731667,-0.005992055747690334,1.0,-34.6838906507581
-0.13601525745395335,-0.005992055747690334,1.0,-34.66735419946037
-0.13595040862533478,-0.005992055747690334,1.0,-34.650892459895836
-0.13588585278390525,-0.005992055747690334,1.0,-35.14449982085457
-0.1378215679249199,-0.005992055747690334,1.0,-35.128190807704925
-0.13775761101060754,-0.005992055747690334,1.0,-35.11195573798658
-0.1376939440705356,-0.005992055747690334,1.0,-35.60579468419008
-0.1396305673889807,-0.005992055747690334,1.0,-35.58970753047229
-0.13956748051165604,-0.005992055747690334,1.0,-35.57369356245904
-0.13950468063709429,-0.005992055747690334,1.0,-36.0677489313888
-0.14144215267211294,-0.005992055747690334,1.0,-36.052770546203
-0.14138341390667844,-0.005992055747690334,1.0,-36.03625066808274
-0.1413186300709127,-0.005992055747690334,1.0,-36.019802677526584
-0.14125412814716307,-0.005992055747690334,1.0,-36.51342139065298
-0.14318988780648226,-0.005992055747690334,1.0,-36.497120229608605
-0.14312596168473962,-0.005992055747690334,1.0,-36.480890244303836
-0.14306231468354447,-0.005992055747690334,1.0,-36.974731502689444
-0.14499894706937036,-0.005992055747690334,0.0,-38.94560367674966
-0.15272785755588103,-0.012459429888055807,2.0,-37.45251464660114
-0.14687260645725936,-0.007149063911129815,1.0,-37.354412490772326
-0.14648789212067578,-0.00680903512875587,1.0,-37.86674611425292
-0.14849704358530555,-0.00680903512875587,1.0,-37.8691530083739
-0.14850648238578,-0.00680903512875587,1.0,-37.87084753861679
-0.1485131276024188,-0.00680903512875587,1.0,-38.382701245001
-0.1505203970392196,-0.00680903512875587,1.0,-38.384629546094196
-0.15052795900429097,-0.00680903512875587,1.0,-38.38662562279434
-0.15053578675605622,-0.00680903512875587,1.0,-38.388689464529165
-0.15054388025305557,-0.00680903512875587,1.0,-38.90082048603505
-0.15255223720013744,-0.00680903512875587,1.0,-38.90301837070908
-0.15256085635572186,-0.00680903512875587,2.0,-36.93161104578029
-0.1448298472383541,-0.00034166098839039343,1.0,-37.190504103105965
-0.1458451141298273,-1.6322060164496758e-06,1.0,-37.03996576743437
-0.14525476771542892,-1.6322060164496758e-06,1.0,-36.88949397386026
-0.1446646822504324,-1.6322060164496758e-06,1.0,-37.24901823996968
-0.14607458133321444,-1.6322060164496758e-06,1.0,-37.09869311468285
-0.14548507103797198,-1.6322060164496758e-06,1.0,-36.95904095766774
-0.14493741552026565,-1.6322060164496758e-06,1.0,-36.80816780562846
-0.14434575610050376,-1.6322060164496758e-06,0.0,-39.1388261492574
-0.15348559274218587,-0.006469006346381928,2.0,-37.52622838330391
-0.1471616799345251,-0.0011586403694559334,1.0,-38.82307216873121
-0.1522473418381616,-0.055116028323076785,2.0,-37.76012658944583
-0.14807892780174836,-0.04864865418271131,2.0,-36.78529016135326
-0.14425603984844415,-0.04297849889562888,2.0,-35.885377000292124
-0.14072696862859654,-0.036170337386749435,2.0,-34.64683843442019
-0.13586995464478507,-0.030500182099667004,2.0,-33.49925218963832
-0.1313696164299542,-0.02369202059078756,2.0,-32.06506495173993
-0.12574535275192128,-0.018021865303705007,2.0,-30.097055856940983
-0.11802767002721955,-0.011213703794825561,2.0,-28.92246231719176
-0.11342142085173239,-0.005543548507742909,1.0,-28.6164694181221
-0.11222144869851805,-0.005316922831110612,1.0,-28.88040047840799
-0.11325647246434505,-0.005316922831110612,2.0,-27.34589032342283
-0.10723878558205031,0.0011504513092548386,1.0,-26.852949713042218
-0.10530568514918517,0.001490480091628789,1.0,-27.060839840716294
-0.10612094055182861,0.001490480091628789,1.0,-26.66754702262934
-0.10457861577501701,0.001490480091628789,1.0,-26.77512453273908
-0.10500048836368267,0.001490480091628789,1.0,-26.982619263736172
-0.10581419319112224,0.001490480091628789,1.0,-26.589478154028175
-0.1042724633491301,0.001490480091628789,1.0,-26.69735185836811
-0.1046954974837965,0.001490480091628789,1.0,-26.904448495219295
-0.10550764115772274,0.001490480091628789,1.0,-26.511460726565975
-0.1039665126531999,0.001490480091628789,1.0,-26.61963215013776
-0.10439071431426575,0.001490480091628789,1.0,-26.82632797058484
-0.10520128615915622,0.001490480091628789,1.0,-26.433495195722262
-0.10366076547342065,0.001490480091628789,1.0,-26.54196587333164
-0.10408614067973192,0.001490480091628789,1.0,-26.74825813005727
-0.10489512992179321,0.001490480091628789,1.0,-26.35558202206152
-0.10335522361592753,0.001490480091628789,1.0,-26.464353498373455
-0.10378177842499395,0.001490480091628789,1.0,-26.670239418728173
-0.10458917419109089,0.001490480091628789,1.0,-26.27772167129918
-0.1030498889070556,0.001490480091628789,1.0,-26.485511287824135
-0.10386475014832994,0.001490480091628789,1.0,-26.092249328923337
-0.10232254638793466,0.001490480091628789,1.0,-26.19991461436913
-0.10274476319360444,0.001490480091628789,1.0,-26.407299781268144
-0.10355803835791429,0.001490480091628789,1.0,-26.01419311559657
-0.10201644359057478,0.001490480091628789,1.0,-26.122161327491916
-0.10243984834310556,0.001490480091628789,1.0,-26.329139225416817
-0.1032515263741836,0.001490480091628789,1.0,-26.43649458518439
-0.10367252778503684,-0.07623055420679302,2.0,-25.76518240878281
-0.10103993101483455,-0.06976318006642757,2.0,-25.69942779566488
-0.1007820697869211,-0.06409302477934492,2.0,-25.164892532413
-0.09868585306828628,-0.05728486327046536,2.0,-24.342307930338556
-0.09546003109936688,-0.051614707983382704,2.0,-23.690663039044207
-0.09290456093742826,-0.044806546474502815,2.0,-22.617795438948026
-0.08869723701548246,-0.03913639118742016,2.0,-21.55989308136077
-0.08454860031906185,-0.03232822967854028,2.0,-20.226029979034788
-0.07931776462366584,-0.026658074391457627,2.0,-18.90088263031895
-0.07412110835419196,-0.01984991288257774,2.0,-17.306649435997784
-0.06786921347450112,-0.014179757595495088,2.0,-15.714342298401622
-0.06162487175843774,-0.007371596086615202,1.0,-15.751262759632732
-0.061769657880912675,-0.0070315673042412605,1.0,-16.091535809858335
-0.06310406199944445,-0.0070315673042412605,1.0,-16.22823294353984
-0.06364012919035231,-0.0070315673042412605,1.0,-16.10497627827463
-0.06315676971872404,-0.0070315673042412605,1.0,-16.238408644932523
-0.06368003390169616,-0.0070315673042412605,1.0,-16.37462685701203
-0.06421422296867461,-0.0070315673042412605,1.0,-16.716171070174813
-0.06555361203990122,-0.0070315673042412605,1.0,-16.851841602705584
-0.06608565334394347,-0.0070315673042412605,1.0,-17.194025075235356
-0.06742754931464846,-0.0070315673042412605,1.0,-17.32917739570808
-0.06795755841454147,-0.0070315673042412605,1.0,-17.466914871452044
-0.06849770537824332,-0.0070315673042412605,1.0,-17.34113765202141
-0.06800446138047611,-0.0070315673042412605,1.0,-17.47585235767284
-0.06853275434381506,-0.0070315673042412605,1.0,-17.61313745982064
-0.06907112729341428,-0.0070315673042412605,1.0,-17.95338781918111
-0.0704054424281612,-0.0070315673042412605,1.0,-18.09013627660241
-0.0709417108886369,-0.0070315673042412605,1.0,-18.431020477922637
-0.07227851167812799,-0.0070315673042412605,1.0,-18.567259166244703
-0.07281278104409687,-0.013843230664710797,2.0,-16.92589133184732
-0.06637604443861694,-0.007375856524344957,1.0,-17.01876299440318
-0.06674024703687523,-0.007035827741971016,1.0,-17.00009910275275
-0.06666705530491274,-0.007035827741971016,1.0,-17.19388288875914
-0.06742699172062408,-0.007035827741971016,1.0,-17.174754943800036
-0.06735198017176484,-0.007035827741971016,1.0,-17.369077934709555
-0.06811403111650806,-0.007035827741971016,1.0,-17.566958038137688
-0.06889003152210858,-0.007035827741971016,1.0,-18.00674962044548
-0.07061470439390384,-0.007035827741971016,1.0,-18.202080986873213
-0.07138070975244397,-0.007035827741971016,1.0,-18.181652432746873
-0.07130059777547793,-0.007035827741971016,1.0,-18.377476082911087
-0.07206853365847485,-0.007035827741971016,1.0,-18.35663049292979
-0.07198678624678348,-0.007035827741971016,1.0,-18.55293633579867
-0.07275661308156342,-0.007035827741971016,1.0,-18.53168166949942
-0.07267326144901734,-0.007035827741971016,1.0,-19.189227093945842
-0.07525187095665037,-0.007035827741971016,1.0,-19.169999753262385
-0.07517646962063682,-0.007035827741971016,1.0,-19.364411939106297
-0.07593887034943646,-0.007035827741971016,1.0,-19.344777764759357
-0.0758618735872916,-0.007035827741971016,1.0,-19.53966242310067
-0.07662612714941439,-0.007035827741971016,1.0,-19.519628776509286
-0.07654756382944818,-0.007035827741971016,1.0,-19.714976795497705
-0.07731363449214787,-0.007035827741971016,1.0,-20.1588398688261
-0.07905427399539647,-0.007035827741971016,1.0,-20.35197290875897
-0.07981165846572144,-0.007035827741971016,1.0,-20.333433046190706
-0.07973895312231649,-0.007035827741971016,1.0,-20.527028462475677
-0.08049815083323794,-0.007035827741971016,1.0,-20.508098854058147
-0.08042391707473782,-0.007035827741971016,1.0,-20.702148156572264
-0.08118489473165594,-0.007035827741971016,1.0,-20.89919241202293
-0.08195761730205071,-0.007035827741971016,1.0,-21.3400722063525
-0.08368655767197059,-0.007035827741971016,1.0,-20.394913097412847
-0.07998005136240331,0.06707571312313958,1.0,-18.772458133707072
-0.07361748287728263,0.06707571312313958,1.0,-17.1500397298971
-0.06725505776430235,0.06707571312313958,1.0,-15.527669345938849
-0.06089282096446608,0.06707571312313958,1.0,-14.370040424195343
-0.05635309970272684,0.06707571312313958,1.0,-12.74861620474496
-0.04999457335194102,0.06707571312313958,1.0,-11.338990192666282
-0.044466628206534436,0.06707571312313958,1.0,-9.716375338893759
-0.03810343270154415,0.06707571312313958,1.0,-8.09377384707786
-0.03174028959638377,0.06707571312313958,1.0,-6.471195768443409
-0.025377238307621213,0.06707571312313958,1.0,-5.314506754211824
-0.02084120295769343,0.06707571312313958,1.0,-3.6953595751375
-0.014491606177009805,0.06707571312313958,1.0,-2.0816716751341264
-0.008163418333859317,0.06707571312313958,1.0,-0.6830864236686337
-0.0026787702888966024,0.06707571312313958,1.0,-0.9748740583777259
0.0038230355230499057,0.06707571312313958,1.0,-2.588460164208457
0.010150824173366498,0.06707571312313958,1.0,-4.209019700380291
0.016505959609334476,0.06707571312313958,1.0,-5.370292509230386
0.021059970624432885,0.06707571312313958,1.0,-6.992872315029753
0.02742302868639119,0.06707571312313958,1.0,-8.615477875220963
0.03378618774596456,0.06707571312313958,1.0,-10.022348814684873
0.03930332868503872,0.06707571312313958,1.0,-11.643872610146962
0.045662245529988085,0.06707571312313958,1.0,-13.265671380821324
0.05202224070910323,0.06707571312313958,1.0,-14.424988487735165
0.05656858230484378,0.06707571312313958,1.0,-16.047525088219164
0.0629314709341928,0.06707571312313958,1.0,-17.670082180546167
0.06929443992371045,0.06707571312313958,1.0,-19.29265459448192
0.07565746899796831,0.0905346858357967,1.0,-21.37659911362165
0.08382980044557511,0.0905346858357967,1.0,-23.462150959007456
0.09200843513336257,0.0905346858357967,1.0,-25.300669395927276
0.09921831135657756,0.0905346858357967,1.0,-27.38389585143805
0.10738782686838452,0.0905346858357967,1.0,-29.468503554117763
0.11556275903575593,0.0905346858357967,0.0,-29.363405358900902
0.11515060925059177,0.08406731169543086,0.0,-29.368059046156905
0.11516885900453688,0.07839715640834821,0.0,-28.908070057782417
0.11336498061875458,0.07158899489946832,0.0,-28.65615752412763
0.11237708832991226,0.06591883961238568,0.0,-27.937734708593922
0.10955974395527028,0.05911067810350579,0.0,-27.425845867755346
0.10755233673629547,0.053440522816423135,1.0,-28.62176924003966
0.11224223231388102,0.05321389713979085,0.0,-27.744963282004278
0.10880377757648736,0.04674652299942501,1.0,-28.606352685859246
0.11218177523866371,0.046406494217051064,1.0,-29.716739129687642
0.11653623188112801,0.046406494217051064,1.0,-30.827193002806265
0.12089095295218144,0.046406494217051064,1.0,-31.93770727179343
0.12524591086977815,0.046406494217051064,1.0,-33.048275848240735
0.1296010817578068,0.046406494217051064,0.0,-32.03111507380275
0.12561221597569708,0.03993912007668522,1.0,-32.75066585044151
0.1284339837272216,0.03959909129431129,1.0,-33.70829227279297
0.1321893814619332,0.03959909129431129,1.0,-34.17498082229969
0.13401953263646937,0.03959909129431129,1.0,-35.13308691310988
0.1377768114239603,0.03959909129431129,0.0,-33.84132556458898
0.13271108064544695,0.033131717153945445,1.0,-34.54576049583539
0.13547357057190348,0.0327916883715715,1.0,-35.35075148746289
0.13863039799005056,0.0327916883715715,1.0,-36.155910954196436
0.141787886094888,0.0327916883715715,1.0,-36.96122788590626
0.14494599170943634,0.0327916883715715,1.0,-37.638091232864866
0.14760035777594066,0.0327916883715715,1.0,-38.442700867172945
0.15075568967518801,0.0327916883715715,1.0,-39.247481345675
0.15391169155166667,0.0327916883715715,1.0,-41.16866021229492
0.16144572632272516,0.12533545910516808,0.0,-41.84139960041699
0.16408392000163524,0.11886808496480258,0.0,-42.62992038816479
0.16717615838495997,0.11319792967771992,0.0,-42.860451420420276
0.168080201648707,0.10638976816884048,0.0,-43.41041155324805
0.17023690805195316,0.10071961288175783,0.0,-42.992999486483065
0.16859999798620812,0.09391145137287839,0.0,-43.287210725456966
0.16975376755081162,0.08824129608579574,0.0,-43.0544711482686
0.16884106332654353,0.0814331345769163,0.0,-43.09720265169332
0.16900863784977774,0.07576297928983386,0.0,-42.12211243896231
0.1651847546625973,0.06895481778095441,0.0,-41.90849675791592
0.1643470461094742,0.06328466249387199,0.0,-41.202577731079444
0.16157873620031155,0.056476500984992545,0.0,-40.719176741351376
0.1596830460445152,0.05080634569791008,0.0,-39.272546053734224
0.15400998452444792,0.0439981841890306,0.0,-38.546168008899755
0.1511614431721559,0.03832802890194813,1.0,-39.35401937372077
0.15432948774008146,0.038101403225315834,1.0,-40.228923547276835
0.15776048449912486,0.038101403225315834,1.0,-41.103940240661615
0.1611919225123985,0.038101403225315834,1.0,-41.98914637454045
0.1646633191158449,0.038101403225315834,1.0,-42.86353745970845
0.16809230376356257,0.038101403225315834,1.0,-43.738054809134454
0.17152178356523318,0.038101403225315834,1.0,-44.612690997558666
0.17495172940219084,0.038101403225315834,1.0,-45.487439169843654
0.17838211439154375,0.038101403225315834,0.0,-45.93754156442468
0.18014722182127324,0.11745952614513587,0.0,-46.50142608926545
0.18235853368339391,0.11178937085805343,0.0,-46.64478136412216
0.1829207112318516,0.10498120934917399,0.0,-46.96718136095819
0.1841850249449341,0.09931105406209156,0.0,-46.82550022539715
0.18362941264861626,0.09250289255321212,0.0,-46.9618784940045
0.18416422938825294,0.08683273726612954,0.0,-46.570019451880746
0.18262752726227743,0.0800245757572501,0.0,-46.47355418700829
0.18224923210591487,0.07435442047016744,0.0,-45.82746307164176
0.17971554145741866,0.06754625896128799,0.0,-45.49352770629694
0.17840599100508603,0.061876103674205346,0.0,-44.70843164425466
0.17532718291864574,0.0550679421653259,0.0,-44.015612943118555
0.17261024683575904,0.04939778687824325,0.0,-42.988440913677735
0.16858212123010877,0.042589625369363365,0.0,-42.182058244873176
0.1654198362544046,0.03691947008228071,1.0,-42.63182386323975
0.16718362299309705,0.03669284440564843,1.0,-43.63642388745968
0.17112323093121445,0.03669284440564843,1.0,-44.153109878612426
0.17314945050436245,0.03669284440564843,1.0,-45.15816143552362
0.17709082915891614,0.03669284440564843,1.0,-45.67483090648559
0.1791169839470023,0.03669284440564843,1.0,-45.70317066947234
0.17922812027244056,-0.029598757084515186,2.0,-46.93592883449534
0.1840624660176288,-0.023131382944149344,2.0,-47.95094865755727
0.1880429359119893,-0.017461227657066695,2.0,-49.58998937180782
0.1944705465561091,-0.010653066148187125,2.0,-51.42840105060253
0.20168000412000991,-0.004982910861104474,2.0,-53.3740752021835
0.20931009883209212,0.0018252506477749706,1.0,-53.59445053967812
0.21017431584187496,0.0021652794301489212,1.0,-53.21468163758914
0.20868502602976133,0.0021652794301489212,1.0,-53.434201109026695
0.20954588670206548,0.0021652794301489212,1.0,-53.554351111623035
0.21001706318283545,0.0021652794301489212,1.0,-53.67534102064011
0.21049153341427496,0.0021652794301489212,1.0,-53.89412903653487
0.2113495256334701,0.0021652794301489212,1.0,-53.51427765594106
0.2098599123762394,0.0021652794301489212,1.0,-53.734004035217595
0.2107215844518337,0.0021652794301489212,1.0,-53.854002762513645
0.21119216769613197,0.0021652794301489212,1.0,-53.97483740874816
0.21166602905391435,0.0021652794301489212,1.0,-53.693756631667185
0.21056375149673406,0.0021652794301489212,1.0,-53.81390227623474
0.2110349108871951,0.0021652794301489212,1.0,-53.9348838048206
0.21150934825419845,0.0021652794301489212,1.0,-54.15368222027444
0.21236738125597818,0.0021652794301489212,1.0,-53.77382763538966
0.2108777554329006,-0.069100846980916,1.0,-52.393264485205634
0.20546378229492404,-0.069100846980916,1.0,-50.51281249185429
0.19808946075236977,-0.069100846980916,1.0,-49.03348695953951
0.1922881841550569,-0.069100846980916,1.0,-47.652669970377964
0.18687321557010966,-0.069100846980916,1.0,-45.77167321064786
0.17949675768881512,-0.069100846980916,2.0,-46.184695683218585
0.1811164536596807,-0.06263347284055054,2.0,-46.51998112858825
0.18243129854348333,-0.05696331755346789,2.0,-46.84616027619817
0.1837104324556791,-0.05015515604458845,2.0,-47.4996352565508
0.18627307943745414,-0.044485000757505895,2.0,-48.65079126131169
0.19078741671102623,-0.03767683924862645,2.0,-49.156646056197715
0.19277116100469693,-0.03200668396154402,2.0,-50.6184467674304
0.19850371281345255,-0.025198522452664573,2.0,-51.39512926157114
0.20154952651596525,-0.019528367165582143,2.0,-53.17894247742641
0.20854487246049574,-0.01272020565670266,2.0,-54.78660130074807
0.2148494168656787,-0.007050050369620193,2.0,-56.381264859837344
0.22110299945034254,-0.00024188886074070852,1.0,-56.64439143300541
0.22213486836472712,9.813992163323524e-05,1.0,-56.807187061409195
0.22277328259376153,9.813992163323524e-05,1.0,-56.46015753148949
0.22141238247642936,9.813992163323524e-05,1.0,-56.62304861424247
0.222051171036245,9.813992163323524e-05,1.0,-56.276137655192436
0.22069073590271543,-0.037905773690009754,2.0,-57.43837217694909
0.22524851834097678,-0.03143839954964429,2.0,-58.01581580096839
0.22751300314105252,-0.025768244262561857,2.0,-59.6002195878695
0.23372635132497846,-0.018960082753682415,2.0,-61.00814890355709
0.2392476427590474,-0.013289927466599983,2.0,-62.406728272180516
0.24473226773404125,-0.006481765957720538,1.0,-62.36794656674129
0.2445801826146717,-0.006141737175346596,1.0,-62.229029703212795
0.2440354106008345,-0.006141737175346596,1.0,-62.53396536341262
0.2452312367192652,-0.006141737175346596,1.0,-62.39441427897081
0.2446839775645914,-0.006141737175346596,1.0,-62.25510107839278
0.24413765128781478,-0.006141737175346596,1.0,-62.11602736224924
0.2435922641656833,-0.006141737175346596,1.0,-61.977194742713316
0.24304782252044438,-0.006141737175346596,1.0,-61.77546750337917
0.2422567353073693,-0.006141737175346596,1.0,-61.63611796686157
0.24171026653671204,-0.006141737175346596,1.0,-61.497010160742164
0.24116474572840066,-0.006141737175346596,1.0,-61.3581457291344
0.24062017932993882,-0.006141737175346596,1.0,-61.15652668480046
0.23982951641098219,-0.006141737175346596,1.0,-61.01714008875935
0.2392829023088602,-0.006141737175346596,1.0,-60.87799751137993
0.23873724514266642,-0.006141737175346596,1.0,-60.73910062967355
0.23819255148891588,-0.006141737175346596,1.0,-60.537592005949406
0.23740232159195845,-0.006141737175346596,1.0,-60.398167604987165
0.2368555592352438,-0.006141737175346596,1.0,-60.25898955444884
0.23630976295862288,-0.006141737175346596,1.0,-60.120059565239586
0.23576493947152777,-0.006141737175346596,1.0,-59.9186636570885
0.23497515159642549,-0.006141737175346596,1.0,-59.77920068310869
0.23442823797297527,-0.006141737175346596,1.0,-59.63998643605805
0.23388229974924726,-0.006141737175346596,1.0,-59.50102266177216
0.23333734377165555,-0.006141737175346596,1.0,-59.29974183642151
0.23254800720165297,-0.006141737175346596,1.0,-59.1602394976988
0.23200093920666193,-0.006141737175346596,1.0,-59.02098830844532
0.23145485611155028,-0.006141737175346596,1.0,-58.881990050506346
0.2309097649039465,-0.006141737175346596,1.0,-58.743246519339834
0.2303656726248621,-0.006141737175346596,1.0,-58.54128423071363
0.22957366364985737,-0.006141737175346596,1.0,-58.40199533030111
0.2290274326678475,-0.006141737175346596,1.0,-58.262961868253456
0.2284822034049155,-0.006141737175346596,1.0,-58.124185677601695
0.22793798304941842,-0.006141737175346596,1.0,-58.42869103940605
0.22913212172316094,-0.006141737175346596,1.0,-58.289234871398286
0.2285852347897972,-0.006141737175346596,1.0,-58.15003383601272
0.22803934837652046,-0.006141737175346596,1.0,-58.011089769866786
0.2274944696857521,-0.006141737175346596,0.0,-55.714955908674206
0.21849002317127136,-0.012609111315712037,2.0,-57.16044557629737
0.22415861010312693,-0.007298745338786071,1.0,-57.103429301604
0.22393501686903533,-0.006958716556412129,0.0,-54.79225731169019
0.21487159730074587,-0.013426090696777571,2.0,-56.21695350796785
0.22045864120771705,-0.008115724719851605,2.0,-57.83906008050279
0.2268198434529521,-0.0024455694327690635,1.0,-57.85526585018799
0.22688339549093328,-0.002218943756136766,1.0,-57.80480271883866
0.2266855008581908,-0.002218943756136766,1.0,-57.754602557109045
0.226488637478859,-0.002218943756136766,1.0,-57.70466605131035
0.2262928080443543,-0.002218943756136766,1.0,-57.58558364655953
0.2258258182218021,-0.002218943756136766,1.0,-57.53509372341662
0.22562781852320243,-0.002218943756136766,1.0,-57.484867956772824
0.22543085473244245,-0.002218943756136766,2.0,-59.567527134232094
0.2335981456244396,0.0042484303842286845,0.0,-57.8951166146679
0.22703967299869765,-0.0010619355926972825,1.0,-57.69298872099066
0.22624701459212027,-0.0014019643750712329,2.0,-59.791562393021984
0.2344767152667529,0.005065409765294218,0.0,-58.139046268048155
0.22799625987469865,-0.0002449562116317491,1.0,-58.02541977899553
0.22755066579998245,-0.0005849849940056995,1.0,-58.01243152964625
0.22749973148880884,-0.0005849849940056995,2.0,-60.1391109375635
0.23583965073554314,0.005882389146359751,1.0,-60.38072238028682
0.23678714658936006,0.006222417928733701,1.0,-60.439752841754725
0.23701863859511657,0.006222417928733701,1.0,-60.58046501494563
0.23757045103900248,0.006222417928733701,1.0,-60.7214240109654
0.23812323141555058,0.006222417928733701,1.0,-60.86262811487497
0.23867697299950968,0.006222417928733701,1.0,-60.921751796790716
0.23890883057564985,0.006222417928733701,1.0,-61.06243615506832
0.2394605339414444,0.006222417928733701,0.0,-59.06423592887524
0.23162445462304015,-0.0002449562116317491,2.0,-60.75344369042869
0.23824879878599486,0.005065409765294218,1.0,-60.97607132221679
0.23912184832241876,0.005405438547668168,1.0,-61.098571147443316
0.23960223979389536,0.005405438547668168,1.0,-61.22131578284939
0.24008359130529172,0.005405438547668168,1.0,-61.26306584382523
0.24024731703460875,0.005405438547668168,1.0,-61.385293288512656
0.24072664034710844,0.005405438547668168,1.0,-61.50776548701475
0.2412069234784892,0.005405438547668168,1.0,-61.63048098020599
0.24168816070669016,0.005405438547668168,1.0,-61.672316471405665
0.2418522214564928,0.005405438547668168,1.0,-61.79451816466263
0.2423314437829907,0.005405438547668168,1.0,-61.91696309585496
0.24281161998374495,0.005405438547668168,1.0,-62.03964982477864
0.24329274441089663,0.005405438547668168,1.0,-62.16257691976651
0.24377481145006472,0.005405438547668168,1.0,-62.707489571960934
0.24591172381161147,0.005405438547668168,0.0,-60.694336851627575
0.2380170072612846,-0.0010619355926972825,2.0,-62.3630661810649
0.2445610438473133,0.0042484303842286845,2.0,-63.86294572564864
0.2504429244143084,0.009918585671311335,0.0,-62.727308838688245
0.2459894464262284,0.004358653358466127,1.0,-62.63989352003042
0.24564664125502125,0.004018624576092177,2.0,-64.46181554108735
0.2527914334944602,0.010485998716457627,0.0,-63.331276325968126
0.2483579463763456,0.00517563273953166,1.0,-63.340288214299086
0.2483932871148984,0.00483560395715771,1.0,-63.44991336093739
0.24882318965073486,0.00483560395715771,0.0,-61.35043215975969
0.2405899300382733,-0.0016317701832077407,2.0,-63.07956041862168
0.24737082517106543,0.0036785957937182263,2.0,-65.07194282917217
0.25518408952616534,0.009348751080800877,0.0,-63.34038560452276
0.24839366903734414,0.003788818767955669,2.0,-65.20630246164643
0.2557109900456723,0.009099184744881635,0.0,-63.63000103722354
0.2495294158322492,0.003788818767955669,2.0,-65.50053513087856
0.25686484365050416,0.009099184744881635,0.0,-63.8418233031213
0.25036009138478943,0.003788818767955669,2.0,-65.7081016904323
0.257678830158558,0.009099184744881635,0.0,-64.13153744478934
0.2514962252736837,0.003788818767955669,1.0,-64.03180106634979
0.25110510222097954,0.0034487899855817185,0.0,-62.486173498131556
0.2450438176397316,-0.003018584154783732,2.0,-64.10654984221067
0.25139823467533595,0.0022917818221422346,0.0,-163.77919224819894
