Lateral Error,Yaw Error,Action,Reward
-0.19169350164889704,-0.18050762179600288,0.0,-55.91000625246976
-0.2192549264802736,-0.18697499593636868,0.0,-63.28760555859169
-0.24818668846506547,-0.19264515122345044,2.0,-65.54189690776394
-0.2570270466971135,-0.1870852189106049,2.0,-67.64357353085187
-0.2652689158072622,-0.18141506362352314,0.0,-75.10834657416181
-0.2945425355849483,-0.18697499593636868,2.0,-77.06128588994797
-0.30220112113705083,-0.18166462995944238,1.0,-81.21610113873504
-0.3184945142695492,-0.18132460117706847,1.0,-86.172184973673
-0.3379301371516588,-0.18132460117706847,2.0,-87.40247836034858
-0.3427548170994062,-0.17485722703670267,2.0,-89.01535890650193
-0.34907983884902716,-0.1691870717496209,1.0,-92.92992564569013
-0.36443108096349075,-0.16896044607298863,2.0,-94.39548803118976
-0.37017838443603823,-0.16249307193262283,1.0,-97.88388088063994
-0.3838583563946664,-0.16215304315024887,0.0,-104.91594007093573
-0.41143505910170874,-0.16862041729061472,0.0,-112.08360828621528
-0.4395435619067266,-0.17429057257769648,0.0,-120.10164065227345
-0.4709868260873469,-0.18109873408657637,2.0,-121.86310570740376
-0.47789453218589706,-0.17578836810965007,0.0,-129.18459329946026
-0.5066062482331775,-0.18109873408657637,0.0,-136.7967821896797
-0.536457969371293,-0.18676888937365813,2.0,-138.55764408188602
-0.5433633101250431,-0.18120895706081258,2.0,-139.4984928521652
-0.547052913145746,-0.17553880177373082,0.0,-146.8907621860018
-0.5760422046509875,-0.18109873408657637,0.0,-155.1988199961009
-0.6086228235141211,-0.18676888937365813,2.0,-156.52978634443915
-0.6138422993899575,-0.18120895706081258,0.0,-164.4476290027875
-0.6448926627560294,-0.1865193230377389,0.0,-172.76724273444756
-0.6775185989586179,-0.19218947832482067,2.0,-173.9017267894947
-0.681967556037234,-0.18662954601197512,0.0,-182.53222755919742
-0.7158126570948918,-0.19193991198890145,2.0,-183.46459744508368
-0.7194690095885635,-0.18662954601197512,0.0,-192.09029828301018
-0.7532952873843536,-0.19193991198890145,0.0,-201.1542729770219
-0.7888402861843995,-0.1976100672759832,0.0,-211.77587194231404
-0.8304936154600551,-0.2044182287848631,2.0,-212.56505689230278
-0.8335884584011873,-0.1991078628079368,2.0,-213.17670917219635
-0.8359870947929269,-0.193437707520855,0.0,-222.6669906182703
-0.8732038847775305,-0.19899763983370056,1.0,-227.98917073157787
-0.894075179339521,-0.19933766861607446,0.0,-238.8533310242508
-0.936679729506866,-0.20580504275644027,2.0,-239.36386591427566
-0.9386818271148065,-0.20049467677951396,0.0,-249.18597404540517
-0.9771998982172752,-0.20580504275644027,2.0,-249.68977609697245
-0.9791755925371468,-0.20049467677951396,1.0,-254.66684932967826
-0.9986935267830519,-0.20015464799714006,1.0,-259.6172907472411
-1.0181070225382005,-0.20015464799714006,2.0,-259.1407077094686
-1.0162380694488964,-0.19368727385677426,2.0,-259.13158945481837
-1.016202311587523,-0.18801711856969247,1.0,-263.8895472064703
-1.0348609694371385,-0.1877904928930602,1.0,-268.559921240095
-1.0531761617258626,-0.1877904928930602,2.0,-267.459867855191
-1.048862226883102,-0.1813231187526944,0.0,-276.9977982258902
-1.086265875395648,-0.1866334847296207,1.0,-281.74963731226944
-1.1049005384794879,-0.18697351351199462,0.0,-292.706681586439
-1.1478693395546626,-0.19344088765236042,2.0,-292.5421075769109
-1.1472239512820035,-0.18813052167543412,0.0,-301.90474134744056
-1.1839401621468257,-0.19344088765236042,1.0,-307.51902793650163
-1.2059569723000063,-0.19378091643473433,0.0,-318.9056073492135
-1.2506102248988764,-0.20024829057510013,2.0,-318.91742028313274
-1.2506565501299325,-0.19493792459817383,2.0,-318.082275634005
-1.2473814730745292,-0.18926776931109207,2.0,-316.3409664125389
-1.2405528094609366,-0.18245960780221218,1.0,-320.5129066543214
-1.2569133594287112,-0.18211957901983827,2.0,-318.86238480694016
-1.2504407247330989,-0.17565220487947247,1.0,-322.6269184915695
-1.2652036019277233,-0.17531217609709857,1.0,-327.4474684757339
-1.284107719512682,-0.17531217609709857,1.0,-331.57024700425274
-1.30027547844805,-0.17531217609709857,1.0,-335.6930321289909
-1.3164432632509446,-0.17531217609709857,0.0,-346.69242944563587
-1.359578154688768,-0.18177955023746437,1.0,-351.3321392132958
-1.3777730949541014,-0.18211957901983827,2.0,-349.4204479367034
-1.3702762664184447,-0.17565220487947247,2.0,-348.24929242087694
-1.3656834996897136,-0.1699820495923907,1.0,-352.62600035492994
-1.3828470602154117,-0.16975542391575843,2.0,-350.71248773784146
-1.3753430891680059,-0.16328804977539263,0.0,-359.36670117759667
-1.4092811810886143,-0.16859841575231893,1.0,-364.1419453513195
-1.4280076288287038,-0.16893844453469284,0.0,-374.4127423241512
-1.4682852640162793,-0.17540581867505864,0.0,-384.90330929624736
-1.509424742338225,-0.1810759739621404,0.0,-397.07700616272024
-1.5571647300498834,-0.18788413547102029,1.0,-402.1324117588154
-1.5769898500345703,-0.1882241642533942,2.0,-399.6779476734569
-1.5673645006802233,-0.1817567901130284,0.0,-410.314237827678
-1.6090754424614826,-0.18706715608995472,2.0,-409.026374282413
-1.6040249971859333,-0.1817567901130284,2.0,-407.08563381526875
-1.596414250255956,-0.17608663482594664,2.0,-404.3083524878878
-1.5855229509328932,-0.16927847331706675,2.0,-402.3854304596792
-1.5779820802340359,-0.16360831802998463,2.0,-399.6636158371115
-1.567308297400437,-0.1568001565211047,1.0,-403.0306577941239
-1.5805123835063681,-0.15646012773873078,2.0,-400.44135879969383
-1.570358269802721,-0.14999275359836495,1.0,-403.66187316773306
-1.5829877379126787,-0.14965272481599098,1.0,-407.66366215049726
-1.5986810280411656,-0.14965272481599098,0.0,-417.2629919138438
-1.636325458485662,-0.15612009895635684,1.0,-421.7477788273275
-1.6539128581463824,-0.15646012773873078,2.0,-418.93214286669894
-1.6428711484968583,-0.14999275359836495,0.0,-429.30854533452964
-1.6835629228805087,-0.20960053631128603,1.0,-435.3695850734408
-1.7073317061703563,-0.20994056509365996,0.0,-449.8341188001982
-1.7640553678439148,-0.21640793923402582,0.0,-464.3421905406874
-1.8209497668262251,-0.22207809452110822,0.0,-480.7378469291829
-1.8852464585458155,-0.2288862560299881,2.0,-478.6760379975118
-1.8771609333235755,-0.2235758900530618,1.0,-484.1408446541237
-1.8985915476632305,-0.22323586127068784,0.0,-500.4884748656066
-1.9626999014337514,-0.2297032354110537,2.0,-498.1677755297784
-1.9535991197246212,-0.22439286943412737,1.0,-503.4000440552375
-1.9741178198244609,-0.22405284065175343,0.0,-610.0050548464368
