Lateral Error,Yaw Error,Action,Reward
-0.0006655992109200725,-0.000706222841755049,1.0,-0.19239511050329308
-0.0007544906294246787,-0.000706222841755049,1.0,-0.22566465737553995
-0.000884959440688392,-0.000706222841755049,1.0,-0.26558144289239216
-0.0010414958544799693,-0.000706222841755049,1.0,-0.3095848416940587
-0.0012140582027217986,-0.000706222841755049,1.0,-0.35616337793519537
-0.0013967191291576289,-0.000706222841755049,1.0,-0.3335317158365983
-0.0013079675130846995,-0.000706222841755049,1.0,-0.31877233059077625
-0.0012500875709442207,-0.000706222841755049,1.0,-0.31255159287578843
-0.0012256925210815234,-0.000706222841755049,1.0,-0.31537517950156796
-0.0012367654098100703,-0.000706222841755049,1.0,-0.3270088923250297
-0.0012823878130393323,-0.000706222841755049,1.0,-0.34656663666772697
-0.0013590848496773608,-0.000706222841755049,1.0,-0.3728033768895619
-0.0014619740270178899,-0.000706222841755049,1.0,-0.40442130033775986
-0.0015859658836774899,-0.000706222841755049,1.0,-0.44026256335401953
-0.0017265198562902728,-0.000706222841755049,1.0,-0.4793808166716219
-0.0018799247712612624,-0.000706222841755049,1.0,-0.4679576046116451
-0.0018351278612221376,-0.000706222841755049,1.0,-0.46294921764863456
-0.001815487128033861,-0.000706222841755049,1.0,-0.46406889866336726
-0.0018198780339739895,-0.000706222841755049,1.0,-0.47127297129086887
-0.001848129299179878,-0.000706222841755049,1.0,-0.4842899858654481
-0.00189917641515862,-0.000706222841755049,1.0,-0.5026685523556561
-0.001971249224924142,-0.000706222841755049,1.0,-0.5258468054696581
-0.00206214433517513,-0.000706222841755049,1.0,-0.5532217984637902
-0.0021694972488776085,-0.000706222841755049,1.0,-0.5842038684790658
-0.0022909955626630027,-0.000706222841755049,1.0,-0.6182509747455821
-0.002424513626453263,-0.000706222841755049,1.0,-0.6133513827565533
-0.0024052995402217775,-0.000706222841755049,1.0,-0.613598274332013
-0.0024062677424784825,-0.000706222841755049,1.0,-0.6184707527236926
-0.0024253755008772256,-0.000706222841755049,1.0,-0.6278611374050029
-0.002462200538843149,-0.000706222841755049,1.0,-0.6415710794058608
-0.002515965017277885,-0.000706222841755049,1.0,-0.6593311748842672
-0.002585612450526538,-0.000706222841755049,1.0,-0.6808245387736209
-0.0026699001520534152,-0.000706222841755049,1.0,-0.7057101481459113
-0.0027674907770427895,-0.000706222841755049,1.0,-0.7336428831343779
-0.002877030914252462,-0.000706222841755049,1.0,-0.7642887235391324
-0.0029972106805456174,-0.000706222841755049,1.0,-0.7634724634930005
-0.0029940096607568643,-0.000706222841755049,1.0,-0.7669148526222741
-0.0030075092259697024,-0.000706222841755049,1.0,-0.7740328714020988
-0.0030354230251062697,-0.000706222841755049,1.0,-0.7847265046034159
-0.003077358841582023,-0.000706222841755049,1.0,-0.7988521729462726
-0.0031327536193971476,-0.000706222841755049,1.0,-0.8162317119498862
-0.003200908674313279,-0.000706222841755049,1.0,-0.8366623734470625
-0.0032810289154786764,-0.000706222841755049,1.0,-0.8599267136618591
-0.0033722616222033692,-0.000706222841755049,1.0,-0.8858014928719973
-0.0034737313445960677,-0.000706222841755049,1.0,-0.914065053952399
-0.0035845688390290153,-0.000706222841755049,1.0,-0.9159995475239221
-0.0035921550883291063,-0.000706222841755049,1.0,-0.9215685676345556
-0.00361399438288061,-0.000706222841755049,1.0,-0.9301733090224232
-0.0036477384667546013,-0.000706222841755049,1.0,-0.9417305617644687
-0.0036930610265273277,-0.000706222841755049,1.0,-0.9561332664866844
-0.0037495422215164096,-0.000706222841755049,1.0,-0.9732551062190952
-0.003816686691055275,-0.000706222841755049,1.0,-0.9929554302476855
-0.003893942863716414,-0.000706222841755049,1.0,-1.0150841232690722
-0.003980722052035577,-0.000706222841755049,2.0,-0.9907899537298691
0.003885450798940663,0.005761151298610427,1.0,-1.2209205557373273
0.004787923747989519,0.006101180080984371,1.0,-1.3469699960606254
0.005282235278669119,0.006101180080984371,1.0,-1.476618242789687
0.0057906597756458315,0.006101180080984371,1.0,-1.6089955865001808
0.0063097866137262,0.006101180080984371,1.0,-1.7434805010670964
0.006837178435557241,0.006101180080984371,1.0,-1.879620657369969
0.007371061401450859,0.006101180080984371,1.0,-2.0170809283242184
0.007910121287545955,0.006101180080984371,1.0,-2.155608782918014
0.008453367776149075,0.006101180080984371,1.0,-2.295010909857278
0.00900004278375403,0.006101180080984371,1.0,-2.43513716770149
0.009549557520398,0.006101180080984371,1.0,-2.5758693818719003
0.010101448556360394,0.005492557713337073,1.0,-2.6992447911908934
0.01058527369094468,0.005492557713337073,1.0,-2.832413894103125
0.011107505467071078,0.005492557713337073,1.0,-2.9667501731747383
0.011634314404606817,0.005492557713337073,1.0,-3.1021019987006992
0.012165105877257644,0.005492557713337073,1.0,-3.238342033887101
0.012699380525047455,0.005492557713337073,1.0,-3.3753627278151663
0.013236716579667318,0.005492557713337073,1.0,-3.5130727373617368
0.013776755832791124,0.005492557713337073,1.0,-3.651394072056777
0.014319192439438341,0.005492557713337073,1.0,-3.790259803588014
0.014863763935639271,0.005492557713337073,1.0,-3.929612218238004
0.015410243993090211,0.005492557713337073,1.0,-4.055855290603765
0.015905314865112805,0.005492557713337073,1.0,-4.190128986456414
0.016431878378260444,0.005492557713337073,1.0,-4.325134888734982
0.016961313289156794,0.005492557713337073,1.0,-4.460806517452815
0.017493358891971823,0.005492557713337073,1.0,-4.597084931163781
0.018027784043779534,0.005492557713337073,1.0,-4.73391772639779
0.018564383240775646,0.005492557713337073,1.0,-4.871258185937173
0.01910297327818499,0.005492557713337073,1.0,-5.0090645519501145
0.01964339039980437,0.005492557713337073,1.0,-4.638086337221925
0.01818857387145853,0.005492557713337073,1.0,-4.776987911801934
0.018733285928635036,0.005492557713337073,1.0,-4.903715643799341
0.019230257426664083,0.005492557713337073,1.0,-5.038415597289767
0.01975849253839124,0.005492557713337073,1.0,-5.173705484908261
0.0202890411172873,0.005492557713337073,1.0,-5.309540211347258
0.020821726319008856,0.005492557713337073,1.0,-5.445879007565608
0.02135638826496317,0.005492557713337073,1.0,-5.582684942924927
0.02189288212911736,0.005492557713337073,1.0,-5.719924499210126
0.02243107646749069,0.005492557713337073,1.0,-5.857567198005873
0.02297085175688578,0.005492557713337073,1.0,-5.99558527413556
0.0235120991142571,0.005492557713337073,1.0,-6.133953388924195
0.024054719172251743,0.005492557713337073,1.0,-6.26174802794892
0.024555874619407534,0.005492557713337073,1.0,-6.396816844445284
0.025085556252726605,0.005492557713337073,1.0,-6.53233765316998
0.025617010404588157,0.005492557713337073,1.0,-6.668282896402361
0.026150129005499456,0.005492557713337073,1.0,-6.804627135682666
0.026684812296794768,0.005492557713337073,1.0,-6.941346859412235
0.027220968076126412,0.005492557713337073,1.0,-7.078420310172458
0.02775851102028415,0.005492557713337073,1.0,-6.706143907863904
0.026298603560250607,-0.015209539634984188,1.0,-6.3345178488979
0.024841246466266276,-0.015209539634984188,1.0,-5.963663713065986
0.0233869165218274,-0.015209539634984188,1.0,-5.580318999928222
0.021883603921287145,-0.015209539634984188,1.0,-5.205441086663954
0.0204134944575057,-0.015209539634984188,1.0,-4.831013549143299
0.018945151173110977,-0.015209539634984188,1.0,-4.967122373033105
0.019478911266796486,-0.015209539634984188,1.0,-4.593865810199263
0.018015160039997112,-0.015209539634984188,1.0,-4.221412054639667
0.0165545570770183,-0.015209539634984188,1.0,-3.8499941074635537
0.01509801610770021,-0.015209539634984188,1.0,-3.4799436431440567
0.013646837816251204,-0.015209539634984188,1.0,-3.111748564862048
0.012202935548478622,-0.015209539634984188,1.0,-2.7260820413644735
0.010690517809272444,-0.015209539634984188,1.0,-2.349889982307151
0.00921525483257706,-0.015209539634984188,1.0,-1.9743000788007783
0.00774235325019913,-0.015209539634984188,1.0,-1.5997365135751733
0.006273476523824209,-0.015209539634984188,1.0,-1.227139463991837
0.0048123116234974,-0.015209539634984188,1.0,-0.8590715073929193
0.0033689078721290955,-0.015209539634984188,1.0,-0.5055241686113076
0.0019824477200443436,-0.015209539634984188,1.0,-0.24191683445682302
0.0009486934684581295,-0.015209539634984188,1.0,-0.33795916323222475
0.0013253300518910774,-0.015209539634984188,1.0,-0.23034898769238507
-0.0009033293634995493,-0.015209539634984188,1.0,-0.5266148077644912
-0.0020651561088803573,-0.015209539634984188,1.0,-0.8871323998650948
-0.003478950587706254,-0.015209539634984188,2.0,-0.7252755766877426
0.002844217947795069,-0.008742165494618715,1.0,-0.6100406500878052
0.002392316274854138,-0.008402136712244776,1.0,-0.41007451768876113
0.0016081353634853379,-0.008402136712244776,1.0,-0.26406174246335534
0.0010355362449543347,-0.008402136712244776,1.0,-0.24953213088951434
-0.0009785573760373112,-0.008402136712244776,1.0,-0.342024452370816
-0.001341272362238494,-0.008402136712244776,1.0,-0.5265464330615554
-0.0020648879727904134,-0.008402136712244776,1.0,-0.7369379517958977
-0.0028899527521407753,-0.008402136712244776,1.0,-0.9562739784713449
-0.0037500940332209605,-0.008402136712244776,2.0,-0.8156027600529132
0.003198442196285934,-0.001934762571879336,1.0,-1.3586983235099104
0.005328228719646708,-0.0015947337895053967,1.0,-1.301332186463552
0.005103263476327656,-0.0015947337895053967,1.0,-1.207883689873878
0.00473679878381913,-0.0015947337895053967,1.0,-0.6233259439108049
0.002444415466316882,-0.024848879397799048,2.0,-2.0162331251965937
0.007906796569398408,-0.01838150525743361,2.0,-3.3286068521191736
0.013053360204388917,-0.01271134997035118,2.0,-5.6266840224019266
0.022065427538831082,-0.005903188461471735,1.0,-5.58880836193801
0.021916895537011802,-0.0055631596790977934,1.0,-5.391462486152759
0.021142990141775526,-0.0055631596790977934,1.0,-5.247374015743926
0.020577937316642845,-0.0055631596790977934,1.0,-5.105963554090386
0.020023386486628963,-0.0055631596790977934,1.0,-4.967459813966957
0.0194802345645763,-0.0055631596790977934,1.0,-4.832112749526541
0.01894946176284918,-0.0055631596790977934,1.0,-4.627044430090261
0.018145272274863768,-0.0055631596790977934,1.0,-4.484940772650279
0.017588003030001093,-0.0055631596790977934,1.0,-4.346114442052261
0.01704358604726377,-0.0055631596790977934,1.0,-4.210889595528754
0.01651329253148531,-0.0055631596790977934,1.0,-4.007034052523659
0.015713859029504545,-0.0055631596790977934,1.0,-3.864026306301818
0.0151530443384385,-0.0055631596790977934,1.0,-3.7247738356286195
0.014606956218151449,-0.0055631596790977934,1.0,-3.5897136919895756
0.014077308596037553,-0.0055631596790977934,1.0,-3.3875181595481973
0.013284384939404694,-0.0055631596790977934,1.0,-3.2432823652179694
0.012718754373403801,-0.0055631596790977934,1.0,-3.6091063875995153
0.014153358382743198,-0.0055631596790977934,1.0,-3.4713586705468913
0.013613171257046633,-0.0055631596790977934,2.0,-5.3191520449491305
0.020859419784114236,0.0009042144612676528,1.0,-5.363490869992358
0.021033297529381795,0.0012442432436416033,1.0,-5.374230690987815
0.02107541447446202,0.0012442432436416033,1.0,-5.387818824899798
0.021128701274116854,0.0012442432436416033,1.0,-5.404233786806392
0.021193073673750555,0.0012442432436416033,1.0,-5.349007679288689
0.020976500703092895,0.0012442432436416033,1.0,-5.35948641269055
0.02101759377525706,0.0012442432436416033,1.0,-5.372822444959975
0.021069891941019513,0.0012442432436416033,1.0,-5.388994563445246
0.02113331201351077,0.0012442432436416033,1.0,-5.407977324947351
0.021207754215479806,0.0012442432436416033,1.0,-5.344765315087
0.02095986398073333,0.0012442432436416033,1.0,-5.357847789725802
0.02101116780284628,0.0012442432436416033,1.0,-5.373775634031244
0.021073629937377426,0.0012442432436416033,1.0,-5.392523635040623
0.02114715150996323,0.0012442432436416033,1.0,-5.330067590245197
0.02090222584409881,0.0012442432436416033,1.0,-5.848233446931093
0.02293424881149448,0.0012442432436416033,1.0,-5.3585771714753
0.02101402812343255,-0.008061426632904628,1.0,-5.377089002376788
0.021086623538732502,-0.008061426632904628,1.0,-5.315393432050955
0.020844680125690025,-0.008061426632904628,1.0,-4.8234449886078945
0.01891547054356037,-0.008061426632904628,1.0,-4.840838222916517
0.018983679305554967,-0.008061426632904628,1.0,-4.78364749907786
0.01875940195716808,-0.008061426632904628,1.0,-4.288962226909152
0.016819459713369223,-0.008061426632904628,1.0,-4.304956031328811
0.01688218051501495,-0.008061426632904628,1.0,-4.253406002679961
0.01668002353992142,-0.008061426632904628,1.0,-3.755406180406727
0.014727083060418538,-0.008061426632904628,1.0,-3.769599625047165
0.01478274362763594,-0.008061426632904628,1.0,-3.787822863994592
0.014854207309782713,-0.008061426632904628,1.0,-3.2232370911984085
0.012640145455680032,-0.008061426632904628,1.0,-3.235030046984704
0.012686392341116487,-0.008061426632904628,1.0,-3.2515375480280326
0.012751127639325618,-0.008061426632904628,1.0,-2.6932772383425414
0.010561871522911926,-0.008061426632904628,1.0,-2.70171439032488
0.010594958393430902,-0.008061426632904628,1.0,-2.7158228907144633
0.010650285845939071,-0.008061426632904628,1.0,-2.239011977664038
0.008780439128094265,-0.008061426632904628,1.0,-2.170577125821577
0.008512067160084616,-0.008061426632904628,1.0,-1.6775843066833336
0.006578761986993464,-0.008061426632904628,1.0,-1.7012861962808157
0.006671710573650258,-0.008061426632904628,1.0,-1.6437313167448675
0.006446005163705362,-0.008061426632904628,1.0,-1.1421191077648851
0.004478898461823078,-0.008061426632904628,1.0,-1.1635626229150422
0.004562990678098205,-0.008061426632904628,1.0,-1.1272104481473
0.004420433129989411,-0.008061426632904628,1.0,-0.6106440672517123
0.002394682616673382,-0.008061426632904628,1.0,-0.6258469489346574
0.002454301760528068,-0.008061426632904628,1.0,-0.6643775979347415
0.0026054023448421238,-0.008061426632904628,1.0,-0.14014088509214256
0.0005495720984005591,-0.008061426632904628,1.0,-0.0882836326469678
0.0003462103241057561,-0.008061426632904628,1.0,-0.1639008677154944
0.0006427485008450761,-0.008061426632904628,1.0,-0.49466749310596775
-0.0019398725219841872,-0.008061426632904628,1.0,-0.44967406680005273
-0.0017634277129413834,-0.008061426632904628,1.0,-0.4366148949530642
-0.0017122152743257418,-0.008061426632904628,1.0,-0.9585317183815042
-0.0037589479152215855,-0.008061426632904628,1.0,-0.9873817413585732
-0.0038720852602296984,-0.008061426632904628,1.0,-0.9657664359504813
-0.003787319356668554,-0.004260107053955354,1.0,-0.9598968053777012
-0.003764301197559612,-0.004260107053955354,1.0,-1.5251038686727916
-0.00598079948499134,-0.004260107053955354,1.0,-1.5010263893012628
-0.005886377997259854,-0.004260107053955354,1.0,-1.4869880951246677
-0.00583132586323399,-0.004260107053955354,1.0,-1.483274058032332
-0.005816761011891498,-0.004260107053955354,1.0,-1.5412660095291963
-0.00604418042952626,-0.004260107053955354,1.0,-2.01969514614635
-0.00792037312214255,-0.004260107053955354,1.0,-2.009351419004206
-0.007879809486291004,-0.004260107053955354,1.0,-2.0066720532431095
-0.007869302169580822,-0.004260107053955354,1.0,-2.0531742660634493
-0.008051663788484115,-0.004260107053955354,1.0,-2.0346558660491625
-0.0079790426119575,-0.004260107053955354,1.0,-2.023620365136971
-0.007935766137792042,-0.004260107053955354,1.0,-2.5903325526614607
-0.010158166873182198,-0.004260107053955354,1.0,-2.5697235192328582
-0.010077347134246503,-0.004260107053955354,1.0,-2.555004923624412
-0.010019627151468282,-0.004260107053955354,1.0,-2.5462789157350922
-0.009985407512686636,-0.004260107053955354,1.0,-2.6060674371837003
-0.010219872302681177,-0.004260107053955354,1.0,-3.088586101689604
-0.012112102359567074,-0.004260107053955354,1.0,-3.0763950607846144
-0.012064294356018097,-0.004260107053955354,1.0,-3.0691959851100044
-0.012036062686705899,-0.004260107053955354,1.0,-3.1211228784057146
-0.012239697562375352,-0.004260107053955354,1.0,-3.1035827311855817
-0.012170912671316005,-0.004260107053955354,1.0,-3.090947828586686
-0.012121364033673277,-0.004260107053955354,1.0,-3.657729520910498
-0.014344037336903915,-0.004260107053955354,1.0,-3.6385655553863128
-0.014268884530926718,-0.004260107053955354,1.0,-3.623568450584711
-0.01421007235523416,-0.004260107053955354,1.0,-3.612790098224317
-0.014167804306762028,-0.004260107053955354,1.0,-3.673275874991332
-0.014405003431338556,-0.004260107053955354,2.0,-1.6710255722038876
-0.006553041459623088,0.0022072670864100963,1.0,-1.913736835182355
-0.007504850334048451,0.0025472958687840466,1.0,-1.8305382080211199
-0.00717858120792596,0.0025472958687840466,1.0,-1.6528730769770528
-0.00648185520383158,0.0025472958687840466,1.0,-1.4831083708436157
-0.0058161112582102575,0.0025472958687840466,1.0,-1.3242859299402125
-0.005193278156628285,0.0025472958687840466,1.0,-1.736659425244961
-0.00681042911860769,0.0025472958687840466,1.0,-1.56304846417673
-0.006129601820300902,0.0025472958687840466,1.0,-1.3988412336426121
-0.005485651896637694,0.0025472958687840466,1.0,-1.2477559240543437
-0.0048931604864876225,0.017258859358542048,1.0,-0.67802932625304
-0.002658938534325647,0.017258859358542048,1.0,-0.48134488766268735
-0.0018876270104419112,0.017258859358542048,1.0,-0.21528370789635037
0.0008442498348876484,0.017258859358542048,1.0,-0.3751391462221571
0.0014711339067535576,0.017258859358542048,1.0,-1.047289859877284
0.00410701905834229,0.017258859358542048,1.0,-1.2302892039139808
0.004824663544760709,0.017258859358542048,1.0,-1.308679256503293
0.005132075515699187,0.017258859358542048,1.0,-1.9736995456725372
0.007739998218323675,0.017258859358542048,1.0,-2.137900420810054
0.008383923218862957,0.017258859358542048,1.0,-2.8097863276506616
0.011018769912355536,0.017258859358542048,1.0,-2.9820195657116746
0.0116941943753399,0.017258859358542048,1.0,-3.6548808716026664
0.014332866163147712,0.017258859358542048,1.0,-3.740394226077336
0.014668212651283671,0.017258859358542048,1.0,-4.409888079462133
0.017293678742988754,0.017258859358542048,1.0,-4.575904130517336
0.017944722080460142,0.017258859358542048,1.0,-5.247560863502411
0.02057867005295063,0.017258859358542048,1.0,-5.417664988257247
0.021245745051989205,0.017258859358542048,1.0,-5.590330454214226
0.021922864526330296,0.017258859358542048,1.0,-6.177077182424433
0.024223832087938952,0.017258859358542048,1.0,-6.3426188805966595
0.024873015218026116,0.017258859358542048,1.0,-7.013915097515593
0.027505549402021934,0.017258859358542048,1.0,-7.1826144204288624
0.028167115374230833,0.017258859358542048,1.0,-7.854780273233289
0.030803059895032507,0.017258859358542048,1.0,-8.025891304315866
0.031474083546336726,0.017258859358542048,1.0,-8.614513454041925
0.03378240570212519,0.017258859358542048,1.0,-8.780605401812199
0.03443374667377332,0.017258859358542048,1.0,-9.451927706013928
0.03706638316083893,0.017258859358542048,1.0,-9.620319106074428
0.037726741592448744,0.017258859358542048,1.0,-10.292321328915422
0.040362044427119305,0.017258859358542048,1.0,-10.462594986481971
0.04102978426071361,0.017258859358542048,1.0,-10.547462903357017
0.041362599621007905,0.017258859358542048,1.0,-11.218603931026864
0.0439945252197132,0.017258859358542048,1.0,-11.386370032315288
0.044652431499275634,0.017258859358542048,1.0,-12.058148924023707
0.04728685852558316,0.017258859358542048,1.0,-12.227580177451836
0.04795129481353662,0.017258859358542048,1.0,-12.89979389194672
0.05058742702724204,0.017258859358542048,1.0,-12.985419793405704
0.0509232148761008,0.017258859358542048,1.0,-14.160927391643952
0.055533048594682166,0.04469089206013864,1.0,-14.916792728802404
0.05849722638746041,0.04469089206013864,1.0,-16.090745661159556
0.0631009633770963,0.04469089206013864,1.0,-17.2649479280357
0.0677056781491596,0.04469089206013864,1.0,-17.937160818445818
0.07034180713116006,0.04469089206013864,1.0,-19.111466202364067
0.07494692628378066,0.04469089206013864,1.0,-20.28594298988856
0.07955271760740612,0.04469089206013864,1.0,-20.958019391791076
0.08218831134035716,0.04469089206013864,1.0,-22.13255499401844
0.08679433330987624,0.04469089206013864,1.0,-23.307216580007985
0.09140084933336465,0.04469089206013864,1.0,-23.979183078532046
0.09403601207267469,0.04469089206013864,1.0,-25.153879351097338
0.09864266412195036,0.04469089206013864,1.0,-25.82582379403475
0.10127774036876373,0.04469089206013864,1.0,-27.000549459001576
0.1058845076823591,0.04469089206013864,1.0,-28.175363492651474
0.1104916215398097,0.04469089206013864,1.0,-28.84722549471065
0.11312637448906138,0.04469089206013864,1.0,-30.022057337054434
0.1177335581845272,0.04469089206013864,1.0,-31.196960992437624
0.1223410234997554,0.04469089206013864,1.0,-31.86875379634416
0.12497550508370259,0.04469089206013864,1.0,-33.04366789716217
0.1295830113614203,0.04469089206013864,1.0,-34.21864182096479
0.13419075223907762,0.04469089206013864,1.0,-34.89037580778518
0.13682500316778506,0.04469089206013864,1.0,-36.06535533075574
0.14143276600296367,0.04469089206013864,1.0,-37.24038569438359
0.14604072821326897,0.04469089206013864,1.0,-37.91206912280217
0.14867478087373404,0.04469089206013864,1.0,-39.08710180937649
0.15328275219363333,0.04469089206013864,1.0,-40.26217841782267
0.1578908957561673,0.04469089206013864,1.0,-40.93381795072311
0.16052477627734552,0.04469089206013864,1.0,-42.108894621761486
0.16513292008533914,0.04469089206013864,1.0,-43.28400976016292
0.16974121474573692,0.04469089206013864,1.0,-43.95561084276857
0.17237494448144536,0.04469089206013864,1.0,-45.21439866957684
0.17731136733167385,0.04469089206013864,1.0,-46.389049735340684
0.18191784209937523,0.04469089206013864,1.0,-47.061029776722904
0.18455305794793295,0.04469089206013864,1.0,-48.23569925992304
0.18915960494087466,0.04469089206013864,1.0,-48.90766732544133
0.1917947738252601,0.04469089206013864,1.0,-50.08235371681164
0.19640138712475153,0.04469089206013864,1.0,-51.257090483397725
0.20100819797410874,0.05261651149064321,1.0,-52.43187423922774
0.20561519309501075,0.05261651149064321,1.0,-53.60670189501267
0.2102223603725987,0.05261651149064321,1.0,-54.781570626360335
0.21482968873082484,0.05261651149064321,1.0,-55.956477845988864
0.21943716802348576,0.05261651149064321,1.0,-57.13142117936478
0.2240447889386854,0.05261651149064321,1.0,-58.3063984432831
0.2286525429148357,0.05261651149064321,1.0,-59.48140762698362
0.2332604220666024,0.05261651149064321,1.0,-60.65644687545979
0.23786841911945017,0.05261651149064321,0.0,-59.69387002721397
0.2340936079498587,0.046149137350277765,0.0,-58.84637052314846
0.23077008048293512,0.04047898206319511,1.0,-59.67993138801944
0.23403894661968408,0.04025235638656281,1.0,-60.58042545031869
0.2375702958836027,0.04025235638656281,1.0,-61.48092012721833
0.24110164755771896,0.04025235638656281,1.0,-62.38141539210257
0.24463300153765713,0.04025235638656281,1.0,-63.2819112198705
0.24816435772498235,0.04025235638656281,1.0,-64.18240758682991
0.251695716026784,0.04025235638656281,0.0,-62.925427829070834
0.24676638364341502,0.033784982246197366,1.0,-63.57384348271589
0.2493091901282976,0.033444953463823424,1.0,-64.32263751869878
0.2522456373282306,0.033444953463823424,1.0,-65.0714343027247
0.25518209530480274,0.033444953463823424,1.0,-65.82023374100525
0.2581185636902167,0.033444953463823424,0.0,-64.4885557624361
0.2528962971075926,0.02697757932345798,1.0,-64.9420255342342
0.25467460993817337,0.026637550541084038,1.0,-65.5387590005347
0.2570147411785674,0.026637550541084038,1.0,-66.13550406190494
0.2593549178898233,0.026637550541084038,1.0,-66.73226040728252
0.2616951388520884,0.026637550541084038,1.0,-67.32902773662731
0.26403540288873456,0.026637550541084038,0.0,-65.8337209224057
0.25817145459766944,0.0201701764007186,1.0,-66.17779016695084
0.25952074575274836,0.019830147618344656,1.0,-66.6222566883789
0.2612637517191329,0.019830147618344656,1.0,-67.06674451997175
0.2630068412547912,0.019830147618344656,1.0,-67.51125324081698
0.26475001270908616,0.019830147618344656,1.0,-67.9557824409956
0.2664932644744925,0.019830147618344656,1.0,-68.40033172122614
0.2682365949852005,0.019830147618344656,1.0,-68.84490069252237
0.269980002715774,0.019830147618344656,1.0,-69.28948897586417
0.27172348617985953,0.019830147618344656,0.0,-67.66873428297684
0.2653675854234386,0.013362773477979217,1.0,-67.86049196552925
0.2661195763354088,0.013022744695605278,1.0,-68.1526530626611
0.2672653061280827,0.013022744695605278,1.0,-68.42390421386769
0.26832903613281445,0.013022744695605278,1.0,-68.71578847147815
0.26947368028030644,0.013022744695605278,1.0,-69.00770335120633
0.27061844451453465,0.013022744695605278,1.0,-69.29964846607837
0.2717633273179544,0.013022744695605278,1.0,-69.59162343557422
0.27290832719833025,0.013022744695605278,1.0,-69.88362788549452
0.2740534426882138,0.013022744695605278,1.0,-70.17566144783068
0.27519867234443407,0.013022744695605278,1.0,-70.4677237606382
0.27634401474760073,0.013022744695605278,1.0,-70.75981446791288
0.2774894685016191,0.013022744695605278,1.0,-71.05193321947033
0.278635032233217,0.013022744695605278,1.0,-71.34407967082812
0.27978070459148285,0.013022744695605278,1.0,-71.6362534830909
0.28092648424741523,0.013022744695605278,1.0,-71.90730194818583
0.28198941940465033,0.013022744695605278,0.0,-70.17356923307788
0.27519046758069765,0.00655537055523981,1.0,-70.21250013204558
0.27534313777272773,0.006215341772865866,1.0,-70.35184199015465
0.27588957643197903,0.006215341772865866,1.0,-70.49121906206027
0.27643615318455006,0.006215341772865866,1.0,-70.6306311392978
0.2769828672129325,0.006215341772865866,1.0,-70.77007801499312
0.2775297177058554,0.006215341772865866,1.0,-70.90955948384797
0.27807670385822736,0.006215341772865866,1.0,-71.04907534212553
0.2786238248710805,0.006215341772865866,1.0,-71.18862538763604
0.27917107995151386,0.006215341772865866,1.0,-71.31807399803809
0.2796787215609337,0.006215341772865866,1.0,-71.4573379834282
0.28022485483697335,0.006215341772865866,1.0,-71.59663694195866
0.28077112526258297,0.006215341772865866,1.0,-71.73597066989392
0.2813175320387997,0.006215341772865866,1.0,-71.87533896502762
0.28186407437265737,0.006215341772865866,1.0,-72.01474162666868
0.282410751477132,0.006215341772865866,1.0,-72.1541784556277
0.282957562571089,0.006215341772865866,1.0,-72.29364925420339
0.28350450687922896,0.006215341772865866,1.0,-72.4331538261692
0.28405158363203614,0.006215341772865866,1.0,-72.57269197676005
0.2845987920657257,0.006215341772865866,1.0,-72.70222624535918
0.28510676958964387,0.006215341772865866,1.0,-72.84148367419284
0.2856528771536974,0.006215341772865866,1.0,-72.98077543789532
0.2861991193642954,0.006215341772865866,1.0,-73.1201013402457
0.2867454954519439,0.006215341772865866,1.0,-73.25946118646785
0.28729200465281507,0.006215341772865866,1.0,-73.39885478321764
0.28783864620869665,0.006215341772865866,1.0,-73.53828193857024
0.2883854193669421,0.006215341772865866,1.0,-73.67774246200757
0.28893232338042185,0.006215341772865866,1.0,-73.81723616440593
0.2894793575074742,0.006215341772865866,1.0,-73.95676285802355
0.2900265210118571,0.006215341772865866,1.0,-74.09632235648867
0.2905738131627007,0.006215341772865866,1.0,-74.22563069148849
0.2910809046725039,0.006215341772865866,1.0,-74.36491552571074
0.2916271197086696,0.006215341772865866,1.0,-74.5042338902659
0.2921734662363368,0.006215341772865866,1.0,-74.64358559740604
0.2927199435192394,0.006215341772865866,1.0,-74.78297046073806
0.2932665508264237,0.006215341772865866,1.0,-74.92238829521152
0.29381328743220203,0.006215341772865866,1.0,-75.06183891710735
0.29436015261610726,0.006215341772865866,1.0,-75.2013221440261
0.2949071456628474,0.006215341772865866,1.0,-75.34083779487655
0.295454265862261,0.006215341772865866,1.0,-75.48038568986449
0.29600151250927254,0.006215341772865866,1.0,-75.6097789624629
0.29650893710769766,0.006215341772865866,1.0,-75.74905711814112
0.2970551259534946,0.006215341772865866,1.0,-75.88836821710433
0.2976014439886444,0.006215341772865866,1.0,-76.02771207825936
0.29814789050297785,0.006215341772865866,1.0,-76.1670885217959
0.2986944647913565,0.006215341772865866,1.0,-76.30649736917543
0.2992411661536291,0.006215341772865866,1.0,-76.44593844312038
0.29978799389458977,0.006215341772865866,1.0,-76.58541156760354
0.30033494732393545,0.006215341772865866,0.0,-74.72388584934768
0.29303484646803013,-0.0002520323674996101,1.0,-74.61090666033753
0.2925917908248531,-0.0005920611498735532,1.0,-74.5975171767978
0.29253928304626586,-0.0005920611498735532,1.0,-74.58416251076171
0.29248691180690867,-0.0005920611498735532,1.0,-74.57084268093531
0.2924346771801385,-0.0005920611498735532,1.0,-74.5575577059893
0.2923825792391737,-0.0005920611498735532,1.0,-74.5443076045587
0.29233061805709293,-0.0005920611498735532,1.0,-74.5310923952429
0.2922787937068349,-0.0005920611498735532,1.0,-74.51791209660551
0.29222710626119813,-0.0005920611498735532,1.0,-74.50476672717423
0.2921755557928401,-0.0005920611498735532,1.0,-74.49247560730576
0.29212735532276773,-0.0005920611498735532,1.0,-74.47905098669224
0.29207470975173433,-0.0005920611498735532,1.0,-74.46566122633698
0.292022200887596,-0.0005920611498735532,1.0,-74.45230634504813
0.2919698288041103,-0.0005920611498735532,1.0,-74.43898636159838
0.29191759357489555,-0.0005920611498735532,1.0,-74.4257012947247
0.2918654952734302,-0.0005920611498735532,1.0,-74.4124511631284
0.29181353397305254,-0.0005920611498735532,1.0,-74.39923598547486
0.2917617097469602,-0.0005920611498735532,1.0,-74.38605578039348
0.2917100226682097,-0.0005920611498735532,1.0,-74.37291056647753
0.29165847280971585,-0.0005920611498735532,1.0,-74.36062027589473
0.291610275591744,-0.0005920611498735532,1.0,-74.34719531577034
0.29155762868929547,-0.0005920611498735532,1.0,-74.33380527761797
0.29150511873575674,-0.0005920611498735532,1.0,-74.32045018031292
0.2914527458051487,-0.0005920611498735532,1.0,-74.30713004269472
0.29140050997135186,-0.0005920611498735532,1.0,-74.29384488356719
0.2913484113081066,-0.0005920611498735532,1.0,-74.28059472169811
0.2912964498890122,-0.0005920611498735532,1.0,-74.26737957581926
0.29124462578752647,-0.0005920611498735532,1.0,-74.25419946462615
0.2911929390769653,-0.0005920611498735532,1.0,-74.24105440677809
0.2911413898305023,-0.0005920611498735532,1.0,-74.22876494842725
0.29109319587618526,-0.0005920611498735532,1.0,-74.21533964758633
0.29104054763759346,-0.0005920611498735532,1.0,-74.20194933065007
0.2909880365907846,-0.0005920611498735532,1.0,-74.18859401656125
0.2909356628100441,-0.0005920611498735532,1.0,-74.17527372422674
0.29088342636951664,-0.0005920611498735532,1.0,-74.16198847251736
0.2908313273432054,-0.0005920611498735532,1.0,-74.14873828026785
0.290779365804972,-0.0005920611498735532,1.0,-74.13552316627668
0.290727541828536,-0.0005920611498735532,1.0,-74.12234314930593
0.2906758554874742,-0.0005920611498735532,1.0,-74.10919824808117
0.2906243068552202,-0.0005920611498735532,1.0,-74.0969096249244
0.29057611617617407,-0.0005920611498735532,1.0,-74.08348398215482
0.2905234665966856,-0.0005920611498735532,1.0,-74.07009338544263
0.2904709544527162,-0.0005920611498735532,1.0,-74.05673785379841
0.2904185798188173,-0.0005920611498735532,1.0,-74.0434174061967
0.29036634276939877,-0.0005920611498735532,1.0,-74.03013206157576
0.29031424337872846,-0.0005920611498735532,1.0,-74.0168818388376
0.2902622817209318,-0.0005920611498735532,1.0,-74.00366675684778
0.2902104578699912,-0.0005920611498735532,1.0,-73.99048683443519
0.2901587718997458,-0.0005920611498735532,1.0,-73.97734209039211
0.29010722388389065,-0.0005920611498735532,1.0,-73.96505430540738
0.2900590364917936,-0.0005920611498735532,1.0,-73.95162831949057
0.2900063855666296,0.008534783513211467,1.0,-74.44823401077886
0.2919538588657995,0.008534783513211467,1.0,-74.43487942572855
0.29190148794403353,0.008534783513211467,1.0,-74.93155842324904
0.2938492487186237,0.008534783513211467,1.0,-74.91827434366519
0.29379715428888314,0.008534783513211467,1.0,-74.90502496997517
0.29374519596068693,0.008534783513211467,1.0,-75.4018103074049
0.29569337375452903,0.008534783513211467,1.0,-75.38863036194935
0.2956416876939191,0.008534783513211467,1.0,-75.88548462075158
0.2975901357676533,0.008534783513211467,1.0,-75.87317351354551
0.2975418569158647,0.008534783513211467,1.0,-75.85975365136773
0.29748923000536365,0.008534783513211467,1.0,-76.35636475815959
0.29943672454180226,0.008534783513211467,1.0,-76.34301447550764
0.29938437049218686,0.008534783513211467,1.0,-76.839696971272
0.3013321449853804,0.008534783513211467,1.0,-76.82641541722614
0.30128006045971034,0.008534783513211467,1.0,-76.81316770780595
0.3012281086580625,0.008534783513211467,1.0,-77.30995384815651
0.30317628960061377,0.008534783513211467,1.0,-77.29677384307995
0.3031246033061959,0.008534783513211467,1.0,-77.79362720454189
0.3050730478609486,0.008534783513211467,1.0,-77.78129391940455
0.3050246820368806,0.008534783513211467,1.0,-77.76787988066675
0.30497207796339904,0.008534783513211467,1.0,-78.26449613320223
0.3069195926792244,0.008534783513211467,1.0,-78.25114994323012
0.30686725467933373,0.008534783513211467,1.0,-78.7478357650705
0.30881504221596273,0.008534783513211467,1.0,-78.73455661419077
0.3087629671144736,0.008534783513211467,1.0,-78.72131048838003
0.30871102152305896,0.008534783513211467,1.0,-79.21809739270313
0.3106592054615809,0.008534783513211467,1.0,-79.20491733087889
0.310607518944623,0.008534783513211467,1.0,-79.70176983792547
0.31255596014872733,0.008534783513211467,1.0,-79.68941543694811
0.31250751151744355,0.008534783513211467,1.0,-79.67600694291173
0.31245492918788914,0.008534783513211467,1.0,-80.17262809109121
0.3144024631023185,0.008534783513211467,1.0,-80.1592857990494
0.314350140388429,0.008534783513211467,1.0,-80.65597478720109
0.31629794034196507,0.008534783513211467,1.0,-80.64269792579927
0.31624587421882067,0.008534783513211467,1.0,-80.62945330866278
0.3161939345437756,0.008534783513211467,1.0,-81.12624094077695
0.3181421213363802,0.008534783513211467,1.0,-81.6230607795969
0.32009043442979174,0.04397280417438871,0.0,-80.16027286402249
0.31435401123146073,0.03750543003402323,0.0,-79.32978916067658
0.31109721239481014,0.03183527474694078,1.0,-79.99139861448741
0.31369175927249965,0.031608649070308484,0.0,-78.30355317060966
0.30707275753180263,0.025141274929943044,1.0,-78.80975271059592
0.3090578537670428,0.024801246147569102,1.0,-79.38457562221784
0.3113120612635994,0.024801246147569102,1.0,-79.95952750921407
0.3135667745459375,0.024801246147569102,1.0,-80.53460560924533
0.31582198278135426,0.024801246147569102,1.0,-81.10980723771578
0.31807767544202264,0.024801246147569102,1.0,-81.71641548972913
0.3204565313322711,0.024801246147569102,0.0,-79.91094589401433
0.31337625840789934,0.01833387200720366,1.0,-80.23188990597929
0.3146348623763894,0.01799384322482972,1.0,-80.69555697357517
0.31645316460225553,0.01799384322482972,1.0,-81.11648087065406
0.3181038465515845,0.01799384322482972,1.0,-81.53755846956075
0.3197551312531794,0.01799384322482972,1.0,-81.9587874012853
0.3214070094168051,0.01799384322482972,1.0,-82.38016534442814
0.32305947193893386,0.01799384322482972,1.0,-82.84360268684412
0.32487687328174164,0.01799384322482972,0.0,-80.91669287420682
0.3173203642125757,0.011526469084464277,0.0,-79.61944229681725
0.31223310704634216,0.0058563137973818465,0.0,-77.43779685384881
0.30367763472097575,-0.0009518477114975987,0.0,-75.92202131099937
0.2977334169058799,-0.00662200299858025,0.0,-73.4541977222351
0.28805567734209847,-0.013430164507459695,0.0,-71.71353558807145
0.2812295513257704,-0.019100319794542346,1.0,-71.22251067444091
0.27930396342918007,-0.019326945471174643,1.0,-70.79859182292286
0.2776415365604818,-0.019326945471174643,1.0,-70.37484943045793
0.27597980168807035,-0.019326945471174643,1.0,-70.0522649916143
0.2747147646729972,-0.019326945471174643,1.0,-69.62808317952006
0.2730513065863532,-0.019326945471174643,1.0,-69.20407758915496
0.2713885395653136,-0.019326945471174643,1.0,-68.28029775817869
0.26776587356148507,-0.019326945471174643,1.0,-67.85648975741044
0.26610388140160957,-0.019326945471174643,1.0,-67.5341628059948
0.2648398541411561,-0.019326945471174643,1.0,-67.1098993793512
0.26317607599745574,-0.019326945471174643,1.0,-66.68581779073776
0.26151301094406965,-0.019326945471174643,1.0,-66.26192153148827
0.25985067267250306,-0.019326945471174643,1.0,-65.93992285419765
0.2585879327615594,-0.019326945471174643,1.0,-65.51556063402951
0.25692376719227256,-0.019326945471174643,1.0,-65.09138341806585
0.25526032712966995,-0.019326945471174643,1.0,-64.66739484683852
0.25359762685034715,-0.0007002610726090507,1.0,-64.84509078572904
0.2542944736695257,-0.0007002610726090507,1.0,-64.92048976728306
0.2545901559501297,-0.0007002610726090507,1.0,-64.9965855543319
0.25488857080130156,-0.0007002610726090507,1.0,-64.67409821127083
0.25362391455400324,-0.0007002610726090507,1.0,-64.74961681695456
0.2539200659488414,-0.0007002610726090507,1.0,-64.82583378505119
0.2542189560198086,-0.0007002610726090507,1.0,-65.00275509586713
0.25491276508183186,-0.0007002610726090507,1.0,-64.57876473140104
0.25325005777020015,-0.0007002610726090507,1.0,-64.75646584093639
0.2539469248664172,-0.0007002610726090507,1.0,-64.8318608269545
0.2542425914782529,-0.0007002610726090507,1.0,-64.90795357924986
0.2545409944284308,-0.0007002610726090507,1.0,-64.5854725191826
0.25327636282032395,-0.0007002610726090507,1.0,-64.66098728360251
0.2535724991513824,-0.0007002610726090507,1.0,-64.7372013755425
0.2538713779433039,-0.0007002610726090507,1.0,-64.41449947656281
0.25260588030024633,-0.0007002610726090507,1.0,-64.49013463055499
0.2529024887472745,-0.0007002610726090507,1.0,-64.66784092486685
0.25359937617594847,-0.0007002610726090507,1.0,-64.74323190437556
0.2538950270759826,-0.0007002610726090507,1.0,-64.31930303428594
0.2522325609187684,-0.0007002610726090507,1.0,-64.49684685383657
0.25292881119151595,-0.0007002610726090507,1.0,-64.57235776641579
0.2532249324173168,-0.0007002610726090507,1.0,-64.64856897429334
0.2535237998991896,-0.0007002610726090507,1.0,-64.32587308589683
0.2522583258270464,-0.0007002610726090507,1.0,-64.40150454435465
0.25255491978178296,-0.0007002610726090507,1.0,-64.57921603763391
0.25325182759856435,-0.0007002610726090507,1.0,-64.6546029996155
0.25354746274359025,-0.0007002610726090507,1.0,-64.23067240510068
0.2518849898239242,-0.0007002610726090507,1.0,-64.40822121534153
0.252581259668006,-0.0007002610726090507,1.0,-64.4837282654605
0.2528773657469039,-0.0007002610726090507,1.0,-64.55993658133785
0.2531762218875994,-0.0007002610726090507,1.0,-64.23724672015186
0.2519107714515759,-0.0007002610726090507,1.0,-64.31287447286054
0.25220735087396295,-0.0007002610726090507,1.0,-64.4905911793561
0.2529042791347298,-0.0007002610726090507,1.0,-64.56597411274744
0.2531998984813625,-0.0007002610726090507,1.0,-64.14204178916027
0.2515374187810207,-0.0007002610726090507,1.0,-64.3195956038086
0.2522337082502298,-0.0007002610726090507,1.0,-64.39509878080382
0.25252979914040713,-0.0007002610726090507,1.0,-63.97123038347112
0.25086757013125927,-0.003922132673796596,1.0,-64.14862037943122
0.2515632171742401,-0.003922132673796596,1.0,-64.2242444161336
0.25185978202405335,-0.003922132673796596,1.0,-63.80044042669444
0.2501978055948802,-0.003922132673796596,1.0,-63.97766566938493
0.25089280654660756,-0.003922132673796596,1.0,-63.55355529121666
0.2492296285930065,-0.003922132673796596,1.0,-63.62967209154478
0.2495281258491952,-0.003922132673796596,1.0,-63.80673163855916
0.2502224770139575,-0.003922132673796596,1.0,-63.38268490744525
0.24855954865664803,-0.003922132673796596,1.0,-63.45892555257413
0.2488585315787221,-0.003922132673796596,1.0,-63.13618573652687
0.2475928852412818,-0.003922132673796596,1.0,-63.211835853513506
0.24788955236671964,-0.003922132673796596,1.0,-63.38952531603149
0.24858637378835877,-0.003922132673796596,1.0,-62.965234688180615
0.2469224889732573,-0.003922132673796596,0.0,-60.880821746721026
0.23874832057537657,-0.010389506814162047,1.0,-60.69986261103338
0.23803867690601327,-0.010729535596535996,1.0,-60.62002453562436
0.2377255864142132,-0.010729535596535996,1.0,-60.15397033785853
0.23589792289356287,-0.010729535596535996,1.0,-60.073484583363985
0.23558229248378032,-0.010729535596535996,1.0,-59.49582074682389
0.23331694410519171,-0.010729535596535996,1.0,-59.52750644749103
0.23344120175486677,-0.010729535596535996,1.0,-59.44712061611894
0.23312596320046644,-0.010729535596535996,1.0,-58.86950770734203
0.2308608145385962,-0.010729535596535996,1.0,-58.90105492157666
0.2309845291042222,-0.010729535596535996,1.0,-58.32312657691804
0.2287181434388943,-0.010729535596535996,1.0,-58.35557120603134
0.22884537727855428,-0.010729535596535996,1.0,-58.2746161588685
0.22852790650536664,-0.010729535596535996,1.0,-57.696736156415
0.22626171041731374,-0.010729535596535996,1.0,-57.72904776479395
0.2263884226070351,-0.010729535596535996,1.0,-57.1508483326762
0.22412097385363214,-0.010729535596535996,1.0,-57.070360109859976
0.22380533376415673,-0.010729535596535996,1.0,-57.10253577073358
0.2239315128264062,-0.010729535596535996,1.0,-56.52438193000861
0.22166424286277886,-0.010729535596535996,1.0,-56.443998915789315
0.22134901535603652,-0.010729535596535996,1.0,-55.979012144287594
0.21952553782073564,-0.010729535596535996,1.0,-55.89792849976456
0.21920756274417474,-0.010729535596535996,1.0,-55.817653074207044
0.21889275715375311,-0.010729535596535996,1.0,-55.352471544677776
0.2170685158614815,-0.0359463014955788,1.0,-54.77420938487455
0.2148008211171551,-0.0359463014955788,1.0,-53.69887521082693
0.21058382435618403,-0.0359463014955788,1.0,-53.12076495590294
0.20831672531726647,-0.0359463014955788,1.0,-52.04540809164291
0.20409963957507027,-0.0359463014955788,1.0,-51.467460953272216
0.20183318020891067,-0.0359463014955788,1.0,-50.39208290651858
0.19761601139811208,-0.0359463014955788,1.0,-49.81431135895605
0.19535024062335707,-0.0359463014955788,1.0,-48.73891409955026
0.19113299646882453,-0.0359463014955788,1.0,-48.16133207326747
0.18886796891477436,-0.0359463014955788,1.0,-47.08591814187486
0.1846506593799014,-0.0359463014955788,1.0,-46.620432898457295
0.1828252270527737,-0.0359463014955788,1.0,-45.54512652414383
0.17860833931036796,-0.0359463014955788,1.0,-44.96685660571748
0.17634061414006857,-0.0359463014955788,1.0,-44.38880372265224
0.1740737400888323,-0.0359463014955788,1.0,-43.31343710758661
0.16985661610818278,-0.0359463014955788,1.0,-42.735583533637104
0.167590523661322,-0.0359463014955788,1.0,-41.66019307277235
0.1633733061677347,-0.0359463014955788,1.0,-41.08255731702822
0.16110806790991458,-0.0359463014955788,1.0,-40.0071462536705
0.15689076962223727,-0.0359463014955788,1.0,-39.42974946873805
0.1546264685048551,-0.0359463014955788,1.0,-38.46684490132148
0.150850372162045,-0.0359463014955788,1.0,-37.88839491109709
0.14858194082783172,-0.0359463014955788,1.0,-36.81308679830192
0.14436504626785066,-0.0359463014955788,1.0,-36.23484834872175
0.14209744450479117,-0.0359463014955788,1.0,-35.15950475035739
0.13788041078571528,-0.0359463014955788,1.0,-34.58150101549357
0.1356137294725238,-0.0359463014955788,1.0,-33.506124823315545
0.13139656793457075,-0.0359463014955788,1.0,-32.92838292155274
0.1291309134178539,-0.0359463014955788,1.0,-31.85297849142062
0.12491364114282597,-0.0359463014955788,2.0,-33.15305943601603
0.13001199778829814,-0.02947892735521335,1.0,-32.82962247960585
0.12874361756708178,-0.0291388985728394,1.0,-31.90587463410317
0.12512107699648303,-0.0291388985728394,1.0,-31.48249959534022
0.1234607827268244,-0.0291388985728394,1.0,-30.6604955091041
0.12023723729060432,-0.0291388985728394,1.0,-30.23576505944703
0.11857162768410598,-0.0291388985728394,1.0,-29.311941720160405
0.11494879105945258,-0.0291388985728394,1.0,-28.887630290710085
0.1132848246694513,-0.0291388985728394,1.0,-27.4642979481583
0.10770312920846392,-0.06145736582472996,2.0,-27.923427611218543
0.10950363769105312,-0.054989991684364505,2.0,-28.20884471893212
0.11062292046640047,-0.04931983639728185,2.0,-29.069160095720424
0.11399670625772715,-0.04251167488840241,2.0,-30.246103818922514
0.11861217183891182,-0.036841519601319775,1.0,-29.43931333928776
0.11544828760505003,-0.03661489392468748,1.0,-28.565590168074955
0.11202192222774492,-0.03661489392468748,1.0,-27.69186700328943
0.10859555687564484,-0.03661489392468748,1.0,-26.818143845559383
0.10516919155121326,-0.03661489392468748,1.0,-25.944420695597618
0.10174282625724555,-0.03661489392468748,1.0,-25.070697554216324
0.09831646099692676,-0.03661489392468748,1.0,-24.196974422345072
0.09489009577390226,-0.03661489392468748,1.0,-23.323251301052476
0.09146373059236265,-0.03661489392468748,1.0,-22.95600071263219
0.09002353220640075,-0.03661489392468748,1.0,-22.082282270330644
0.08659718537384567,-0.03661489392468748,1.0,-21.20856422605132
0.08317084010216202,-0.03661489392468748,1.0,-20.33484663109912
0.07974449659254555,-0.03661489392468748,1.0,-19.46112954599238
0.07631815508232306,-0.03661489392468748,1.0,-18.587413042628253
0.07289181585344413,-0.03661489392468748,1.0,-17.713697207088966
0.06946547924348614,-0.03661489392468748,1.0,-16.839982143321613
0.06603914566008476,-0.03661489392468748,1.0,-15.966267978026204
0.06261281560010276,-0.03661489392468748,1.0,-15.092554867241473
0.059186489675456755,-0.03661489392468748,1.0,-14.725626292517997
0.057747554088305876,-0.03661489392468748,2.0,-15.83484658554886
0.06209743759038768,-0.030147519784322042,1.0,-15.213142636448692
0.05965938288803409,-0.0298074910019481,1.0,-14.491074190043426
0.05682774192173893,-0.0298074910019481,1.0,-13.769011733789759
0.05399612444623435,-0.0298074910019481,1.0,-13.046956262233158
0.051164534361698655,-0.0298074910019481,1.0,-12.324909002970264
0.04833297648223632,-0.0298074910019481,1.0,-11.602871489155497
0.04550145682021763,-0.0298074910019481,1.0,-10.880845660871449
0.042669982983809605,-0.0298074910019481,1.0,-10.666267178306475
0.04182849873845677,-0.0298074910019481,1.0,-9.944351709408155
0.038997457683953546,-0.0298074910019481,1.0,-9.222469135827314
0.036166545630695345,-0.0298074910019481,1.0,-8.500627838086634
0.03333579544347699,-0.0298074910019481,1.0,-7.778839306831584
0.03050525218365327,-0.0298074910019481,1.0,-7.057119732642287
0.027674979343695245,-0.03224193597265505,2.0,-8.318385015205457
0.03262111770668807,-0.025774561832289614,1.0,-7.848804066051171
0.03077962378843597,-0.02543453304991567,1.0,-7.278952260493548
0.02854491082546489,-0.02543453304991567,1.0,-6.709229768586004
0.026310704974847075,-0.02543453304991567,1.0,-6.139672588882212
0.024077147407381226,-0.02543453304991567,1.0,-5.570331430311509
0.021844436981613757,-0.02543453304991567,1.0,-5.001280068363946
0.019612863013191945,-0.02543453304991567,1.0,-4.4326301148151614
0.017382863195353575,-0.02543453304991567,2.0,-5.8465760478724205
0.022927749207342824,-0.018967158909550228,1.0,-5.530289346188027
0.021687409200737365,-0.01862713012717629,1.0,-5.114085199040723
0.020055236074669504,-0.01862713012717629,1.0,-4.6984463975447195
0.018425279990371447,-0.01862713012717629,1.0,-4.312753213677801
0.016912757700697258,-0.01862713012717629,1.0,-3.8936489455313565
0.015269211551103359,-0.01862713012717629,1.0,-3.474611905962115
0.013625929042988686,-0.01862713012717629,1.0,-3.0556697531207293
0.011983018639689135,-0.01862713012717629,1.0,-2.6368677138391114
0.01034065770132985,-0.01862713012717629,1.0,-2.2182851479249215
0.008699157442842827,-0.01862713012717629,1.0,-1.800075168371716
0.007059118307340062,-0.01862713012717629,1.0,-1.382575923101374
0.0054218663651034275,-0.01862713012717629,1.0,-0.9667087004665654
0.0037910145116335898,-0.01862713012717629,1.0,-0.5561467405666233
0.002180967610065189,-0.01862713012717629,1.0,-0.18930567766178089
0.0007423752065167878,-0.01862713012717629,1.0,-0.3378432169129302
-0.0013248753604428634,-0.01862713012717629,1.0,-0.7377014273404602
-0.0028929467738841577,-0.01862713012717629,1.0,-1.1515349363580816
-0.004515823279835614,-0.01862713012717629,1.0,-1.5262410193034794
-0.005985258899229331,-0.01862713012717629,1.0,-1.9365876339978185
-0.007594461309795367,-0.01862713012717629,1.0,-2.3501267277253364
-0.009216183245981712,-0.01862713012717629,1.0,-2.7654264708452674
-0.010844809689589284,-0.01862713012717629,1.0,-3.1817975190136543
-0.012477637329465312,-0.01862713012717629,1.0,-3.59886805751728
-0.014113208068695215,-0.01862713012717629,1.0,-4.016420184181673
-0.015750667388947738,-0.01862713012717629,1.0,-4.434317856610269
-0.017389481790628505,-0.01862713012717629,1.0,-4.8524717998222755
-0.019029301175773627,-0.01862713012717629,1.0,-5.27082102141167
-0.020669886358477142,-0.01862713012717629,1.0,-5.689322443710404
-0.022311068406707466,-0.01862713012717629,1.0,-6.107944781538684
-0.023952724633485037,-0.01862713012717629,1.0,-6.526664768257312
-0.0255947637970875,-0.01862713012717629,1.0,-6.913197697165765
-0.027110579204571626,-0.01862713012717629,1.0,-7.329515444037167
-0.028743197819753596,-0.01862713012717629,1.0,-7.7461638793487735
-0.030377113252348133,-0.01862713012717629,1.0,-8.163092367733132
-0.03201212693228679,-0.01862713012717629,1.0,-8.580260084614286
-0.033648078763193284,-0.01862713012717629,1.0,-8.99763375516999
-0.03528483825556859,-0.01862713012717629,1.0,-9.415185989760937
-0.036922297999062506,-0.01862713012717629,1.0,-9.832894040335932
-0.038560368785631106,-0.01862713012717629,1.0,-10.250738858844475
-0.04019897591703715,-0.01862713012717629,1.0,-10.66870437555757
-0.041838056374735574,-0.01862713012717629,1.0,-11.086776939711804
-0.043477556626320794,-0.01862713012717629,1.0,-11.504944881479238
-0.04511743090776171,-0.01862713012717629,1.0,-11.923198165672385
-0.04675763986538191,-0.01862713012717629,1.0,-12.310531035025125
-0.04827659229421618,-0.01862713012717629,1.0,-12.727419331417137
-0.049911448358498575,-0.01862713012717629,1.0,-13.144466336379404
-0.051546926809331,-0.01862713012717629,1.0,-13.561657408140025
-0.0531829702280001,-0.01862713012717629,1.0,-13.978979648042058
-0.05481952803153748,-0.01862713012717629,1.0,-14.396421649217412
-0.0564565554871271,-0.01862713012717629,1.0,-14.813973287433878
-0.05809401289189756,-0.01862713012717629,1.0,-15.231625546100418
-0.059731864886668304,-0.01862713012717629,1.0,-15.649370369107555
-0.06137007987885316,-0.01862713012717629,1.0,-16.06720053647962
-0.06300862955482205,-0.01862713012717629,1.0,-16.48510955882513
-0.0646474884659809,-0.01862713012717629,1.0,-16.90309158735618
-0.06628663367590658,-0.01862713012717629,1.0,-17.321141336866404
-0.06792604445829963,-0.01862713012717629,1.0,-17.708755674571375
-0.06944610068459363,-0.01862713012717629,1.0,-18.12585419350528
-0.07108178115100108,-0.01862713012717629,1.0,-18.543055759605235
-0.0727178657239421,-0.01862713012717629,1.0,-18.960353570556396
-0.07435432772767214,-0.01862713012717629,1.0,-19.37774140848878
-0.07599114277838738,-0.01862713012717629,1.0,-19.7952135786679
-0.07762828854379569,-0.01862713012717629,1.0,-20.212764855728235
-0.07926574453226759,-0.01862713012717629,1.0,-20.63039043639053
-0.08090349190741385,-0.01862713012717629,1.0,-21.04808589777067
-0.08254151332459085,-0.01862713012717629,1.0,-21.465847160524977
-0.08417979278637246,-0.01862713012717629,1.0,-21.883670456191094
-0.08581831551447487,-0.01862713012717629,1.0,-22.301552298178503
-0.08745706783599413,-0.01862713012717629,1.0,-22.719489455942394
-0.08909603708212704,-0.01862713012717629,1.0,-23.10724695700843
-0.0906166547333664,-0.01862713012717629,1.0,-23.52445448599942
-0.0922527626901938,-0.01862713012717629,1.0,-23.941738026981422
-0.09388916873326048,-0.01862713012717629,1.0,-24.3590936735837
-0.09552585754346549,-0.01862713012717629,1.0,-24.776517781990865
-0.09716281483133674,-0.01862713012717629,1.0,-25.194006949297698
-0.09880002725214784,-0.01862713012717629,1.0,-25.611557993965913
-0.1004374823292781,-0.01862713012717629,1.0,-26.029167938149012
-0.1020751683848981,-0.01862713012717629,1.0,-26.446833991680695
-0.10371307447717919,-0.01862713012717629,1.0,-26.864553537547145
-0.10535119034332215,-0.01862713012717629,1.0,-27.28232411868578
-0.10698950634778737,-0.01862713012717629,1.0,-27.700143425971238
-0.10862801343518133,-0.01862713012717629,1.0,-28.118009287266386
-0.11026670308731916,-0.01862713012717629,1.0,-28.505853390765786
-0.11178766035594426,-0.01862713012717629,1.0,-28.923127574601093
-0.11342402970431802,-0.01862713012717629,1.0,-29.340461888227562
-0.11506063485579436,-0.01862713012717629,1.0,-29.75785380180307
-0.1166974658894238,-0.01862713012717629,1.0,-30.175300925119263
-0.11833451343184025,-0.01862713012717629,1.0,-30.59280099812027
-0.1199717686200795,-0.01862713012717629,1.0,-31.01035188218188
-0.12160922306737991,-0.01862713012717629,1.0,-31.427951552081165
-0.12324686883169085,-0.01862713012717629,1.0,-31.84559808859377
-0.12488469838664225,-0.01862713012717629,1.0,-32.26328967166245
-0.12652270459475473,-0.01862713012717629,1.0,-32.68102457408614
-0.12816088068269074,-0.01862713012717629,1.0,-33.09880115568402
-0.1297992202183687,-0.01862713012717629,1.0,-33.51661785789349
-0.13143771708977842,-0.01862713012717629,1.0,-33.90451996935861
-0.13295890184062198,-0.01862713012717629,1.0,-34.321839107812785
-0.13459544748161878,-0.01862713012717629,1.0,-34.7392079513855
-0.13623218804464904,-0.01862713012717629,1.0,-35.15662472982426
-0.1378691165875461,-0.01862713012717629,1.0,-35.57408775576463
-0.1395062264931946,-0.01862713012717629,2.0,-33.983204498559026
-0.1332674686218001,-0.012159755986810851,2.0,-32.48482044763651
-0.12739145273582944,-0.006489600699728385,1.0,-32.55810826585209
-0.127678855944518,-0.0062629750230960915,1.0,-32.69840586408495
-0.12822904260425466,-0.0062629750230960915,1.0,-32.83877995452393
-0.12877952923342717,-0.0062629750230960915,1.0,-32.979229560415746
-0.1293303120016304,-0.0062629750230960915,1.0,-33.119753721054394
-0.1298813871413898,-0.0062629750230960915,1.0,-33.26035149146402
-0.13043275094691772,-0.0062629750230960915,1.0,-33.40102194208897
-0.1309843997728979,-0.0062629750230960915,1.0,-33.541764158490885
-0.1315363300332976,-0.0062629750230960915,1.0,-33.67253175279509
-0.1320491441286082,-0.0062629750230960915,2.0,-31.82669850601409
-0.12481058237652584,0.00020439911726938457,1.0,-31.714145369233947
-0.12436919752640763,0.0005444278996433277,1.0,-31.702049516034634
-0.12432176280797895,0.0005444278996433277,1.0,-31.690035794724714
-0.12427465017539104,0.0005444278996433277,1.0,-31.6781042987482
-0.12422785999509098,0.0005444278996433277,1.0,-31.666255121049883
-0.12418139263156817,0.0005444278996433277,1.0,-31.65460848457082
-0.12413571954733656,0.0005444278996433277,1.0,-31.642102102094693
-0.12408667491017526,0.0005444278996433277,1.0,-31.62967768891933
-0.12403795172125227,0.0005444278996433277,1.0,-31.617335341677197
-0.12398955035951842,0.0005444278996433277,1.0,-31.60507515651295
-0.12394147120201157,0.0005444278996433277,1.0,-31.59289722907996
-0.12389371462384298,0.0005444278996433277,1.0,-31.58080165453685
-0.1238462809981837,0.0005444278996433277,1.0,-31.568788527544093
-0.12379917069625135,0.0005444278996433277,1.0,-31.556857942260596
-0.12375238408729645,0.0005444278996433277,1.0,-31.545009992340223
-0.1237059215385891,0.0005444278996433277,1.0,-31.53336368631069
-0.123660249750238,0.0005444278996433277,1.0,-31.520856005204557
-0.12361120002041001,0.0005444278996433277,1.0,-31.50843060779378
-0.12356247297174032,0.0005444278996433277,1.0,-31.49608759146262
-0.1235140689861279,0.0005444278996433277,1.0,-31.48382705310185
-0.12346598844353666,0.0005444278996433277,1.0,-31.471649089105323
-0.12341823172198166,0.0005444278996433277,1.0,-31.459553795366407
-0.12337079919751533,0.0005444278996433277,1.0,-31.44754126727455
-0.12332369124421391,0.0005444278996433277,1.0,-31.43561159971175
-0.1232769082341637,0.0005444278996433277,1.0,-31.423764887049117
-0.12323045053744752,0.0005444278996433277,1.0,-31.412118914028742
-0.12318478005501468,0.0005444278996433277,1.0,-31.399609924273985
-0.12313572519323131,0.0005444278996433277,1.0,-31.387183535030047
-0.12308699425501979,0.0005444278996433277,1.0,-31.374839844441766
-0.12303858762526183,0.0005444278996433277,1.0,-31.362578950154813
-0.12299050568688161,0.0005444278996433277,1.0,-31.35040094931211
-0.12294274882083181,0.0005444278996433277,1.0,-31.338305938550338
-0.12289531740607976,0.0005444278996433277,1.0,-31.32629401399633
-0.12284821181959345,0.0005444278996433277,0.0,-33.30374272865098
-0.13060291266137639,-0.005922946240722148,2.0,-31.812462193712935
-0.12475475370083504,-0.000612580263796153,1.0,-31.718548386377314
-0.1243864642603032,-0.0002725514814222098,1.0,-31.724075485330644
-0.12440813915815938,-0.0002725514814222098,1.0,-31.72987767823372
-0.12443089285581851,-0.0002725514814222098,1.0,-31.735761937765417
-0.1244539683833938,-0.0002725514814222098,1.0,-31.741728218285374
-0.12447736556190343,-0.0002725514814222098,1.0,-31.747776473551585
-0.1245010842100062,-0.0002725514814222098,1.0,-31.75390665672218
-0.12452512414400854,-0.0002725514814222098,1.0,-31.760118720357177
-0.12454948517787127,-0.0002725514814222098,1.0,-31.76641261642031
-0.12457416712321692,-0.0002725514814222098,1.0,-31.77278829628084
-0.12459916978933663,-0.0002725514814222098,1.0,-31.779245710715376
-0.12462449298319755,-0.0002725514814222098,1.0,-31.78477347136812
-0.12464617047595342,-0.0002725514814222098,1.0,-31.79057621738771
-0.12466892634269691,-0.0002725514814222098,2.0,-29.819111636209353
-0.11693769269101709,0.006194822658943266,1.0,-29.57227273932062
-0.11596969701694362,0.006534851441317211,1.0,-29.4258929554261
-0.1153956586487298,0.006534851441317211,1.0,-29.279598771510365
-0.1148219559667073,0.006534851441317211,1.0,-29.13339147710189
-0.11424859402785055,0.006534851441317211,1.0,-28.9971677787969
-0.11371438344626235,0.006534851441317211,1.0,-28.85026037439537
-0.11313827597802106,0.006534851441317211,1.0,-28.70343489706632
-0.11256248979241694,0.006534851441317211,1.0,-28.5566926105046
-0.11198702984511608,0.006534851441317211,1.0,-28.41003480379033
-0.11141190119133464,0.006534851441317211,1.0,-28.263462792009648
-0.11083710898827312,0.006534851441317211,1.0,-28.116977916893124
-0.1102626584976201,0.006534851441317211,1.0,-27.970581547472396
-0.10968855508812705,0.006534851441317211,1.0,-27.824275080755612
-0.1091148042382573,0.006534851441317211,1.0,-27.67805994242223
-0.1085414115389107,0.006534851441317211,1.0,-27.542079236539546
-0.10800815386878253,0.006534851441317211,1.0,-27.39512797597142
-0.1074318744155742,0.006534851441317211,1.0,-27.24826254477315
-0.10685593154813,0.006534851441317211,1.0,-27.10148433829649
-0.10628033073841761,0.006534851441317211,1.0,-26.954794781448026
-0.10570507757430599,0.006534851441317211,1.0,-26.80819532945162
-0.10513017776255537,0.006534851441317211,1.0,-26.661687468633566
-0.10455563713189633,0.006534851441317211,1.0,-26.51527271723145
-0.10398146163620177,0.006534851441317211,1.0,0.0
