Lateral Error,Yaw Error,Action,Reward
-0.0012263505352325633,-0.001649422992362266,1.0,-0.20903218641537125
-0.0008197340643740048,-0.001649422992362266,0.0,-2.5822436623378535
-0.01012644573465825,-0.00811679713272774,2.0,-1.0098259464159063
-0.0039601017506506134,-0.002806431155801746,2.0,-0.877257297767824
0.0034402246971287215,0.0028637241312807348,1.0,-0.6354669902824819
0.0024920274128724775,0.003090349807913029,1.0,-0.8371177123163022
0.0032828145581031455,0.003090349807913029,1.0,-1.0483189295986977
0.004111054625877245,0.003090349807913029,1.0,-0.7543795063311086
0.0029583510052200333,0.003090349807913029,1.0,-0.9731915541900056
0.0038164374674117866,0.003090349807913029,1.0,-1.1943089667533457
0.004683564575503316,0.003090349807913029,1.0,-1.4166526604409453
0.005555500629180177,0.003090349807913029,1.0,-1.135210283665404
0.004451805033981977,0.003090349807913029,1.0,-1.3597941344555686
0.005332526017472818,0.003090349807913029,1.0,-1.5672700176890262
0.006146156932113829,0.003090349807913029,1.0,-1.2711475139200175
0.004984892211451049,0.003090349807913029,1.0,-1.4838358053020195
0.005818963942360861,0.003090349807913029,1.0,-1.6997000139418226
0.006665490250752246,0.003090349807913029,1.0,-1.9176679386790747
0.00752026642619245,0.003090349807913029,1.0,-1.627455923588588
0.006382180092504267,0.003090349807913029,1.0,-1.8484831123276515
0.007248953381677065,0.003090349807913029,1.0,-2.0703684684721537
0.008119092033224133,0.003090349807913029,1.0,-1.7862591411860373
0.007004937808572696,0.003090349807913029,1.0,-2.0099911307881486
0.007882318159953525,0.003090349807913029,1.0,-2.2140592837655095
0.00868258542653141,0.003090349807913029,1.0,-2.4286761890068664
0.009524220349046536,0.003090349807913029,1.0,-2.1351803960357785
0.008373256455042267,0.003090349807913029,1.0,-2.352703060381673
0.009226286511300679,0.003090349807913029,1.0,-2.571514495854409
0.010084370571978075,0.003090349807913029,1.0,-2.2817422639283707
0.008948008878150473,0.003090349807913029,1.0,-2.5027244592144244
0.009814605722409508,0.003090349807913029,1.0,-2.7243660590767704
0.010683788466967726,0.003090349807913029,1.0,-2.4390500291092794
0.00956490207493835,0.003090349807913029,1.0,-2.662200705673846
0.010440002767348416,0.003090349807913029,1.0,-2.864263554459574
0.011232406095919899,0.003090349807913029,1.0,-3.0804902458605565
0.012080353905335515,0.003090349807913029,1.0,-2.7879106771613382
0.010932983047691521,0.003090349807913029,1.0,-3.006271317921907
0.011789299285968263,0.003090349807913029,1.0,-3.2255460429880554
0.01264920016858061,0.003090349807913029,1.0,-2.936035886780872
0.011513866222670085,0.003090349807913029,1.0,-3.1569912281528754
0.012380357757462258,0.003090349807913029,1.0,-3.3784817960364286
0.0132489482197507,0.003090349807913029,1.0,-3.6004088133170513
0.014119250248302162,0.003090349807913029,1.0,-3.3152352620030237
0.01300092259609029,0.003090349807913029,1.0,-3.515988751471929
0.01378819118224286,0.003090349807913029,1.0,-3.733175092642967
0.014639902324090067,0.003090349807913029,1.0,-3.441238230308943
0.013495051883564483,0.003090349807913029,1.0,-3.660102017333068
0.014353341244443405,0.003090349807913029,1.0,-3.8796690248238472
0.015214388332642539,0.003090349807913029,1.0,-3.5903328107055366
0.014079736512570731,0.003090349807913029,1.0,-3.8112703268351096
0.01494615814445141,0.003090349807913029,2.0,-6.0151890466872056
0.023588976653675316,0.009557723948278472,1.0,-6.488515683611588
0.025445159543574857,0.009897752730652411,1.0,-6.353111888872154
0.02491416427008688,0.009897752730652411,2.0,-8.709324779056939
0.03415421481983113,0.01636512687101785,1.0,-9.334785469759181
0.036607001842192864,0.01670515565339179,1.0,-9.351896825135416
0.03667410519660948,0.01670515565339179,1.0,-9.877236726744325
0.03873426167350716,0.01670515565339179,1.0,-10.402625560153
0.04079461003981569,0.01670515565339179,1.0,-10.890947262008202
0.042709597105914515,0.01670515565339179,1.0,-10.905747137692812
0.04276763583408946,0.01670515565339179,1.0,-11.430046118680378
0.044823710269334814,0.01670515565339179,1.0,-11.9544790760392
0.04688031010211451,0.01670515565339179,1.0,-11.970176937640213
0.04694187034368711,0.01670515565339179,1.0,-12.49492591379117
0.048999709465847724,0.01670515565339179,1.0,-13.019761646216107
0.05105788880869061,0.01670515565339179,1.0,-13.036208683307354
0.05112238699336217,0.01670515565339179,1.0,-13.561274959837135
0.05318147043073386,0.01670515565339179,1.0,-14.086397775808644
0.055240775591406444,0.01670515565339179,1.0,-14.611571035338429
0.05730027856995462,0.01670515565339179,1.0,-14.628771961811655
0.05736773318357512,0.01670515565339179,1.0,-15.116160639811492
0.059279061332594085,0.01670515565339179,1.0,-15.640509543051563
0.06133533154137868,0.01670515565339179,1.0,-15.655985876148193
0.061396023043718405,0.01670515565339179,1.0,-16.18059152195216
0.0634533000860869,0.01670515565339179,1.0,-16.70527378724522
0.06551087759704008,0.01670515565339179,1.0,-17.230025672465136
0.06756872812731426,0.01670515565339179,1.0,-17.246233129038934
0.06763228678054485,0.01670515565339179,1.0,-17.7711730472854
0.06969087469523687,0.01670515565339179,1.0,-18.29616374741994
0.071749661754588,0.01670515565339179,1.0,-18.31287410297097
0.07181519256067047,0.01670515565339179,1.0,-18.838014658544154
0.07387456728840844,0.01670515565339179,1.0,-19.363192316873214
0.07593408751714986,0.01670515565339179,1.0,-19.341940363226602
0.07585074652245725,0.01670515565339179,1.0,-19.86645201927464
0.0779076549775476,0.01670515565339179,1.0,-20.391031281279083
0.07996482855403561,0.01670515565339179,1.0,-20.915673062430873
0.08202224730365049,0.01670515565339179,1.0,-20.931625382916753
0.08208480542320296,0.01670515565339179,1.0,-21.456434607818174
0.08414288081497324,0.01670515565339179,1.0,-21.981292342554017
0.08620114644138831,0.01670515565339179,1.0,-21.997676062179753
0.08626539632227355,0.01670515565339179,1.0,-22.52267304460686
0.08832420801806613,0.01670515565339179,1.0,-23.047707740084668
0.09038316760817518,0.01670515565339179,1.0,-23.57277762867351
0.09244226521048435,0.01670515565339179,1.0,-23.58963335234677
0.09250836608763438,0.01670515565339179,1.0,-24.076921450761034
0.09441929980690601,0.01670515565339179,1.0,-24.601483289832657
0.09647640505816729,0.01670515565339179,1.0,-24.617256764820397
0.09653826182282507,0.01670515565339179,1.0,-25.1419686203629
0.09859595537397216,0.01670515565339179,1.0,-25.66672600177052
0.10065382745792362,0.01670515565339179,1.0,-25.68287662600603
0.10071716323923934,0.01670515565339179,1.0,-26.207762424474854
0.10277553891950923,0.01670515565339179,1.0,-26.224181152095454
0.10283992608664885,-0.037592261082603,2.0,-27.254380951652184
0.1068799253005968,-0.031124886942237563,1.0,-26.967985753820226
0.10575680687772637,-0.03078485815986362,1.0,-26.121222799536525
0.1024361678413197,-0.03078485815986362,1.0,-25.275477391786488
0.09911951918347642,-0.03078485815986362,1.0,-24.88971362670322
0.0976067201047185,-0.03078485815986362,1.0,-24.042476043641557
0.0942842197789865,-0.03078485815986362,1.0,-23.196312554235156
0.0909659315852359,-0.03078485815986362,1.0,-22.85857642385536
0.0896414761719818,-0.03078485815986362,1.0,-21.963949340476155
0.08613313466853394,-0.03078485815986362,1.0,-21.117294272721068
0.08281291871655322,-0.03078485815986362,1.0,-20.779263413914265
0.08148730750554614,-0.03078485815986362,1.0,-19.88571169228802
0.07798318310701184,-0.03078485815986362,1.0,-19.038470559462016
0.07466066886063535,-0.03078485815986362,1.0,-18.700082953834983
0.07333365864249011,-0.03078485815986362,1.0,-17.855275595578075
0.0700206886101101,-0.03078485815986362,1.0,-16.9599129609258
0.06650946259186588,-0.03078485815986362,1.0,-16.62108478684996
0.06518072465431356,-0.03078485815986362,1.0,-15.775772835915125
0.06186577582711814,-0.03078485815986362,1.0,-14.881732983652423
0.05835973719079381,-0.03078485815986362,1.0,-14.542347095942477
0.05702881214095089,-0.03078485815986362,1.0,-13.696393434134661
0.05371134680052808,-0.03078485815986362,2.0,-14.835432516348753
0.058178166730779426,-0.024317484019498178,2.0,-15.879374986460512
0.06227205877043338,-0.01864732873241565,2.0,-17.982960813623635
0.0705214149553868,-0.011839167223536206,2.0,-19.31454296746681
0.07574330575477181,-0.006169011936453556,2.0,-21.12418637302484
0.08283994656088173,0.0006391495724258894,1.0,-21.10455351126069
0.08276295494612036,0.0009791783547998397,1.0,-21.486093947716313
0.08425919195182868,0.0009791783547998397,1.0,-21.268005133944452
0.08340394170174295,0.0009791783547998397,1.0,-21.648618644730316
0.08489654370482477,0.0009791783547998397,1.0,-21.530110561123017
0.08443180612205105,0.0009791783547998397,1.0,-21.311520600265446
0.08357459058927626,0.0009791783547998397,1.0,-21.69233360606564
0.08506797492574762,0.0009791783547998397,1.0,-21.574190427678
0.0846046683438353,0.0009791783547998397,1.0,-21.355102022819562
0.08374549812870417,0.0009791783547998397,1.0,-21.736112566882063
0.0852396571250277,0.0009791783547998397,1.0,-20.017053125679343
0.0784982475516837,-0.07674185594362197,2.0,-20.38797040472819
0.07995282511658114,-0.07027448180325652,1.0,-18.92187787520676
0.07420344264786966,-0.06993445302088257,2.0,-19.338508432980923
0.07583728797247422,-0.06346707888051711,2.0,-19.290648510285
0.07564960200111764,-0.05779692359343447,2.0,-20.08955597104579
0.07878257243547368,-0.050988762084554586,2.0,-20.838068185229123
0.08171791445187891,-0.04531860679747193,2.0,-21.92001704286061
0.08596085114847299,-0.03851044528859204,2.0,-22.321572277682783
0.08753557755954032,-0.0328402900015094,2.0,-23.85803916570458
0.09356093790472383,-0.026032128492629508,2.0,-25.02927149544601
0.09815400586449416,-0.020361973205546856,2.0,-26.397345800913246
0.10351900314083626,-0.01355381169666697,2.0,-27.85511693118286
0.10923575267130534,-0.007883656409584319,2.0,-29.999496118747444
0.11764508281861744,-0.0010754949007044325,1.0,-30.10824309801388
0.11807154156083874,-0.000735466118330491,1.0,-29.902208980978404
0.11726356463128787,-0.000735466118330491,1.0,-29.910321728736214
0.1172953793283773,-0.000735466118330491,1.0,-29.70459470046927
0.11648860666850694,-0.000735466118330491,1.0,-29.712443811756856
0.11651938749708571,-0.000735466118330491,1.0,-30.183485029041993
0.11836660795702743,-0.000735466118330491,1.0,-29.978069702702822
0.11756105765765812,-0.000735466118330491,1.0,-29.985653525348873
0.11759079813862303,-0.000735466118330491,1.0,-29.780549236936615
0.11678646759582986,-0.000735466118330491,1.0,-29.787866557862518
0.11681516297200986,-0.000735466118330491,1.0,-29.796708212266932
0.11684983612653699,-0.000735466118330491,1.0,-29.59012501965257
0.11603970595942185,-0.000735466118330491,1.0,-30.061170409387657
0.11788694278191239,-0.000735466118330491,1.0,-29.39242982761385
0.1152644306965249,-0.007547129478800027,1.0,-29.400748482575597
0.11529705287284549,-0.007547129478800027,2.0,-31.393507018425716
0.12311179222912046,-0.0010797553384341877,1.0,-31.198854276163534
0.12234844814181778,-0.000739726556060246,1.0,-31.13912020167022
0.12211419686929499,-0.000739726556060246,1.0,-31.30339095160173
0.12275839588863424,-0.000739726556060246,1.0,-31.24393844997107
0.12252524882341595,-0.000739726556060246,1.0,-31.407968927800294
0.12316850559921684,-0.000739726556060246,1.0,-31.348796196575215
0.12293645567284398,-0.000739726556060246,1.0,-31.512587793575943
0.12357877566108214,-0.000739726556060246,1.0,-30.99473701792267
0.12154798830557909,-0.000739726556060246,1.0,-31.159802557358383
0.12219530414650345,-0.000739726556060246,1.0,-31.09942250580991
0.1219585196306271,-0.000739726556060246,1.0,-31.264244704895447
0.12260488119566841,-0.000739726556060246,1.0,-31.204148566446758
0.12236921006449711,-0.000739726556060246,1.0,-31.368728834604063
0.12301462288080026,-0.000739726556060246,1.0,-31.30891479269442
0.12278005801056635,-0.000739726556060246,1.0,-31.473254528370152
0.1234245275622359,-0.000739726556060246,1.0,-30.955346317678337
0.12139351497128761,-0.000739726556060246,1.0,-30.895997699976235
0.12116077529402444,-0.000739726556060246,1.0,-31.05993798549157
0.12180367837447674,-0.000739726556060246,1.0,-31.000871953867644
0.12157204687791232,-0.000739726556060246,1.0,-31.164570907604027
0.12221400355923147,-0.000739726556060246,1.0,-31.105785637089642
0.12198347308662605,-0.000739726556060246,1.0,-31.2692446698811
0.12262448890149451,-0.000739726556060246,1.0,-30.75142979500712
0.12059384233336126,-0.000739726556060246,1.0,-30.91617056964716
0.12123988458685162,-0.000739726556060246,1.0,-30.8561711317783
0.12100459267364039,-0.000739726556060246,1.0,-31.02066745473391
0.12164967629307417,-0.000739726556060246,1.0,-30.960952982220036
0.12141550189105896,-0.000739726556060246,1.0,-32.2655817789708
0.12653169325086588,0.07337181430905035,1.0,-34.028423115462836
0.13344479653122682,0.07337181430905035,1.0,-35.79126625221762
0.14035790687144162,0.07337181430905035,1.0,-37.55411093571445
0.14727102327731156,0.07337181430905035,1.0,-39.316956957900814
0.15418414493294436,0.07337181430905035,1.0,-40.62275192887134
0.15930490952498563,0.07337181430905035,1.0,-42.16063639409086
0.16533582899643473,0.07337181430905035,1.0,-43.92349262479163
0.17224899068545735,0.07337181430905035,1.0,-45.68634911642827
0.17916215339775793,0.07337181430905035,1.0,-47.449205839917575
0.1860753170192846,0.07337181430905035,1.0,-49.21206277034342
0.19298848145232714,0.07337181430905035,1.0,-50.51654278290424
0.1981040893447225,0.07337181430905035,1.0,-52.27939594157786
0.20501723898657986,0.07337181430905035,1.0,-54.042249521260736
0.21193039027945387,0.07337181430905035,1.0,-55.80510348205444
0.21884354306688017,0.07337181430905035,1.0,-57.56795778894762
0.2257566972115593,0.07337181430905035,1.0,-58.873265991380244
0.23087555290737352,0.07337181430905035,1.0,-60.636093177619784
0.23778860069654817,0.07337181430905035,1.0,-62.17460844162524
0.24382199388872644,0.07337181430905035,1.0,-63.93746600536521
0.25073516080535374,0.07337181430905035,1.0,-65.70032367901776
0.2576483281530108,0.07337181430905035,1.0,-67.46318145396656
0.26456149589790806,0.07337181430905035,1.0,-68.76759148881219
0.26967682936789095,0.07337181430905035,1.0,-70.5304481592256
0.2765899927812768,0.07337181430905035,1.0,-72.29330497309499
0.28350315675723525,0.07337181430905035,1.0,-74.05616192017574
0.29041632125559114,0.07337181430905035,1.0,-75.81901899117605
0.29732948623990607,0.09683078702170747,1.0,-78.04032984646685
0.3060405092018308,0.09683078702170747,1.0,-80.48508492612773
0.3156277840240303,0.09683078702170747,1.0,-82.70636616736671
0.3243386908524185,0.09683078702170747,1.0,-84.69334529735235
0.33213076587197,0.09683078702170747,1.0,-86.91400793856668
0.34083924681790856,0.09683078702170747,0.0,-86.95655601734434
0.3410061020288013,0.09036341288134163,0.0,-86.66626933029681
0.3398677228639091,0.08469325759425898,0.0,-85.73084740431734
0.3361994015855582,0.0778850960853791,1.0,-87.43204496610326
0.34287076457295396,0.07754506730300516,0.0,-86.67894008904142
0.33991741211388793,0.07107769316263932,1.0,-88.2301039022904
0.34600040745996236,0.07073766438026537,0.0,-87.65377759958078
0.34374030431208147,0.06427029023989954,0.0,-86.90859988655994
0.3408180387708233,0.05860013495281688,1.0,-88.21944016269055
0.3459585888732963,0.05837350927618459,0.0,-87.12579385048893
0.34166977980583896,0.05190613513581875,1.0,-88.09391679832821
0.3454663403856008,0.05156610635344481,0.0,-87.36784493146463
0.34261899973123383,0.045098732213078974,1.0,-88.19491530108786
0.3458624129454426,0.04475870343070503,0.0,-86.86177259449272
0.340634402331344,0.03829132929033919,1.0,-87.54641721644278
0.3433192832017363,0.03795130050796525,0.0,-86.09125056261676
0.33761274730437946,0.03148392636759942,0.0,-85.25211007607322
0.33432200029832637,0.025813771080516766,0.0,-83.35722698094753
0.32689108619979423,0.01900560957163732,0.0,-82.30040436212305
0.32274668377303156,0.013335454284554672,0.0,-80.20421295625782
0.3145263253186581,0.006527292775675226,1.0,-80.30775782288356
0.3149323836191512,0.006187263993301276,1.0,-80.42537721859576
0.3153936361513559,0.006187263993301276,1.0,-80.62890478689017
0.3161917834780007,0.006187263993301276,1.0,-80.83261361537573
0.31699064162892443,0.006187263993301276,1.0,-81.03650233710155
0.3177902052435355,0.006187263993301276,1.0,-81.15421510500688
0.31825182394120344,0.006187263993301276,1.0,-80.85498618807361
0.3170783772081318,0.006187263993301276,1.0,-81.05879384076766
0.31787762290497124,0.006187263993301276,1.0,-82.26781722269831
0.3226188910694051,0.09873103472689786,1.0,-84.48237940842998
0.3313034486605097,0.09873103472689786,0.0,-83.97175278090924
0.3293009912976833,0.0922636605865324,1.0,-85.93864330385546
0.33701428746609985,0.09192363180415845,1.0,-88.08111755036275
0.3454161472563245,0.09192363180415845,0.0,-87.88676622762127
0.3446539852063579,0.085456257663793,1.0,-89.77005598636666
0.3520394352406536,0.08511622888141904,0.0,-88.9603519202422
0.3488641251774204,0.0786488547410536,0.0,-88.84790126615889
0.34842314222023096,0.07297869945397116,0.0,-87.74449274076004
0.34409604996376486,0.06617053794509171,1.0,-89.13845572462648
0.34956257146912345,0.06583050916271778,0.0,-88.56380385424133
0.34730903472251506,0.05936313502235234,1.0,-89.80647841075812
0.35218226827748284,0.0590231062399784,0.0,-88.58241465367531
0.34738201824970716,0.052555732099612944,1.0,-89.67328763521235
0.3516599515106366,0.052215703317238994,0.0,-88.85189291380303
0.34843879574040404,0.04574832917687352,1.0,-89.28038798569256
0.35011916857134334,0.04540830039449958,1.0,-90.31928023416786
0.3541932558202662,0.04540830039449958,0.0,-89.38825026725372
0.3505421579107989,0.038940926254134096,1.0,-90.17393858382235
0.35362328856400926,0.03860089747176016,0.0,-88.6232830855199
0.34754228660988196,0.03213352333139468,1.0,-89.2557502581806
0.35002255003208077,0.031793494549020744,0.0,-88.10421454058246
0.34550672368855867,0.025326120408655308,1.0,-88.5831647354952
0.34738495974704003,0.024986091626281366,1.0,-89.19333869978738
0.34977779882269566,0.11081158868646687,0.0,-89.46359617054324
0.3508376320413461,0.10434421454610142,1.0,-91.8217167630903
0.36008516377682465,0.10400418576372748,0.0,-91.51530519929749
0.3588835498011666,0.09753681162336204,1.0,-93.7151372416982
0.36751034212430667,0.09719678284098811,0.0,-93.30640680078932
0.3659074776501542,0.09072940870062267,0.0,-92.90269891315734
0.36432430946336214,0.08505925341354002,0.0,-92.20101370219193
0.36157260275369385,0.07825109190466058,0.0,-92.15839263457937
0.36140546131207596,0.07258093661757792,1.0,-93.39695935517544
0.36626258570657033,0.07235431094094562,0.0,-92.51159491019152
0.36279056827526085,0.06588693680058018,0.0,-92.25191137286043
0.36177220146219774,0.06021678151349752,1.0,-93.33002505447838
0.3660000982528564,0.059990155836865226,0.0,-92.23765159593451
0.3617162807683706,0.05352278169649977,1.0,-93.51531068161094
0.36672670855533707,0.05318275291412582,0.0,-92.43061187819957
0.3624729877576454,0.0467153787737601,1.0,-93.55460124303065
0.36688078918835554,0.04637534999138616,0.0,-92.36421062467348
0.36221259068499406,0.03990797585102032,1.0,-92.84449153271771
0.364096045226344,0.03956794706864638,1.0,-93.91464680511677
0.3682927325690854,0.03956794706864638,0.0,-92.61747479334302
0.36320578350330596,0.03310057292828054,1.0,-92.46007605202047
0.3625885335373352,-0.033531057344257015,1.0,-91.27660156221543
0.3579474571067272,-0.033531057344257015,1.0,-90.57937448615479
0.3552132332790384,-0.033531057344257015,1.0,-90.03628234956054
0.353083460194355,-0.033531057344257015,2.0,-91.21600364102243
0.35770981820008796,-0.027063683203891173,2.0,-92.13080701218765
0.3612972824007359,-0.02139352791680852,2.0,-93.77652806254373
0.367751090441348,-0.014585366407928697,1.0,-93.1264961375643
0.3652019456375071,-0.014245337625554745,1.0,-92.9949949590465
0.36468625474135885,-0.014245337625554745,2.0,-94.74415205863475
0.3715456943475872,-0.007777963485189296,1.0,-94.8584436043602
0.3719938964876871,-0.007437934702815345,1.0,-94.2614451401607
0.3696527260398459,-0.007437934702815345,1.0,-94.16186271123277
0.3692622067107167,-0.007437934702815345,1.0,-94.17569888246489
0.36931646620574465,-0.007437934702815345,1.0,-94.07595328031293
0.3689253069816193,-0.007437934702815345,1.0,-93.59312897224332
0.3670318783225228,-0.007437934702815345,1.0,-93.49296110743612
0.36663906316641615,-0.007437934702815345,1.0,-93.39327539859553
0.3662481388180217,-0.007437934702815345,1.0,-93.40725096716392
0.36630294496927024,-0.007437934702815345,0.0,-91.30447994709431
0.3580567841062522,-0.013905308843180796,2.0,-91.81821409872923
0.3600714278381539,-0.07986106927731973,2.0,-90.99946864784984
0.356860661364117,-0.0741909139902371,2.0,-91.19245737966551
0.35761747992025694,-0.06738275248135765,2.0,-91.3149789656754
0.3580979567281388,-0.06171259719427499,2.0,-91.35398499974468
0.3582509215676262,-0.054904435685395554,2.0,-91.74080875363582
0.3597678774652385,-0.0492342803983129,2.0,-92.14074146736489
0.36133624104848977,-0.042426118889433456,1.0,-91.45934143236555
0.3586640840484923,-0.042086090107059514,1.0,-90.67756686075954
0.3555983014147433,-0.042086090107059514,1.0,-89.89579312631821
0.352532522063993,-0.042086090107059514,1.0,-88.60704740734847
0.34747861728371954,-0.042086090107059514,1.0,-87.82526998564879
0.3444128234731325,-0.042086090107059514,1.0,-87.04349337735067
0.34134703285235557,-0.042086090107059514,1.0,-85.75476389982171
0.33629319176400674,-0.042086090107059514,2.0,-86.80219072308759
0.34040074793367686,-0.035618715966694074,2.0,-87.27138493933312
0.3422407252522867,-0.02994856067961164,2.0,-88.72498347956058
0.3479411116845513,-0.023140399170732198,2.0,-90.04493588331611
0.3531173956208475,-0.017470243883649768,2.0,-91.35204752057807
0.35824332361011,-0.010662082374770274,1.0,-91.38158893614884
0.3583591722986229,-0.048325967204039325,2.0,-91.76319655982165
0.3598556727836143,-0.041858593063673843,2.0,-92.58517114626515
0.36307910253437314,-0.036188437776591365,1.0,-91.83876084574537
0.36015200331664854,-0.03596181209995907,1.0,-91.0254807670916
0.356962669674869,-0.03596181209995907,1.0,-90.21226431827083
0.3537735855618464,-0.03596181209995907,1.0,-89.39911323570381
0.3505847577870738,-0.03596181209995907,2.0,-90.62765618920932
0.355402573291017,-0.02949443795959362,1.0,-90.06808931176276
0.35320819337946185,-0.02915440917721968,1.0,-89.40824203888631
0.3506205570152404,-0.02915440917721968,1.0,-88.74849024313377
0.3480332950711128,-0.02915440917721968,1.0,-88.08883606976688
0.34544641595987013,-0.02915440917721968,1.0,-87.42928172846926
0.3428599283469383,-0.02915440917721968,1.0,-86.74417968671398
0.3401732536733882,-0.02915440917721968,1.0,-86.08428017353098
0.33758541244521956,-0.02915440917721968,1.0,-85.4244790455766
0.33499795704147683,-0.02915440917721968,1.0,-84.76477860031528
0.3324108964718246,-0.02915440917721968,1.0,-84.1051812069381
0.3298242400272083,-0.02915440917721968,1.0,-83.44568930916958
0.3272379972908611,-0.02915440917721968,1.0,-82.7603465473907
0.32455037861721847,-0.02915440917721968,1.0,-82.10049231958988
0.3219627149787838,-0.02915440917721968,1.0,-81.44074202346752
0.3193754589155589,-0.02915440917721968,2.0,-82.3480493616896
0.3229335269085867,-0.022687035036854243,2.0,-83.69987560233804
0.32823480628367857,-0.017016879749771813,2.0,-85.55965004824664
0.3355280394048888,-0.010208718240892369,1.0,-85.43638937946744
0.33504466423320567,-0.009868689458518426,1.0,-85.21292261883612
0.3341683239954357,-0.009868689458518426,1.0,-84.93316197749482
0.3330712234411562,-0.009868689458518426,1.0,-84.70931877332264
0.3321934069542064,-0.009868689458518426,1.0,-84.48564466237328
0.33131625357793437,-0.009868689458518426,1.0,-84.26214099122222
0.3304397685930283,-0.009868689458518426,1.0,-84.0388091197383
0.3295639573323071,-0.009868689458518426,1.0,-83.75862207261464
0.32846518459848884,-0.009868689458518426,1.0,-83.53490849844468
0.32758787646448895,-0.009868689458518426,1.0,-83.31136709726572
0.3267112435186891,-0.009868689458518426,1.0,-83.08799925872928
0.3258352912107031,-0.009868689458518426,1.0,-82.80793510271644
0.32473700040280956,-0.009868689458518426,1.0,-82.58418118308231
0.3238595340513032,-0.009868689458518426,1.0,-82.3606012047996
0.3229827498227435,-0.009868689458518426,1.0,-82.13719658828937
0.32210665328740934,-0.009868689458518426,1.0,-81.85725820266765
0.32100885569673593,-0.009868689458518426,1.0,-81.63346302544502
0.3201312275507648,-0.009868689458518426,1.0,-81.40984359416619
0.3192542886045733,-0.009868689458518426,1.0,-81.1864013610524
0.31837804455314667,-0.009868689458518426,1.0,-80.90659172743972
0.31728075187231264,-0.009868689458518426,1.0,-80.68275434926075
0.31640295823239506,-0.009868689458518426,1.0,-80.45909455895631
0.3155258610155149,-0.009868689458518426,1.0,-80.23561384162522
0.3146494660455891,-0.009868689458518426,1.0,-80.01231369776227
0.31377377920691085,-0.009868689458518426,1.0,-79.73205549369398
0.3126747274262509,-0.009868689458518426,1.0,-79.50835440680088
0.31179746826196425,-0.009868689458518426,1.0,-79.284834307305
0.31092091885217654,-0.009868689458518426,1.0,-79.06149673025143
0.3100450852166723,-0.009868689458518426,1.0,-79.28837409273372
0.3109348003636616,-0.009868689458518426,1.0,-79.0645465302512
0.3100570452166714,-0.009868689458518426,1.0,-78.84090025634305
0.3091800010052669,-0.009868689458518426,0.0,-76.47736383444683
0.2999112307233209,-0.016336063598883867,2.0,-77.82786119474933
0.30520729880293856,-0.011025697621957901,1.0,-77.68619896743742
0.30465176065661737,-0.01068566883958396,1.0,-77.44434606568683
0.3037033179046542,-0.01068566883958396,1.0,-77.14707139569938
0.30253753488509566,-0.01068566883958396,1.0,-76.9048041733454
0.30158746734645253,-0.01068566883958396,1.0,-76.66272179679063
0.30063812469329665,-0.01068566883958396,1.0,-76.42082602267317
0.29968951381440456,-0.01068566883958396,1.0,-76.12369952704645
0.29852431187077044,-0.01068566883958396,1.0,-75.88138387545054
0.2975740544135316,-0.01068566883958396,1.0,-75.63925526052574
0.2966245304334343,-0.01068566883958396,1.0,-75.3973154842034
0.29567574699687615,-0.01068566883958396,1.0,-75.10034123907805
0.2945111421140315,-0.01068566883958396,1.0,-74.85797587804102
0.2935606897178079,-0.01068566883958396,1.0,-74.61579979624176
0.29261097959310495,-0.01068566883958396,1.0,-74.37381484267385
0.29166201899087785,-0.01068566883958396,1.0,-74.13202288900452
0.2907138152509981,-0.01068566883958396,1.0,-73.83458069260138
0.28954737526510343,-0.01068566883958396,1.0,-73.59235586587575
0.28859747398382646,-0.01068566883958396,1.0,-73.35032451237805
0.28764833142109036,-0.01068566883958396,1.0,-73.10848855363305
0.2866999551122865,-0.01068566883958396,1.0,-72.81119885936619
0.285534113173985,-0.01068566883958396,1.0,-72.56892395741838
0.28458401551928775,-0.01068566883958396,1.0,-72.32684493105594
0.283634686004141,-0.01068566883958396,1.0,-72.08496375367407
0.28268613236734935,-0.01068566883958396,1.0,-72.29501993363402
0.28350988209268246,-0.01068566883958396,1.0,-72.05260452807661
0.28255923344343764,-0.01068566883958396,1.0,-71.81038545849982
0.281609354739215,-0.01068566883958396,1.0,-71.5683647183676
0.28066025379751997,-0.01068566883958396,1.0,-71.32654432655697
0.2797119385355175,-0.01068566883958396,1.0,-71.02922196507062
0.27854596849047303,-0.01068566883958396,1.0,-70.78695164042706
0.2775958887859885,-0.01068566883958396,1.0,-70.54488217063722
0.27664659674759695,-0.01068566883958396,1.0,-70.30301563046977
0.27569810051164617,-0.01068566883958396,1.0,-70.00585365837736
0.2745327594446171,-0.01068566883958396,1.0,-69.76353062439578
0.27358247303684624,-0.01068566883958396,1.0,-69.52141103478777
0.2726329844501481,-0.01068566883958396,1.0,-69.27949702255977
0.271684302049254,-0.01068566883958396,1.0,-68.98250024248196
0.2705196087940469,-0.01068566883958396,1.0,-68.74012298220639
0.26956910973414266,-0.01068566883958396,1.0,-68.4979518223555
0.26861941891119806,-0.01068566883958396,1.0,-68.25598895665243
0.26767054492804876,-0.01068566883958396,1.0,-68.01423660813694
0.2667224965024978,-0.01068566883958396,1.0,-67.71672932021833
0.2655558012557582,-0.01068566883958396,1.0,-67.47450507590673
0.2646059022584578,-0.01068566883958396,1.0,-67.23249191420364
0.26365683103609266,-0.01068566883958396,1.0,-66.99069212280466
0.2627085965600183,-0.01068566883958396,1.0,-66.69335028200022
0.26154255012549105,-0.01068566883958396,1.0,-66.45107137142638
0.26059243675069166,-0.01068566883958396,1.0,-66.20900640643436
0.259643162378174,-0.01068566883958396,1.0,-65.96715774222946
0.2586947362440371,-0.01068566883958396,1.0,-166.13247613926
