Lateral Error,Yaw Error,Action,Reward
-0.0010645423998699285,-0.0002891869422620694,1.0,-0.22971481413128952
0.000900842408357998,-0.0002891869422620694,1.0,-0.22004899918942578
-0.0008629372517232383,-0.0002891869422620694,1.0,-0.04162721210801173
-0.00016324396905102642,-0.0002891869422620694,1.0,-0.15738248036013447
0.0006171861974907235,-0.0002891869422620694,1.0,-0.2982013607708065
-0.0011694171010619863,-0.0002891869422620694,1.0,-0.23294028407696865
-0.0009134913101057594,-0.0002891869422620694,1.0,-0.16286162846631
0.0006386730528090588,-0.0002891869422620694,1.0,-0.2538701061560145
-0.0009955690437490766,-0.0002891869422620694,1.0,-0.10461714452526223
-0.0004102633118637735,-0.0002891869422620694,1.0,-0.16481693071531223
0.0006463409047659304,-0.0002891869422620694,1.0,-0.3849772385021491
-0.0015097146607927416,-0.0002891869422620694,1.0,-0.20959127853542972
-0.0008219265824918812,-0.0002891869422620694,1.0,-0.09682299057730681
-0.0003796980022639483,-0.0002891869422620694,1.0,-0.2992896036238303
-0.001173684720093452,-0.0002891869422620694,1.0,-0.17103343635581758
-0.0006707193582581081,-0.0002891869422620694,1.0,-0.3159370609618032
-0.0012389688665168752,-0.0002891869422620694,1.0,-0.3921570044694641
-0.0015378706057626043,-0.0002891869422620694,1.0,-0.20661945555294003
-0.0008102723747174118,-0.0002891869422620694,1.0,-0.036348868815795216
-0.00014254458359135377,-0.0002891869422620694,1.0,-0.35184409922335724
-0.0013797807812680675,-0.0002891869422620694,1.0,-0.40541611537451205
-0.0015898671191157336,-0.0002891869422620694,1.0,-0.2687344064326527
-0.0010538604173829515,-0.0002891869422620694,1.0,-0.41044186607501226
-0.001609575945392205,-0.0002891869422620694,1.0,-0.2248342991416648
-0.0008817031338888816,-0.0002891869422620694,1.0,-0.04861642013327921
-0.00019065262797364395,-0.0002891869422620694,1.0,-0.40879094995101206
-0.001603101764513773,-0.0002891869422620694,1.0,-0.30521323209507106
-0.0011969146356669452,0.010997644997561708,1.0,-0.2982035394200629
0.0011694256447845604,0.010997644997561708,1.0,-0.392964047200309
0.001541035479216898,0.010997644997561708,1.0,-0.8985023046028556
0.003523538449422963,0.010997644997561708,1.0,-1.0851130960266993
0.004255345474614507,0.010997644997561708,1.0,-1.2717545472902072
0.0049872727344714,0.010997644997561708,1.0,-1.4584148873110827
0.005719274067886599,0.010997644997561708,1.0,-1.6450876864472952
0.0064513242605776285,0.010997644997561708,1.0,-1.8317691356344996
0.0071834083750372535,0.010997644997561708,1.0,-2.0184568348167358
0.007915516999281318,0.010997644997561708,1.0,-2.2051491966228425
0.008647643908324872,0.010997644997561708,1.0,-2.391845129247921
0.009379784820580082,0.010997644997561708,1.0,-2.578543857071312
0.010111936694397302,0.010997644997561708,1.0,-2.7652448139298906
0.010844097309528984,0.010997644997561708,1.0,-3.40136167749291
0.013338673245070234,0.010997644997561708,1.0,-3.84099744569626
0.015062735081161804,0.010997644997561708,1.0,-4.027415606537624
0.015793786692304405,0.010997644997561708,1.0,-4.213860073058059
0.01652494146297278,0.010997644997561708,1.0,-4.400327501497619
0.01725618628038282,0.010997644997561708,1.0,-4.586815091449786
0.017987510162548178,0.010997644997561708,1.0,-4.7733204798609625
0.01871890384259201,0.010997644997561708,1.0,-4.959841658900106
0.019450359446667086,0.010997644997561708,1.0,-5.146376911658812
0.02018187024179926,0.010997644997561708,1.0,-5.332924761323815
0.020913430436563983,0.010997644997561708,1.0,-5.51948393064246
0.021645035022127296,0.010997644997561708,1.0,-6.144258523030589
0.024095131462865054,0.010997644997561708,1.0,-6.330971315433056
0.024827338491894335,0.010997644997561708,1.0,-6.517684247754698
0.025559546069626266,0.010997644997561708,1.0,-6.704397308306033
0.026291754150219736,0.010997644997561708,1.0,-7.156498886483906
0.02806470151562316,0.010997644997561708,1.0,-7.342914460044347
0.02879574298056607,0.010997644997561708,1.0,-7.529344883879681
0.029526842681881098,0.010997644997561708,1.0,-7.715789081544059
0.030257996398211993,0.010997644997561708,1.0,-7.902246078105762
0.030989200306297104,0.010997644997561708,1.0,-8.088714988463547
0.03172045093515116,0.010997644997561708,1.0,-8.27519500723967
0.03245174512643008,0.010997644997561708,1.0,-8.895537639859159
0.03488446133278102,0.010997644997561708,1.0,-9.082224440836383
0.03561656643465248,0.03495987725573835,1.0,-9.969688741808039
0.03909681859532564,0.03495987725573835,1.0,-10.859678167376956
0.04258697320539983,0.03495987725573835,1.0,-11.479104407899005
0.045016095717251,0.03495987725573835,1.0,-12.367411629898482
0.048499653450582283,0.03495987725573835,0.0,-11.00653934375439
0.04316289938727212,0.028492503115372544,1.0,-11.641632220095218
0.04565345968664791,0.028152474332998636,1.0,-12.114034971465582
0.047506019495943456,0.028152474332998636,1.0,-12.84812510792719
0.0503848043448125,0.028152474332998636,1.0,-13.322470515199456
0.05224498241254688,0.028152474332998636,1.0,-14.055391270454788
0.05511918145276388,0.028152474332998636,1.0,-14.79046847828172
0.05800183716973224,0.028152474332998636,1.0,-15.263247219312207
0.05985587144828317,0.028152474332998636,1.0,-15.99724905593057
0.06273431002325713,0.028152474332998636,1.0,-16.471563208321932
0.06459436552283111,0.028152474332998636,1.0,-17.204621002612477
0.06746910197102932,0.028152474332998636,1.0,-17.939445478207276
0.07035076658120501,0.028152474332998636,1.0,-18.412467984092594
0.07220575680036312,0.028152474332998636,1.0,-19.146410241228818
0.0750839617303091,0.028152474332998636,1.0,-19.620702271391128
0.07694393047604363,0.028152474332998636,1.0,-20.35385302887223
0.07981903148577345,0.028152474332998636,1.0,-21.088500172452765
0.08270000067628536,0.028152474332998636,1.0,-21.56169353395199
0.08455566091745878,0.028152474332998636,1.0,-22.29559288498146
0.08743369758816258,0.028152474332998636,1.0,-22.769868465119426
0.08929360182399775,0.028152474332998636,1.0,-23.503086427058236
0.09216896638062053,0.028152474332998636,1.0,-24.237602277885294
0.09504942069758938,0.028152474332998636,1.0,-24.710922039420943
0.09690557662518016,0.028152474332998636,1.0,-25.444789019751784
0.09978348635196779,0.028152474332998636,1.0,-25.9190519003792
0.10164334078580077,0.028152474332998636,1.0,-26.652320710850855
0.10451890474843473,0.028152474332998636,1.0,-27.386735439584598
0.10739896250817489,0.028152474332998636,1.0,-27.860152498219673
0.10925549999301831,0.028152474332998636,1.0,-28.593994188045237
0.11213331054135386,0.028152474332998636,1.0,-29.068246973453682
0.11399312538609288,0.028152474332998636,1.0,-29.80155559949461
0.11686884548821415,0.028152474332998636,1.0,-30.53589004915508
0.11974858842805913,0.028152474332998636,1.0,-31.449961468549777
0.12333318222960696,0.0664748332653378,1.0,-32.88059293581907
0.12894350170909438,0.0664748332653378,1.0,-34.053289758950505
0.13354231278019807,0.0664748332653378,1.0,-35.92453294037984
0.1408805213348229,0.0664748332653378,1.0,-37.097202469025774
0.14547922536872854,0.0664748332653378,1.0,-38.9684744630945
0.15281754691409608,0.0664748332653378,1.0,-40.141120792421184
0.15741615997027916,0.0664748332653378,1.0,-42.01241717397693
0.1647545771528507,0.0664748332653378,1.0,-43.18504354216414
0.16935311193005545,0.0664748332653378,1.0,-45.05636083221443
0.17669161110672324,0.0664748332653378,1.0,-46.228969843902824
0.18129007781922674,0.0664748332653378,1.0,-48.1003052579498
0.18862864807039137,0.0664748332653378,1.0,-49.272899039339926
0.193227055056235,0.0664748332653378,1.0,-50.885698724181005
0.1995517597026706,0.0664748332653378,1.0,-52.31683062338977
0.20516404166035204,0.0664748332653378,1.0,-53.929495644020584
0.21148821821184544,0.0664748332653378,1.0,-55.36076420204913
0.2171010360864672,0.0664748332653378,1.0,-56.97330889119685
0.22342474074979157,0.0664748332653378,1.0,-58.40469946345311
0.22903803711158086,0.0664748332653378,1.0,-60.017135981550965
0.23536131757470966,0.0664748332653378,1.0,-61.448636157531105
0.24097504375502393,0.0664748332653378,1.0,-62.62130186074903
0.2455737327872511,0.0664748332653378,1.0,-64.49257408142401
0.2529120552212706,0.0664748332653378,1.0,-65.66522584450465
0.25751068958629275,0.0664748332653378,1.0,-67.53651306884488
0.26484907085821524,0.0664748332653378,1.0,-68.70915210878032
0.26944765532855025,0.0664748332653378,1.0,-70.58045298219265
0.27678609012624567,0.0664748332653378,1.0,-71.75308036334178
0.28138462887585014,0.0664748332653378,1.0,-73.62439370662229
0.2887231125749893,0.0664748332653378,1.0,-74.79701036519991
0.29332160927529377,0.0664748332653378,1.0,-76.40941124981407
0.2996447499992708,0.0664748332653378,1.0,-77.84094190937326
0.3052585957230324,0.0664748332653378,1.0,-79.45326666880773
0.311581437916893,0.0664748332653378,1.0,-80.88487482173652
0.3171955875362217,0.0664748332653378,1.0,-82.49712904682981
0.3235181531248228,0.0664748332653378,1.0,-83.92880895342843
0.32913258413109187,0.0664748332653378,1.0,-85.54099764099944
0.33545489270980167,0.0664748332653378,1.0,-88.11030439441684
0.34553060546830133,0.12075048614947778,2.0,-93.72321119181086
0.3675420046737681,0.12721786028984358,2.0,-99.00290374038617
0.3882466813348477,0.13288801557692537,2.0,-105.34713114783408
0.4131260045013101,0.13969617708580526,2.0,-111.24768531669864
0.43626543261450446,0.145366332372887,2.0,-118.25070049463189
0.4637282372338505,0.1521744938817669,2.0,-124.79847956300947
0.4894058022078802,0.15784464916884866,2.0,-132.08440882665803
0.5179780738300315,0.16465281067772855,0.0,-133.5742779275343
0.5238206977550364,0.15934244470080225,0.0,-134.14837921494907
0.5260720753527415,0.15367228941372046,0.0,-134.41014371367334
0.5270986027987189,0.14686412790484057,0.0,-134.80133855348856
0.528632700209759,0.14119397261775882,0.0,-134.90487979164214
0.5290387442809495,0.13438581110887893,0.0,-135.10667106900704
0.529830082623557,0.12871565582179717,0.0,-135.04491464347285
0.5295879005626387,0.12190749431291728,0.0,-135.05187672408263
0.5296152028395398,0.11623733902583551,0.0,-134.5752588565241
0.5277461131628396,0.10942917751695562,0.0,-134.84231554790847
0.5287933943055234,0.10375902222987297,0.0,-133.99000174432234
0.5254509872326366,0.09695086072099308,0.0,-133.8441927114865
0.5248791871038686,0.09128070543391044,2.0,-138.30573734357884
0.5423754405630543,0.09684063774675598,2.0,-143.20778850113757
0.5615991705926964,0.10251079303383863,2.0,-148.8785563592084
0.5838374759184644,0.10931895454271852,2.0,-153.71886679960772
0.6028190854886577,0.11498910982980046,2.0,-160.04496612686359
0.6276273181445631,0.12179727133868035,2.0,-165.70500364146696
0.6498235436920273,0.1274674266257621,2.0,-172.27391901925537
0.6755839961539426,0.134275588134642,2.0,-178.86776744018943
0.7014422252556447,0.13994574342172378,2.0,-185.86587945212537
0.7288858017730406,0.14675390493060367,2.0,-193.15027457838835
0.7574520571701504,0.15242406021768543,2.0,-201.17879670935267
0.788936457683736,0.15923222172656532,2.0,-211.3313372542737
0.8287503421736224,0.227999264561208,2.0,-223.71811194131013
0.8773259291816083,0.2348074260700879,2.0,-235.72697060950287
0.9244194925862856,0.24047758135716968,2.0,-249.57975922377062
0.9787441538187084,0.24728574286604957,2.0,-263.03046524449843
1.0314920205666607,0.2529558981531313,2.0,-278.0734756416091
1.0904842182023886,0.2597640596620112,2.0,-293.0336010032591
1.149151376483369,0.265434214949093,2.0,-310.38893537978356
1.2172115112932687,0.2722423764579729,2.0,-326.95187640154273
1.2821642211825206,0.27791253174505465,2.0,-346.3502732958336
1.3582363658660142,0.2847206932539345,2.0,-364.91230170635697
1.4310286341425762,0.29039084854101627,2.0,-387.2100633030991
1.5184708364827415,0.2971990100498962,2.0,-408.276374530478
1.6010838216881491,0.30286916533697794,2.0,-437.8876476580183
1.7172064614039932,0.3700438196569797,0.0,-435.9235487968717
1.7095041129289086,0.3647334536800534,0.0,-432.7274354176585
1.6969703349712097,0.35906329839297163,0.0,-426.51586516684597
1.6726112359484155,0.3522551368840917,0.0,-424.06226355918625
1.662989268859554,0.34658498159700996,0.0,-418.32232841323196
1.6404797192675762,0.3397768200881301,0.0,-415.921932746733
1.6310664029283646,0.3341066648010483,2.0,-443.3693731625397
1.7387034241668224,0.3396665971138938,2.0,-473.72642556213
1.8577506884789412,0.3453367524009756,2.0,-509.63927762138826
1.9985854024368166,0.3521449139098555,2.0,-610.0634097080689
