Lateral Error,Yaw Error,Action,Reward
0.001117737295275458,0.0011141689969494557,1.0,-0.45832712687965793
0.0017973612818810113,0.0011141689969494557,1.0,-0.18580831869783737
0.0007286600733248524,0.0011141689969494557,1.0,-0.40134413059932966
0.0015738985513699202,0.0011141689969494557,1.0,-0.6185752377158045
0.0024257852459443315,0.0011141689969494557,1.0,-0.4931268564120267
0.0019338308094589284,0.0011141689969494557,1.0,-0.3843489130226247
0.0015072506393044105,0.0011141689969494557,1.0,-0.5919812849883194
0.002321495235248311,0.0011141689969494557,1.0,-0.3680833817023317
0.0014434642419699282,0.0011141689969494557,1.0,-0.5795945753311378
0.002272919903259364,0.0011141689969494557,1.0,-0.7945943627414359
0.003116056324476219,0.0011141689969494557,1.0,-0.3163880526471259
0.0012407374613612782,0.0011141689969494557,1.0,-0.5307593023317401
0.002081409028751922,0.0011141689969494557,1.0,-0.7472049972027893
0.002930215675305056,0.0011141689969494557,1.0,-0.5513088063869519
0.002161995319164517,0.0011141689969494557,1.0,-0.7604459296140013
0.002982140900447064,0.0011141689969494557,1.0,-0.7466961624329462
0.0029282202448350832,0.0011141689969494557,1.0,-0.47716455595153134
0.001871233552751103,0.0011141689969494557,1.0,-0.6951130603070589
0.0027259335698316036,0.0011141689969494557,1.0,-0.9130630610434148
0.003580639455072215,0.0011141689969494557,1.0,-0.734773981331727
0.002881466593457753,0.0011141689969494557,1.0,-0.6785212347115406
0.0026608675871040805,0.0011141689969494557,1.0,-0.8899733670584429
0.0034900916355233057,0.0011141689969494557,1.0,-0.6502045882509384
0.0025498219147095627,0.0011141689969494557,1.0,-0.8672682835978653
0.003401052092540648,0.0011141689969494557,1.0,-1.0846881480713708
0.004253679012044592,0.0011141689969494557,1.0,-0.9183352257271826
0.0036013146106948337,0.0011141689969494557,1.0,-1.1249268557006171
0.0044114778654926155,0.012401000936773232,0.0,-0.7449689468187708
-0.002921446850269689,0.005933626796407429,0.0,-2.3719795409744386
-0.009301880552840936,0.0002634715093256604,0.0,-4.509458942129617
-0.017684152714233795,-0.006544689999554226,1.0,-4.369095917945609
-0.01713370948213964,-0.006884718781928168,1.0,-4.580541244867238
-0.01796290684261662,-0.006884718781928168,1.0,-4.791990673861088
-0.018792120289651326,-0.006884718781928168,1.0,-5.003443684856983
-0.019621347783752876,-0.006884718781928168,1.0,-5.214899842127643
-0.020450587616186837,-0.006884718781928168,1.0,-5.426358777857535
-0.021279838344539354,-0.006884718781928168,1.0,-5.637820179409825
-0.022109098742783627,-0.006884718781928168,1.0,-5.849283779353711
-0.022938367762171417,-0.006884718781928168,1.0,-6.06074934757916
-0.02376764450031043,-0.006884718781928168,1.0,-6.272216685006381
-0.02459692817649561,-0.006884718781928168,1.0,-5.791438030449967
-0.02271152168803909,-0.006884718781928168,1.0,-6.002699620156865
-0.023539998510419078,-0.006884718781928168,1.0,-6.21397687200729
-0.024368536752969763,-0.006884718781928168,1.0,-6.425268240982033
-0.025197130356792292,-0.006884718781928168,1.0,-6.636572378722594
-0.02602577403420625,-0.006884718781928168,1.0,-6.847888103218097
-0.026854463149874892,-0.006884718781928168,1.0,-7.059214373929206
-0.027683193623251785,-0.006884718781928168,1.0,-7.2705502712450745
-0.0285119618480199,-0.006884718781928168,1.0,-7.481894979417732
-0.029340764625167576,-0.006884718781928168,1.0,-7.693247772306012
-0.0301695991070824,-0.006884718781928168,1.0,-7.904608001404412
-0.030998462750605537,-0.006884718781928168,1.0,-7.671655002434642
-0.030084921578175067,-0.006884718781928168,1.0,-7.883146324797783
-0.030914299312932485,-0.006884718781928168,1.0,-8.0946376723536
-0.03174367714648471,-0.006884718781928168,1.0,-8.306129043177702
-0.032573055071285106,-0.006884718781928168,1.0,-8.271771452449691
-0.032438319421371334,-0.006884718781928168,1.0,-8.482949273573292
-0.033266467739503106,-0.006884718781928168,1.0,-8.694142359151673
-0.03409467591824185,-0.006884718781928168,1.0,-8.905349623181177
-0.03492293969874972,-0.006884718781928168,1.0,-9.11657008022822
-0.035751255216581256,-0.006884718781928168,1.0,-9.327802834057481
-0.03657961895708816,-0.006884718781928168,1.0,-9.539047067768994
-0.037408027716741156,-0.006884718781928168,1.0,-9.302047766284412
-0.03647861869131142,-0.006884718781928168,1.0,-9.513492788051877
-0.0373078148551054,0.01707751347624847,1.0,-9.032782392503709
-0.03542267604903415,0.01707751347624847,1.0,-8.797466327089442
-0.034499867949370364,0.01707751347624847,0.0,-10.29830927700303
-0.04038552657648247,0.010610139335882632,1.0,-10.073041045720602
-0.03950212174792393,0.010270110553508691,1.0,-9.984735852168928
-0.039155826871250694,0.010270110553508691,1.0,-9.658203393319836
-0.03787530742478367,0.010270110553508691,0.0,-11.31892845643041
-0.044387954731099646,0.003802736413142851,1.0,-11.478085934260507
-0.045012101702982386,0.0034627076307689095,1.0,-11.307027628603883
-0.044341284818054445,0.0034627076307689095,1.0,-11.13988949668512
-0.04368584116347106,0.0034627076307689095,1.0,-11.19486720647647
-0.04390144002539793,0.0034627076307689095,1.0,-11.027060456076924
-0.04324337433755657,0.0034627076307689095,1.0,-11.08282574783271
-0.0434620617562067,0.0034627076307689095,1.0,-10.91433843231677
-0.04280132718555596,0.0034627076307689095,1.0,-10.970906897451886
-0.04302316430373289,0.0034627076307689095,1.0,-10.801726775746081
-0.04235971284606306,0.0034627076307689095,1.0,-10.85911444630006
-0.04258476253451004,0.0034627076307689095,1.0,-10.689228974539946
-0.04191854499819586,0.0034627076307689095,1.0,-10.747452338702386
-0.04214687191647994,0.0034627076307689095,1.0,-10.576848661674674
-0.041477837888920295,0.0034627076307689095,1.0,-10.410454868825889
-0.04082531321108192,0.0034627076307689095,1.0,-10.464589622309457
-0.04103760636199787,0.0034627076307689095,1.0,-10.29748635610785
-0.040382299435717056,0.0034627076307689095,1.0,-10.352455801609382
-0.04059786588866425,0.0034627076307689095,1.0,-10.184629435681275
-0.03993972327718147,0.0034627076307689095,1.0,-10.240451313040664
-0.04015863260015946,0.0034627076307689095,1.0,-10.071887858768838
-0.03949759944615231,0.0034627076307689095,1.0,-10.128580447169693
-0.039719923322234084,0.0034627076307689095,1.0,-9.959265542530508
-0.039055943304041205,0.0034627076307689095,1.0,-9.794470151217215
-0.038409686867518486,0.0034627076307689095,1.0,-9.846766579096315
-0.038614770898416924,0.0034627076307689095,1.0,-9.681231005747502
-0.03796561178724511,0.0034627076307689095,1.0,-9.734395245177398
-0.038174099000695676,0.0034627076307689095,1.0,-9.568104244820926
-0.037521977430670296,0.0034627076307689095,1.0,-9.622156012298284
-0.03773394514626778,0.0034627076307689095,1.0,-9.455093902358936
-0.03707879961709386,0.0034627076307689095,1.0,-8.828605682607632
-0.03462198306904954,0.04178506656310807,1.0,-8.202118211918565
-0.03216516945850417,0.04178506656310807,1.0,-7.117334580379436
-0.027911116001487983,0.04178506656310807,1.0,-6.491268057706414
-0.02545595316747613,0.04178506656310807,1.0,-5.182652731336289
-0.020324128358181526,0.04178506656310807,1.0,-4.556159712783995
-0.017867292991309784,0.04178506656310807,0.0,-5.454748625025106
-0.021391171078529825,0.035317692422742235,1.0,-4.866244180952283
-0.019083310513538364,0.03497766364036829,1.0,-3.9232356422746792
-0.015385237812841878,0.03497766364036829,1.0,-2.9924311035665836
-0.011735023935555231,0.03497766364036829,1.0,-2.518932507695821
-0.009878166696846356,0.03497766364036829,1.0,-1.3593132797819136
-0.00533064031287025,0.03497766364036829,1.0,-0.8847192361376018
-0.003469487200539615,0.03497766364036829,1.0,-0.18202518323642883
0.0007138242479859954,0.03497766364036829,0.0,-1.2792573537609842
-0.005016695504945035,0.02851028950000245,0.0,-2.1922991833080214
-0.008597251699247143,0.022840134212919798,0.0,-4.079221554386225
-0.015996947272102845,0.01603197270403991,0.0,-5.29469943900639
-0.020763527211789763,0.010361817416957261,1.0,-5.265949914176491
-0.02065078397716271,0.010135191740324973,0.0,-6.8439443452294855
-0.026838997432272492,0.003667817599959134,1.0,-6.695532500299032
-0.026256990197251102,0.003327788817585192,1.0,-6.926241706834843
-0.02716173218366605,0.003327788817585192,1.0,-6.5088086852045075
-0.025524739941978458,0.003327788817585192,1.0,-6.740027542218445
-0.026431480557719395,0.003327788817585192,1.0,-6.486819750048342
-0.02543850882371899,0.003327788817585192,1.0,-6.717885452710655
-0.026344648834159427,0.003327788817585192,0.0,-8.450206342318937
-0.033138064087525246,-0.003139585322780647,1.0,-8.774765190657622
-0.034410843884931853,-0.003479614105154589,1.0,-8.669835959959691
-0.03399935670572428,-0.003479614105154589,1.0,-8.567578359910831
-0.03359834650945424,-0.003479614105154589,1.0,-8.950305557442293
-0.03509923748016585,-0.003479614105154589,1.0,-8.850618112966233
-0.03470830632535778,-0.003479614105154589,1.0,-9.07679176626455
-0.035595261828488434,-0.003479614105154589,1.0,-8.971369097270754
-0.035181839597140205,-0.003479614105154589,1.0,-9.354174569291194
-0.036683037526632135,-0.003479614105154589,1.0,-9.251271513338494
-0.0362794961307392,-0.003479614105154589,1.0,-9.15091576365
-0.03588594417117647,-0.003479614105154589,1.0,-8.89020715444769
-0.03486355746842231,0.05079603877898539,0.0,-10.132791908602076
-0.039736438857263044,0.04432866463861955,0.0,-10.789848879853658
-0.04231313286217121,0.0386585093515369,0.0,-11.922976945096671
-0.046756772333712435,0.031850347842657015,0.0,-12.737741904967708
-0.04995192903908905,0.02618019255557436,0.0,-14.153582727565723
-0.05550424599045382,0.019372031046694917,0.0,-15.872016455889327
-0.06224320178780128,0.013701875759612264,1.0,-15.549018175409051
-0.06097654186434922,0.013475250082979966,1.0,-15.15993918610779
-0.05945074190630506,0.013475250082979966,1.0,-14.869083108834909
-0.05831012983856827,0.013475250082979966,1.0,-14.477940283464255
-0.05677623640574218,0.013475250082979966,1.0,-14.087646570070829
-0.05524567282380718,0.013475250082979966,1.0,-13.698274548002624
-0.053718723717657346,0.013475250082979966,1.0,-13.907607783541199
-0.05453963836682822,0.013475250082979966,1.0,-13.516802459467161
-0.053007068468498675,0.013475250082979966,1.0,-13.126928501110113
-0.05147815098474554,0.013475250082979966,1.0,-12.738071427646027
-0.049953221284886384,0.013475250082979966,1.0,-12.447139539499114
-0.04881231191960437,0.013475250082979966,1.0,-12.055821290362166
-0.047277730550439864,0.013475250082979966,1.0,-11.665516702319305
-0.045747124322820805,0.013475250082979966,1.0,-11.2763310325916
-0.04422090601016313,0.013475250082979966,1.0,-11.485581890571417
-0.04504149761008398,0.013475250082979966,1.0,-11.09465672059003
-0.04350845772780404,0.013475250082979966,1.0,-10.704864913113179
-0.04197986240436541,0.013475250082979966,1.0,-10.316334937652345
-0.0404562154417739,0.013475250082979966,1.0,-10.025294420353802
-0.03931488007981883,0.013475250082979966,1.0,-9.63371654136819
-0.03777928055438505,0.013475250082979966,1.0,-9.243395981004042
-0.03624861169021193,0.013475250082979966,1.0,-9.356811935738337
-0.03669338014015034,0.013475250082979966,1.0,-9.063620896193594
-0.03554361135762194,0.013475250082979966,0.0,-10.655175960397493
-0.041785003766264685,0.007007875942614516,0.0,-12.069487462254871
-0.047331323381391656,0.0013377206555318648,1.0,-12.105435710691836
-0.047472296904673875,0.0011110949788995673,1.0,-11.994176175216184
-0.04703598500084778,0.0011110949788995673,1.0,-11.884161980594598
-0.046604556786645476,0.0011110949788995673,1.0,-12.280620240106911
-0.04815929505924278,0.0011110949788995673,1.0,-12.247579098258095
-0.04802972195395332,0.0011110949788995673,1.0,-11.633427111601899
-0.04562128279059568,0.06420798252646051,0.0,-11.920143814485474
-0.046745662017590096,0.05774060838609505,0.0,-12.181811193923595
-0.04777180860362194,0.05207045309901248,0.0,-13.368214773920272
-0.05242437166243245,0.045262291590133036,0.0,-13.90586924630204
-0.05453282057373349,0.0395921363030506,0.0,-15.390687595207623
-0.060355637628265194,0.03278397479417116,0.0,-16.206041461150196
-0.06355310376921644,0.027113819507088726,0.0,-17.479502297183668
-0.06854706783209283,0.020305657998209253,0.0,-19.08267209972807
-0.07483400823422774,0.01463550271112678,1.0,-18.634784848479043
-0.07307758764109427,0.014408877034494488,1.0,-18.11910075107633
-0.07105529706304443,0.014408877034494488,1.0,-18.113516213167706
-0.07103339691438317,0.014408877034494488,1.0,-17.59808118170067
-0.06901208306549284,0.014408877034494488,1.0,-17.08277959402563
-0.0669912925255907,0.014408877034494488,1.0,-17.077623712816735
-0.06697107338359504,0.014408877034494488,1.0,-16.562624038822527
-0.06495146681891187,0.014408877034494488,1.0,-16.557781349690554
-0.06493247588113943,0.014408877034494488,1.0,-16.04312290651258
-0.06291420747651992,0.014408877034494488,1.0,-15.52866277791083
-0.06089671677612091,0.014408877034494488,1.0,-15.52386609453175
-0.06087790625306568,0.014408877034494488,1.0,-15.008076415847986
-0.05885520163077641,0.014408877034494488,1.0,-15.002396294737173
-0.05883292664602813,0.014408877034494488,1.0,-14.486898210514592
-0.05681136553142977,0.014408877034494488,1.0,-13.971558633401434
-0.05479042601333896,0.014408877034494488,1.0,-13.966395489475902
-0.05477017839010158,0.014408877034494488,1.0,-13.451424454224291
-0.05275068413421291,0.014408877034494488,1.0,-12.936666588972892
-0.050732025839109386,0.014408877034494488,1.0,-12.932103858135138
-0.05071413277700054,0.014408877034494488,1.0,-12.417818599843834
-0.04869732784252483,0.014408877034494488,1.0,-12.413103159636107
-0.04867883592014159,0.014408877034494488,2.0,-9.914252206379956
-0.0388794204171763,0.020876251174859965,0.0,-10.871389115982957
-0.04263289849405082,0.01556588519793397,1.0,-10.948010512826528
-0.04293337456010403,0.015225856415560025,1.0,-10.414498665768123
-0.04084117123830637,0.015225856415560025,1.0,-9.881229478933028
-0.038749919525227564,0.015225856415560025,1.0,-9.858224105061026
-0.03865970237278833,0.015225856415560025,0.0,-11.308436369564648
-0.04434680929241038,0.008758482275194551,0.0,-12.15166838088681
-0.04765360149367376,0.06345481979923394,0.0,-12.479210498629296
-0.04893808038678156,0.05664665829035449,0.0,-13.097694166110486
-0.05136350653376661,0.05097650300327206,0.0,-14.19380266771027
-0.05566197124592263,0.04416834149439262,0.0,-14.58709826028595
-0.05720430690308216,0.03849818620731018,0.0,-15.965932786647073
-0.06261150112410617,0.031690024698430734,0.0,-16.644294180493326
-0.06527174188428755,0.02601986941134808,0.0,-18.393352757766777
-0.07213079512849717,0.019211707902468636,0.0,-19.86630226895754
-0.07790706772140212,0.013541552615385985,0.0,-21.318379109552307
-0.0836014867041267,0.0067333911065065415,1.0,-21.441156786252165
-0.08408296778922417,0.006393362324132591,1.0,-21.35472962384887
-0.08374403774058378,0.006393362324132591,0.0,-22.97998963246304
-0.09011760640181585,-7.401181623285971e-05,1.0,-23.138551347855778
-0.09073941705041481,-0.00041404059860681013,1.0,-23.31706084170938
-0.09143945428121326,-0.00041404059860681013,1.0,-23.376164085548602
-0.09167123170803373,-0.00041404059860681013,1.0,-23.058761244434947
-0.09042651468405863,-0.00041404059860681013,1.0,-23.117309562931908
-0.0906561159330663,-0.00041404059860681013,1.0,-23.29555432345935
-0.09135511499395824,-0.00041404059860681013,1.0,-23.355014185138455
-0.09158829092211158,-0.00041404059860681013,1.0,-23.532590715771715
-0.09228466947361458,-0.00041404059860681013,1.0,-23.096104860166463
-0.09057296023594691,-0.00041404059860681013,1.0,-23.274084117551
-0.09127091810804314,-0.00041404059860681013,1.0,-23.333901155911878
-0.09150549472906619,-0.00041404059860681013,1.0,-23.51121356612807
-0.09220083751422772,-0.00041404059860681013,1.0,-23.074937341789557
-0.09048995035995905,-0.00041404059860681013,1.0,-23.25265032457059
-0.09118686401792389,-0.00041404059860681013,1.0,-23.312825098045113
-0.09142284352174554,-0.00041404059860681013,1.0,-23.4898726314227
-0.09211714757420666,-0.00041404059860681013,1.0,-23.550933914092482
-0.09235660358467641,-0.00041404059860681013,1.0,-23.23125304530493
-0.09110295311884285,-0.00041404059860681013,1.0,-23.41060985688477
-0.091806313164254,-0.00041404059860681013,1.0,-23.468568010450987
-0.09203360004098426,-0.00041404059860681013,1.0,-23.647251609365277
-0.09273432003672658,-0.00041404059860681013,1.0,-23.20989238074023
-0.09101918580682442,-0.00041404059860681013,1.0,-23.38898719765429
-0.09172151842217369,-0.00041404059860681013,1.0,-23.447299802198607
-0.09195019530273962,-0.00041404059860681013,1.0,-22.51480894329168
-0.08829336840506541,0.04753207194093992,0.0,-23.192436312652017
-0.09095073063785106,0.04106469780057434,0.0,-23.788150018500023
-0.09328686281764714,0.03539454251349169,0.0,-25.36218344821359
-0.09945954293417095,0.0285863810046118,0.0,-26.10502329009687
-0.10237264035332105,0.022916225717529153,0.0,-27.969219266696864
-0.10968321281057594,0.016108064208649266,0.0,-29.16499538295844
-0.11437253091356252,0.010437908921566614,2.0,-27.190373369100325
-0.10662891517294246,0.015997841234412176,1.0,-26.850786727841204
-0.10529720285427924,0.01633787001678612,1.0,-26.61157940462072
-0.10435913492008127,0.01633787001678612,1.0,-26.37237641170893
-0.10342108396748599,0.01633787001678612,1.0,-25.65216313777395
-0.10059671818734883,0.01633787001678612,1.0,-25.413046608880105
-0.09965900630933375,0.01633787001678612,1.0,-25.007007283277684
-0.09806669522853993,0.01633787001678612,1.0,-24.767701081985365
-0.09712823953719751,0.01633787001678612,1.0,-24.04556442006869
-0.09429633105909291,0.01633787001678612,1.0,-23.806325987141978
-0.09335814112604698,0.01633787001678612,1.0,-23.567091768406208
-0.09241996771924003,0.01633787001678612,1.0,-23.32786189351496
-0.09148181134711748,0.01633787001678612,1.0,-23.088636497492715
-0.09054367253918712,0.01633787001678612,1.0,-22.36812724670152
-0.08771814606549616,0.01633787001678612,1.0,-22.128996733263634
-0.08678037934613189,0.01633787001678612,1.0,-21.889873115323628
-0.08584263966793579,0.01633787001678612,1.0,-21.484804492403047
-0.08425413526432567,0.01633787001678612,0.0,-22.914987976536775
-0.08986269794720306,0.009870495876420278,0.0,-24.742237326141186
-0.09702838167114189,0.004200340589337627,1.0,-24.371548462573138
-0.095574699853228,0.003973714912705338,0.0,-26.585224611120463
-0.10425578278870769,-0.002493659227660501,0.0,-28.038754580761246
-0.10995590031671076,-0.008163814514743153,0.0,-30.178991473336744
-0.11834898616994802,-0.014971976023623039,0.0,-32.596161430575975
-0.12782808404147444,-0.02064213131070569,0.0,-35.03922279908555
-0.13740871685915904,-0.027450292819585578,0.0,-37.53771795212924
-0.1472067370671735,-0.03312044810666823,0.0,-40.73598729483267
-0.15974896978365752,-0.039928609615548116,0.0,-43.29742423924195
-0.16979382054604683,-0.04559876490262988,0.0,-46.17179758698094
-0.1810658728901213,-0.021257690805514602,0.0,-48.607683421933366
-0.19061836636052298,-0.02692784609259637,0.0,-51.53425472053682
-0.2020951165511248,-0.033736007601476256,0.0,-53.85724786170241
-0.21120489357530356,-0.03940616288855802,1.0,-55.194151165148426
-0.21644765162803306,-0.03963278856519029,1.0,-55.75401429083222
-0.21864319329738122,-0.03963278856519029,1.0,-56.73290116075184
-0.22248196533628173,-0.03963278856519029,1.0,-57.583939245275054
-0.22581936958931395,-0.03963278856519029,1.0,-58.562408440074535
-0.22965650368656682,-0.03963278856519029,1.0,-59.413947018068974
-0.232995870659094,-0.03963278856519029,1.0,-60.39202250537535
-0.23683146080539355,-0.03963278856519029,1.0,-60.95197572332643
-0.2390273557777507,-0.03963278856519029,1.0,-62.22173393661238
-0.24400679975142112,-0.03963278856519029,1.0,-62.781655121777646
-0.2462025691050104,-0.03963278856519029,1.0,-64.05153438965048
-0.2511824878025509,-0.03963278856519029,1.0,-64.61142458485078
-0.2533781356268658,-0.03963278856519029,1.0,-65.59048993777694
-0.2572176075991252,-0.03963278856519029,1.0,-66.44127667150191
-0.2605540261627526,-0.03963278856519029,1.0,-67.41997543649872
-0.2643920605352891,-0.03963278856519029,1.0,-68.27120473812832
-0.2677302146593267,-0.03963278856519029,1.0,-69.24955521329895
-0.27156688318940764,-0.03963278856519029,1.0,-69.80952085526145
-0.2737628268833782,-0.03963278856519029,1.0,-71.07922198802235
-0.27874204701185235,-0.03963278856519029,1.0,-71.63915958948735
-0.2809378807430877,-0.03963278856519029,1.0,-72.90896921097261
-0.2859175263175397,-0.03963278856519029,1.0,-73.46887955546939
-0.28811325315870345,-0.03963278856519029,1.0,-74.44808033354688
-0.2919532562099878,-0.03963278856519029,1.0,-75.29867483153517
-0.29528892090798103,-0.03963278856519029,0.0,-78.31343711641547
-0.30711151810359005,-0.0461001627055561,0.0,-81.66703311324333
-0.3202628749538955,-0.051770317992637864,0.0,-85.02418677232286
-0.333428183420874,-0.058578479501517754,0.0,-88.30667853571559
-0.3463007001400612,-0.06424863478859952,0.0,-92.417868534234
-0.3624230138597412,-0.07105679629747941,0.0,-96.36510093973988
-0.3779023566264309,-0.07672695158456118,0.0,-100.44387901771167
-0.3938975647753399,-0.08353511309344107,0.0,-104.36553653192668
-0.40927661385069286,-0.07103602673668756,0.0,-108.80051584811842
-0.4266686896004644,-0.07784418824556745,0.0,-112.35087462776217
-0.4405916652069105,-0.08351434353264921,0.0,-117.15541215931326
-0.45943298886005196,-0.0903225050415291,0.0,-121.43667630396862
-0.4762222600155632,-0.09599266032861087,0.0,-127.00612423292674
-0.4980632322859872,-0.10280082183749076,0.0,-131.64938013959252
-0.5162720789787942,-0.10847097712457252,0.0,-137.2814052683491
-0.5383584520327415,-0.1152791386334524,0.0,-142.68328927200153
-0.5595423108705944,-0.12094929392053418,0.0,-149.11648249123482
-0.5847705195734698,-0.12775745542941405,0.0,-155.00061101680987
-0.6078455333992544,-0.13342761071649584,0.0,-161.83328924023644
-0.6346403499617115,-0.14023577222537573,0.0,-168.2464921844113
-0.6597901654290639,-0.14590592751245748,0.0,-175.6347309695372
-0.6887636508609302,-0.15271408902133737,0.0,-183.15288847198838
-0.7182466214587779,-0.1583842443084209,0.0,-191.13449591406143
-0.7495470428002409,-0.1651924058173008,0.0,-198.99985318198722
-0.7803915811058322,-0.17086256110438433,0.0,-207.86835462030925
-0.8151700181188598,-0.17767072261326422,0.0,-216.61336438822147
-0.8494641740714568,-0.18334087790034775,0.0,-226.61006334082236
-0.8886669150620484,-0.19014903940922764,2.0,-226.9486607751572
-0.8899947481378714,-0.18483867343230131,2.0,-227.56706047924996
-0.8924198450166665,-0.17916851814521778,2.0,-226.65384709916478
-0.888838616075156,-0.1723603566363379,2.0,-226.93003932192474
-0.8899217228310775,-0.16669020134925436,2.0,-225.92897214515767
-0.8859959691966968,-0.15988203984037447,2.0,-226.09556286293176
-0.8866492661291442,-0.15421188455329093,2.0,-225.00330750735557
-0.8823659117935513,-0.14740372304441107,2.0,-225.05602190537957
-0.8825726349230572,-0.14173356775732904,1.0,-228.25314958332822
-0.8951103905228559,-0.14150694208069678,1.0,-231.51721195345445
-0.9079106351115861,-0.14150694208069678,2.0,-230.8528045070747
-0.9053051157140184,-0.13503956794033098,1.0,-233.73653521885785
-0.9166138636033642,-0.12804937624344379,1.0,-236.84870707465043
-0.9288184591162763,-0.12804937624344379,1.0,-239.96088832531888
-0.9410230914718387,-0.12804937624344379,1.0,-242.65454571095768
-0.9515864537684615,-0.12804937624344379,1.0,-245.76668803037197
-0.963790933452439,-0.12804937624344379,1.0,-248.87884014670738
-0.9759954515557153,-0.12804937624344379,1.0,-251.99100169698127
-0.9882000066548284,-0.12804937624344379,1.0,-254.68475393951752
-0.9987637409392844,-0.12804937624344379,1.0,-257.50546850843546
-1.0098253666997468,-0.12804937624344379,1.0,-260.6176788114606
-1.02203011298612,-0.12804937624344379,1.0,-263.7298967552289
-1.0342348892361917,-0.12804937624344379,1.0,-266.8421220723956
-1.0464396944015513,-0.12804937624344379,1.0,-269.53553430178687
-1.057002095301125,-0.12804937624344379,1.0,-272.6477258830699
-1.0692067681689017,-0.12804937624344379,1.0,-275.7599251943526
-1.0814114713504022,-0.12804937624344379,1.0,-278.8721319768353
-1.0936162038307267,-0.12804937624344379,1.0,-281.98434598314407
-1.1058209646397805,-0.12804937624344379,1.0,-284.6778154609529
-1.1163835900429526,-0.12804937624344379,1.0,-287.7899972378136
-1.1285882244620145,-0.12804937624344379,1.0,-290.90218655208935
-1.140792888439566,-0.12804937624344379,1.0,-294.0143831644253
-1.1529975810369621,-0.12804937624344379,1.0,-297.126586845496
-1.1652023013548862,-0.12804937624344379,1.0,-299.8201076368318
-1.1757651279875758,-0.12804937624344379,1.0,-302.93228047625144
-1.187969727357849,-0.12804937624344379,1.0,-306.04446066192463
-1.2001743555369595,-0.12804937624344379,1.0,-309.1566479719949
-1.212379011654882,-0.12804937624344379,1.0,-312.26884219344873
-1.2245836948762696,-0.12804937624344379,1.0,-314.9624092404882
-1.2351467029038754,-0.12804937624344379,1.0,-318.0745739011751
-1.2473512702006868,-0.12804937624344379,1.0,-321.18674572027516
-1.2595558655697063,-0.12804937624344379,1.0,-324.29892449169915
-1.2717604882027418,-0.12804937624344379,1.0,-327.41111001719264
-1.2839651373223242,-0.12804937624344379,1.0,-330.10471897453164
-1.2945283097040456,-0.12804937624344379,1.0,-333.2168761238787
-1.3067328475446225,-0.12804937624344379,1.0,-336.32904024836057
-1.3189374127386688,-0.13385535659995856,1.0,-339.44121115612336
-1.3311420045338171,-0.13385535659995856,1.0,-342.55338866228414
-1.3433466222050359,-0.13385535659995856,1.0,-345.66557258861786
-1.3555512650534032,-0.13385535659995856,1.0,-348.77776276326125
-1.3677559324049462,-0.13385535659995856,1.0,-351.8899590204296
-1.3799606236095276,-0.13385535659995856,1.0,-355.29348930711836
-1.3933078012043858,-0.13385535659995856,1.0,-358.40564223808593
-1.4055123225022979,-0.13385535659995856,1.0,-361.51780173082415
-1.4177168695326436,-0.13385535659995856,1.0,-364.62996761731694
-1.4299214416365371,-0.13385535659995856,1.0,-367.74213973523507
-1.4421260381773924,-0.13385535659995856,1.0,-371.2730550456898
-1.455972764885058,-0.13385535659995856,1.0,-374.38527467252277
-1.4681775477353833,-0.13385535659995856,1.0,-377.7886032923608
-1.4815239344798463,-0.13385535659995856,1.0,-380.9007832087863
-1.4937285616030835,-0.13385535659995856,1.0,-384.01296886520123
-1.5059332112360833,-0.13385535659995856,1.0,-387.12516012317104
-1.5181378828359648,-0.13385535659995856,0.0,-395.5405472445088
-1.551139400958858,-0.14032273074032436,0.0,-404.2858253916088
-1.5854346093788583,-0.1459928860274062,2.0,-402.6500489688413
-1.5790197998778088,-0.1404329537145606,2.0,-400.96930936195906
-1.5724286641645453,-0.13476279842747885,2.0,-398.2930232159782
-1.5619334243763852,-0.12795463691859896,2.0,-396.61601708218075
-1.555356929734042,-0.12228448163151719,2.0,-394.10039888984
-1.545491760352314,-0.11547632012263731,2.0,-392.4177874799706
-1.5388932842351788,-0.10980616483555554,2.0,-390.2683324530082
-1.5304640488353263,-0.10299800332667565,1.0,-392.12135628242333
-1.5377308089506798,-0.10265797454430174,1.0,-394.5202721251035
-1.5471383220592292,-0.10265797454430174,0.0,-401.77137372414563
-1.5755740146044928,-0.10912534868466756,0.0,-408.28104675444376
-1.6011021441350735,-0.11479550397174931,0.0,-416.7122750072153
-1.6341657843420208,-0.1216036654806292,1.0,-420.06292087267053
-1.6473055720496883,-0.12194369426300311,1.0,-422.90600329952906
-1.6584549149001138,-0.12194369426300311,1.0,-425.3415499915691
-1.6680060783983102,-0.12194369426300311,2.0,-423.2416601976523
-1.6597712164613818,-0.11547632012263731,1.0,-425.7428516063313
-1.6695798102209072,-0.1151362913402634,0.0,-433.6737036825021
-1.700681190911773,-0.13732288645151447,2.0,-432.1166291172218
-1.6945750161459678,-0.13201252047458814,2.0,-430.3571352478456
-1.6876750401876297,-0.12634236518750638,2.0,-427.42278396811184
-1.6761677802671051,-0.10381498270774124,1.0,-429.6811171988987
-1.685023989015289,-0.11919417489625259,1.0,-432.4289779453711
-1.6957999135112594,-0.11919417489625259,1.0,-435.56581025780764
-1.7081012166972847,-0.11919417489625259,1.0,-438.3136397514276
-1.7188770186330493,-0.11919417489625259,1.0,-441.06148333200485
-1.7296528758117837,-0.11919417489625259,1.0,-443.80934073788126
-1.7404287872073776,-0.11919417489625259,0.0,-452.2727287651445
-1.7736185441770373,-0.1256615490366184,0.0,-460.4126575972883
-1.805539833714856,-0.13133170432370017,0.0,-470.09950780364386
-1.843527481582917,-0.13813986583258003,0.0,-479.2574484826604
-1.8794409744418055,-0.14381002111966182,0.0,-489.71705593677285
-1.9204590428893051,-0.1506181826285417,0.0,-499.6166005946122
-1.9592807866455382,-0.15628833791562347,0.0,-610.1407910495349
