Lateral Error,Yaw Error,Action,Reward
-0.0018035138562173315,-0.0013140708712265482,1.0,-0.330220572926915
-0.0012949826389290783,-0.0013140708712265482,1.0,-0.5104989290741705
-0.0020019565846045905,-0.0013140708712265482,1.0,-0.3467039962769063
-0.0013596235148113972,-0.0013140708712265482,1.0,-0.18310398500656425
-0.0007180548431629971,-0.0013140708712265482,1.0,-0.5337218718421183
-0.002093026948400464,-0.0013140708712265482,1.0,-0.5775561799228964
-0.002264926195776064,-0.0013140708712265482,1.0,-0.4244648469138066
-0.001664568027112967,-0.0013140708712265482,1.0,-0.6698988914767949
-0.002627054476379588,-0.0013140708712265482,1.0,-0.5073628181512062
-0.001989658110396887,-0.0013140708712265482,1.0,-0.3461191088704373
-0.001357329838707597,-0.0013140708712265482,1.0,-0.8770205360111454
-0.0034392962196515505,-0.0013140708712265482,1.0,-0.7149079535390823
-0.002803560602114049,-0.0013140708712265482,1.0,-0.5538507446270584
-0.002171963704419837,-0.0013140708712265482,1.0,-0.8320909533186506
-0.003263101777720198,-0.0013140708712265482,1.0,-0.6708843857377632
-0.002630919159755934,-0.0013140708712265482,1.0,-0.8063484759000841
-0.003162150885882683,-0.0013140708712265482,1.0,-1.0261991635327206
-0.004024310445226355,-0.0013140708712265482,0.0,-2.8448737443896444
-0.01115636762505743,-0.007781445011592353,1.0,-2.933010872290129
-0.011502003420745604,-0.008121473793966258,1.0,-3.365631955975091
-0.013198556690098395,-0.008121473793966258,1.0,-3.3531389215541254
-0.013149564398251472,-0.008121473793966258,1.0,-3.60238518512744
-0.01412700072598996,-0.008121473793966258,1.0,-4.021083740489247
-0.015768955845055867,-0.008121473793966258,1.0,-4.0087933704141445
-0.015720758315349588,-0.008121473793966258,1.0,-3.9965067591492667
-0.015672575526075556,-0.008121473793966258,1.0,-4.431021053241187
-0.01737655314996544,-0.008121473793966258,1.0,-4.418533831470655
-0.0173275836528261,0.003165358145857518,1.0,-4.4060489121247315
-0.017278623184802867,0.003165358145857518,1.0,-4.393566314831798
-0.017229671822869795,0.003165358145857518,1.0,-3.9351313168918596
-0.015431887517222978,0.003165358145857518,1.0,-3.9228680036469483
-0.015383796092733128,0.003165358145857518,1.0,-3.910608701658992
-0.015335720398662715,0.003165358145857518,1.0,-3.8983534487710725
-0.015287660583415972,0.003165358145857518,1.0,-3.8861022832907706
-0.015239616797218709,0.003165358145857518,1.0,-3.8738552439975793
-0.01519158919214737,0.003165358145857518,1.0,-3.861612370150275
-0.015143577922157942,0.003165358145857518,1.0,-3.8493737014932257
-0.01509558314311069,0.003165358145857518,1.0,-3.8371392782641873
-0.015047605012800735,0.003165358145857518,1.0,-3.8249091412016862
-0.014999643690987005,0.003165358145857518,1.0,-3.8126833315525426
-0.014951699339421734,0.003165358145857518,1.0,-3.375795180402802
-0.013238412472167851,0.003165358145857518,1.0,-3.0915324457710804
-0.012123656650082668,0.003165358145857518,1.0,-3.0791138888677456
-0.012074956426932335,0.003165358145857518,1.0,-3.0666991976033944
-0.012026271363150567,0.003165358145857518,1.0,-3.0542884191157094
-0.011977601643591016,0.003165358145857518,1.0,-3.0418816012967573
-0.011928947456065717,0.003165358145857518,1.0,-3.029478792807619
-0.011880308991402426,0.003165358145857518,1.0,-3.0170800430937126
-0.011831686443504756,0.003165358145857518,1.0,-3.0046854024003853
-0.011783080009413275,0.003165358145857518,1.0,-2.9922949217885737
-0.011734489889366954,0.003165358145857518,1.0,-2.545714937744319
-0.009983195834291447,0.003165358145857518,1.0,-2.5337395331571186
-0.00993623346336125,0.003165358145857518,1.0,-2.521773116303685
-0.009889306338445824,0.003165358145857518,1.0,-2.5098158157404526
-0.00984241496368805,0.003165358145857518,1.0,-2.4978677623865404
-0.009795559852496236,0.003165358145857518,1.0,-2.4859290895757455
-0.009748741527748022,0.003165358145857518,1.0,-2.2195486533633444
-0.008704112366130761,0.003165358145857518,1.0,-2.2069201930118902
-0.008654588992203492,0.003165358145857518,1.0,-2.1942947392272814
-0.008605077408734436,0.003165358145857518,1.0,-2.1816723442069246
-0.008555577820419312,0.003165358145857518,1.0,-2.1690530613505707
-0.008506090436668903,0.003165358145857518,1.0,-1.7065076488762025
-0.006692186858338049,0.003165358145857518,1.0,-1.6943264936885394
-0.006644417622307998,0.003165358145857518,1.0,-1.6821558576294566
-0.006596689637762575,0.027127590404034157,1.0,-0.9792252797658346
-0.003840099136336606,0.027127590404034157,1.0,-0.5364698736066805
-0.0021038034259085515,0.027127590404034157,1.0,-0.1958494893131727
0.0007680372129928342,0.027127590404034157,1.0,-0.9279783536619276
0.003639130798674226,0.027127590404034157,1.0,-1.3544025204878003
0.005311382433285492,0.027127590404034157,1.0,-2.0684574609853077
0.008111597886216893,0.027127590404034157,1.0,-2.5193311897507593
0.00987973015588533,0.027127590404034157,1.0,-3.2268348272036267
0.012654254224327949,0.027127590404034157,1.0,-3.684593246330731
0.014449385279728357,0.027127590404034157,1.0,-4.388961611510236
0.01721161416278524,0.027127590404034157,1.0,-5.101173430588234
0.02000460168858131,0.027127590404034157,1.0,-5.552484069646179
0.0217744473319458,0.027127590404034157,1.0,-6.261819940185529
0.02455615662817854,0.027127590404034157,1.0,-6.716676927703642
0.026339909520406442,0.027127590404034157,0.0,-5.441279349413854
0.021338350389858252,0.020660216263668353,1.0,-5.647010330386014
0.022145138550533388,0.020320187481294445,1.0,-6.200555024052393
0.024315902055107422,0.020320187481294445,1.0,-6.759718701102293
0.02650870078863644,0.020320187481294445,1.0,-7.060997529463608
0.027690186390053363,0.020320187481294445,1.0,-7.618116276080056
0.02987496578854924,0.020320187481294445,1.0,-7.921997273442338
0.03106665597428368,0.020320187481294445,1.0,-8.477449230651045
0.03324489894372959,0.020320187481294445,1.0,-8.78339038608164
0.03444466818071231,0.020320187481294445,1.0,-9.337459317459057
0.03661748751944728,0.020320187481294445,1.0,-9.895307156072088
0.03880512610224347,0.020320187481294445,1.0,-10.197975227303058
0.039992059714913944,0.020320187481294445,1.0,-10.754475864380781
0.04217441515443444,0.020320187481294445,1.0,-11.058878883174259
0.04336815248303631,0.020320187481294445,1.0,-11.614213262491516
0.04554593436271183,0.020320187481294445,1.0,-11.920086272896484
0.04674543636429993,0.020320187481294445,1.0,-12.474401768432221
0.048919222621302834,0.020320187481294445,1.0,-13.031565507802606
0.051104178461971,0.020320187481294445,1.0,-13.334954084601975
0.05229393758667441,0.020320187481294445,1.0,-13.891115711683566
0.05447496357522967,0.020320187481294445,1.0,-14.19580404842106
0.05566981979772965,0.020320187481294445,1.0,-14.751069216540213
0.057847330260942006,0.020320187481294445,1.0,-15.750608471278342
0.0617670920442288,0.05864254641363361,1.0,-16.750395449978765
0.06568782529403436,0.05864254641363361,1.0,-18.19780371055766
0.07136393611983397,0.05864254641363361,1.0,-19.44456726784386
0.07625320497193669,0.05864254641363361,1.0,-20.890473643847532
0.08192342605430404,0.05864254641363361,1.0,-22.138977986594917
0.08681952151605851,0.05864254641363361,1.0,-23.583710899576143
0.09248514078265155,0.05864254641363361,1.0,-24.584017692136218
0.09640791251818125,0.05864254641363361,1.0,-26.27734103899167
0.10304839623133988,0.05864254641363361,1.0,-27.277452958282588
0.10697040375797093,0.05864254641363361,1.0,-28.971254476089843
0.11361276265133272,0.05864254641363361,1.0,-29.971197097372876
0.11753410626420735,0.05864254641363361,1.0,-31.41802749047814
0.12320795094305152,0.05864254641363361,1.0,-32.6651736955739
0.12809872037479958,0.05864254641363361,1.0,-34.11113819822135
0.1337691694047896,0.05864254641363361,1.0,-35.35932962074714
0.13866403772842018,0.05864254641363361,1.0,-36.804547932532145
0.1443315605197339,0.05864254641363361,1.0,-38.053626784440304
0.14922990895858942,0.05864254641363361,1.0,-39.498195520962085
0.15489488439592974,0.05864254641363361,1.0,-40.498311399860135
0.15881690745043192,0.05864254641363361,1.0,-42.19203540788754
0.1654589623838727,0.05864254641363361,1.0,-43.192035265864625
0.16938053045437107,0.05864254641363361,1.0,-44.886032970879874
0.17602365870933284,0.05864254641363361,1.0,-45.88592699433614
0.17994481174249466,0.05864254641363361,1.0,-47.33191266504281
0.1856153437844816,0.05864254641363361,1.0,-48.579958659982246
0.19050964180385194,0.05864254641363361,1.0,-50.02539779432588
0.19617803056598385,0.05864254641363361,1.0,-51.274108205173235
0.20107493413793426,0.05864254641363361,1.0,-52.719053424583045
0.20674138597875708,0.05864254641363361,1.0,-53.719171250383056
0.21066341666816885,0.05864254641363361,1.0,-55.41285469132341
0.2173053125149938,0.05864254641363361,1.0,-56.41288427837241
0.2212269971700879,0.05864254641363361,1.0,-58.10678133964776
0.2278697307437167,0.05864254641363361,1.0,-59.106728609664984
0.2317910925869215,0.05864254641363361,1.0,-60.55272505118244
0.23746166686738213,0.05864254641363361,1.0,-61.80068707403335
0.2423556355844445,0.05864254641363361,1.0,-63.24625243983542
0.2480245193719036,0.05864254641363361,1.0,-65.38588222446832
0.2564152244096797,0.1129181992977736,0.0,-65.50774171920922
0.25689310478121263,0.1064508251574078,0.0,-65.74887208808133
0.25783871407090714,0.10078066987032513,0.0,-65.53483085467107
0.2569993366849846,0.09397250836144526,0.0,-65.53820860861644
0.25701258277888805,0.0883023530743626,0.0,-64.87942134564781
0.25442910331626595,0.08149419156548271,1.0,-66.68013036931463
0.26149070733064556,0.08115416278310877,1.0,-68.58146779989856
0.26894693254862184,0.08115416278310877,0.0,-68.10535459089373
0.2670798219250734,0.07468678864274293,1.0,-69.7566150311346
0.27355535306327294,0.07434675986036898,0.0,-68.96093400420081
0.27043503531059143,0.06787938572000314,1.0,-70.46234413358891
0.2763229181709369,0.0675393569376292,1.0,-72.06417720754446
0.2826046165001744,0.0675393569376292,0.0,-71.15048167506296
0.2790214967649528,0.06107198279726336,1.0,-72.50120409323523
0.2843184474244519,0.06073195401488942,0.0,-71.46611084980493
0.2802592582345292,0.054264579874523586,1.0,-72.66545492799531
0.28496256834507966,0.05392455109214964,1.0,-73.96517351086027
0.2900595039641579,0.05392455109214964,0.0,-72.80695640312106
0.2855174760906708,0.0474571769517838,1.0,-73.70223687669608
0.2890283799086121,0.04711714816940986,1.0,-74.84988123106896
0.293528946004192,0.04711714816940986,0.0,-74.06590630411178
0.2904545345259285,0.040649774029044024,1.0,-74.47064464060496
0.2920417436886469,0.04030974524667008,1.0,-75.4659141039622
0.29594476119200863,0.04030974524667008,0.0,-74.55743308502164
0.2923820905294966,0.03384237110630424,1.0,-74.6753112991748
0.29284435803597963,0.0335023423239303,1.0,-75.51747640041656
0.29614696627614334,0.0335023423239303,1.0,-76.35971388868006
0.2994498583869806,0.0335023423239303,0.0,-75.3336325831859
0.2954260101301408,0.027034968183564698,1.0,-75.30616370639672
0.295318289044693,0.026694939401190748,1.0,-75.99492431137972
0.2980193110250185,0.026694939401190748,1.0,-76.6837926568833
0.3007207555171894,0.026694939401190748,1.0,-77.37276586518837
0.30342261123603287,0.026694939401190748,0.0,-75.61722223919547
0.29653812642821753,0.0202275652608253,1.0,-76.05195738078757
0.29824297012073553,0.019887536478451345,1.0,-76.58720823475745
0.30034199307748016,0.019887536478451345,1.0,-77.01320175761681
0.3020125559122228,0.019887536478451345,1.0,-77.54805967897101
0.30411003795674907,0.019887536478451345,1.0,-78.08305870264181
0.3062080733436933,0.019887536478451345,0.0,-76.32019786221275
0.2992948935773049,0.013420162338085895,1.0,-78.10174916787736
0.3062813692857936,0.07617702110327289,0.0,-77.2195454407613
0.30282174682651486,0.06970964696290743,0.0,-76.9700927197531
0.3018435008617769,0.06403949167582478,0.0,-75.77354336713763
0.2971511504593633,0.057231330166945336,0.0,-75.37163169604885
0.29557502625901505,0.05156117487986278,0.0,-73.90040477537273
0.28980550892303036,0.044753013370983336,1.0,-74.98495624777279
0.29405865195205017,0.04441298458860939,0.0,-73.5527997616961
0.28844235200665136,0.037945610448243954,1.0,-74.48606013068644
0.29210219659092723,0.03760558166587001,1.0,-75.01103805326824
0.29416093354222844,0.03760558166587001,1.0,-76.04467210840959
0.29821440042513564,0.03760558166587001,0.0,-74.99946977230746
0.29411556773453906,0.031138207525504568,1.0,-75.27174428874136
0.2951833109362406,0.03079817874313063,1.0,-76.15368361624984
0.29864189653431306,0.03079817874313063,0.0,-74.47622075995129
0.29206361082333837,0.02433080460276519,2.0,-76.8725158642782
0.30146084652658117,0.029641170579691158,0.0,-76.069376171386
0.2983112791034745,0.02433080460276519,1.0,-76.17286289039929
0.2987171093741149,0.02399077582039125,1.0,-76.90261876374564
0.301578897112728,0.02399077582039125,1.0,-77.12261494579064
0.3024416272383947,0.02399077582039125,1.0,-77.85240519987897
0.305303549803447,0.02399077582039125,1.0,-78.58220883609623
0.3081655248474362,0.02399077582039125,1.0,-78.80227385616075
0.3090285249261206,0.02399077582039125,0.0,-77.51541988363587
0.3039820387593564,0.017523401680025762,1.0,-77.4776338559201
0.30383385825851017,0.01718337289765182,1.0,-78.05487971296725
0.30609756750183237,0.01718337289765182,1.0,-78.6321541597294
0.3083613888616839,0.01718337289765182,1.0,-78.69947407583662
0.3086253885326926,0.01718337289765182,1.0,-79.27680640447699
0.3108894368803019,0.01718337289765182,1.0,-79.34418868553058
0.3111536811197278,0.01718337289765182,1.0,-79.92157709361518
0.31341794938672624,0.01718337289765182,0.0,-78.51429841209003
0.3078992094591766,0.010715998757286342,1.0,-78.33443301379188
0.3071938549560466,0.010375969974912398,1.0,-78.75898548323697
0.3088587666009293,0.010375969974912398,1.0,-78.67362166371169
0.3085240065243596,0.010375969974912398,2.0,-81.07732165558478
0.3179502810022933,0.016843344115277877,0.0,-80.03273128007771
0.31385384815716744,0.01153297813835188,1.0,-79.8653035838037
0.3131972689560929,0.011192949355977937,1.0,-80.30825841677434
0.3149343467324484,0.011192949355977937,1.0,-81.77120933807885
0.3206714091689366,0.07155944216709981,0.0,-80.76824886326918
0.3167382308363497,0.06509206802673431,0.0,-80.39803382696601
0.31528640716457257,0.059421912739651875,0.0,-79.10108025886719
0.3102003147406557,0.05261375123077243,0.0,-78.5112884990013
0.3078874058784365,0.04694359594369,0.0,-77.01669954623185
0.30202627273032095,0.04013543443481055,0.0,-76.20580123194154
0.2988462793409472,0.034465279147728116,2.0,-78.853361709877
0.30922886945049805,0.04002521146057333,0.0,-77.65095668546218
0.30451355562926347,0.03471484548364736,0.0,-76.73554924882583
0.3009237225444151,0.029044690196564707,1.0,-77.2331390065753
0.30287505492774625,0.028818064519932407,1.0,-78.23034559935961
0.3067856690170965,0.028818064519932407,0.0,-76.54363842914931
0.30017113109470317,0.022350690379566957,1.0,-76.77974674614967
0.30109704606333204,0.022010661597193008,0.0,-75.4839312458938
0.29601541665056386,0.015543287456827558,1.0,-75.65847814845885
0.29669991430768183,0.015203258674453607,1.0,-75.83822947606426
0.29740482147476177,0.015203258674453607,1.0,-76.0185673133642
0.29811202867985964,0.015203258674453607,1.0,-76.79409085039313
0.30115329745252206,0.015203258674453607,0.0,-74.78622497473482
0.2932793136264111,0.008735884534088157,1.0,-74.81463533147767
0.2933907267901085,0.008395855751714205,2.0,-77.12082485961126
0.30243460729259314,0.014863229892079657,0.0,-75.87302471765705
0.2975412734025767,0.009552863915153689,1.0,-75.91863435231674
0.2977201347149676,0.00921283513277974,1.0,-76.06569759312336
0.2982968533063661,0.00921283513277974,1.0,-76.60725370505644
0.3004206027649272,0.00921283513277974,1.0,-76.75419892102578
0.30099685851382657,0.00921283513277974,1.0,-76.79654115812949
0.3011629065024685,0.00921283513277974,1.0,-76.83947401266805
0.30133127063791393,0.00921283513277974,1.0,-76.98589862753667
0.3019054848138693,0.00921283513277974,1.0,-77.52815807932988
0.3040319924679603,0.00921283513277974,1.0,-77.67447160740271
0.3046057710094224,0.00921283513277974,1.0,-77.71728435868188
0.30477366415169366,0.00921283513277974,1.0,-77.86386878115098
0.3053485050241215,0.00921283513277974,1.0,-78.40595169999332
0.3074743203921307,0.00921283513277974,1.0,-78.55242490739246
0.3080487251270293,0.00921283513277974,1.0,-78.59512022599345
0.30821615774899397,0.00921283513277974,1.0,-78.74186084512267
0.3087916111573438,0.00921283513277974,1.0,-79.28377099063347
0.31091674898287636,0.00921283513277974,1.0,-79.92957465087059
0.31344931235635526,0.05715894767232647,0.0,-78.9227494709805
0.3095009783175706,0.050691573531961014,1.0,-79.81743300373992
0.313009541191137,0.050351544749587064,0.0,-78.69475134867413
0.3086068680340162,0.04388417060922161,1.0,-79.43879081412821
0.3115246698593263,0.04354414182684766,1.0,-80.77758935546565
0.31677486021751233,0.04354414182684766,0.0,-79.53596530339767
0.311905746287834,0.03707676768648184,1.0,-80.12894315617466
0.31423114963205745,0.0367367389041079,0.0,-78.76923253304615
0.30889895110998494,0.03026936476374206,1.0,-79.21088733088865
0.3106309307093672,0.029929335981368117,1.0,-79.89950663109735
0.3133313985533229,0.029929335981368117,1.0,-80.92972855875986
0.3173714845441563,0.029929335981368117,0.0,-79.45834146245711
0.3116013390684592,0.023461961841002278,0.0,-77.95142697344866
0.3056918704841124,0.017791806553919626,0.0,-76.15694940525643
0.2986547035500252,0.010983645045039741,1.0,-76.3439635782586
0.2993880924637592,0.010643616262665799,1.0,-76.45611694271317
0.2998279095792673,0.010643616262665799,1.0,-76.5682728100146
0.3002677365098612,0.010643616262665799,1.0,-77.15915631122488
0.3025849267106858,0.010643616262665799,0.0,-75.35196875168407
0.29549791667327086,0.00417624212229996,1.0,-75.21188408632956
0.2949485650444296,0.0038362133399260185,1.0,-75.17217706403135
0.2947928512314955,0.0038362133399260185,1.0,-75.13247280973536
0.294637148273472,0.0038362133399260185,1.0,-75.75350752471786
0.2970725785283053,0.0038362133399260185,1.0,-75.71375370423138
0.29691668119306425,0.0038362133399260185,1.0,-75.67400258279915
0.2967607944423496,0.0038362133399260185,1.0,-75.63425416467689
0.2966049182928505,0.0038362133399260185,1.0,-75.59450845412866
0.2964490527612888,0.0038362133399260185,0.0,-74.14391466326158
0.2907604496598494,-0.0026311608004398208,1.0,-73.85193983488423
0.28961545033287933,-0.0029711895828137625,1.0,-73.66034174145784
0.28886408526061896,-0.0029711895828137625,1.0,-73.46874568334006
0.28811272816996103,-0.0029711895828137625,1.0,-73.2771516764961
0.28736137912351417,-0.0029711895828137625,1.0,-73.7521818658279
0.28922424261108975,-0.0029711895828137625,1.0,-73.56054694961827
0.28847273313575794,-0.0029711895828137625,1.0,-73.36891387914756
0.28772123089861784,-0.0029711895828137625,1.0,-73.1772826689164
0.2869697359565349,-0.0029711895828137625,1.0,-72.9856533335778
0.28621824836697174,-0.0029711895828137625,1.0,-73.26506194633856
0.28731396841701395,-0.0029711895828137625,1.0,-73.07346869375237
0.28656262232844065,0.028178046023181406,0.0,-71.7020627266891
0.28118455971250633,0.021710671882815565,1.0,-72.39745114977717
0.28391157313638105,0.021370643100441625,0.0,-70.70589713245883
0.2772780279704268,0.014903268960075785,1.0,-70.7889504126036
0.27760372710824943,0.014563240177701844,1.0,-71.217563481531
0.2792845626726706,0.014563240177701844,1.0,-71.40035964185255
0.2800014103602061,0.014563240177701844,1.0,-72.04533556164716
0.28253072769273396,0.014563240177701844,1.0,-72.01222643290744
0.28240088797218604,0.014563240177701844,1.0,-72.65712013242998
0.28492988287227444,0.014563240177701844,1.0,-72.84026799730742
0.2856481097933624,0.014563240177701844,1.0,-73.26934814816656
0.28733077705163357,0.014563240177701844,1.0,-73.4518830747522
0.28804660029314594,0.014563240177701844,1.0,-74.0968234138502
0.2905757780935302,0.014563240177701844,1.0,-74.06393963937623
0.2904468221152009,0.014563240177701844,1.0,-74.24671066693513
0.2911635712428829,0.014563240177701844,1.0,-74.89168094669407
0.2936928664576238,0.014563240177701844,1.0,-74.85859889215727
0.2935631329104207,0.014563240177701844,1.0,-75.50348991383123
0.2960921173091421,0.014563240177701844,1.0,-75.68659991282044
0.2968101957365507,0.014563240177701844,1.0,-76.11572535084457
0.29849304059154735,0.014563240177701844,1.0,-76.29824556350665
0.29920880613139866,0.014563240177701844,0.0,-74.48088918807913
0.29208191838462405,0.008095866037336004,1.0,-74.87434422627383
0.29362487931872094,0.0077558372549620625,1.0,-74.91066996572908
0.2937673331989376,0.0077558372549620625,1.0,-75.40457605768678
0.29570421983406586,0.0077558372549620625,1.0,-75.2155038039656
0.2949627600155514,0.0077558372549620625,1.0,-75.25201793639953
0.2951059526917629,0.0077558372549620625,1.0,-75.74593938691564
0.29704289955653185,0.0077558372549620625,0.0,-73.80881780329915
0.2894463443266634,0.0012884631145962235,1.0,-73.59878969721758
0.2886227046949709,0.0009484343322222819,1.0,-73.70634492305315
0.28904448989432613,0.0009484343322222819,1.0,-73.59604403797846
0.28861193740383706,0.0009484343322222819,1.0,-73.938669962758
0.2899555684814039,0.0009484343322222819,1.0,-73.8292403927158
0.289526432912611,0.0009484343322222819,1.0,-73.93639619150458
0.28994665173139056,0.0009484343322222819,1.0,-73.82632071845485
0.2895149832096268,0.0009484343322222819,1.0,-73.71707551149044
0.2890865706332958,0.0009484343322222819,1.0,-73.82390444831098
0.2895055076404352,0.019117675976057555,1.0,-74.16650909455095
0.2908490552727488,0.019117675976057555,2.0,-76.9410332969671
0.3017295423410475,0.025585050116423393,2.0,-79.64195105388944
0.3123213766819194,0.03125520540350604,0.0,-78.08565452334604
0.30621825303272954,0.025695273090660484,0.0,-76.83746493605555
0.3013233919061002,0.02002511780357783,2.0,-79.34852327291605
0.3111706795016316,0.025585050116423393,0.0,-77.76553774283558
0.3049628931091591,0.02027468413949708,2.0,-80.20303291040709
0.31452169768787097,0.025585050116423393,0.0,-79.30748564139047
0.311009747613296,0.02027468413949708,0.0,-77.95901651916141
0.30572163340847613,0.01460452885241443,2.0,-79.87226679662415
0.31322457567303585,0.02016446116525999,0.0,-78.6460210253932
0.30841576872703214,0.014854095188333681,2.0,-80.48596026431238
0.31563121672279365,0.02016446116525999,0.0,-79.25976220539033
0.31082259688388364,0.014854095188333681,2.0,-81.55275739820732
0.3198147348949306,0.02016446116525999,0.0,-79.87350340013096
0.3132294250985528,0.014854095188333681,2.0,-82.16642796633981
0.3222212861425091,0.02016446116525999,0.0,-80.93699358613924
0.3173999748476049,0.014854095188333681,0.0,-79.28330564304159
0.31091492409035915,0.009183939901251577,2.0,-81.50172415056203
0.31961460451200796,0.014743872214097122,0.0,-80.17399931125856
0.3144078404363081,0.00943350623717081,2.0,-81.87431767611265
0.3210757555925986,0.014743872214097122,0.0,-80.54652526200499
0.3158687265176666,0.00943350623717081,2.0,-82.69605113222487
0.3242982397342151,0.014743872214097122,0.0,-80.91905189466848
0.3173296152732098,0.00943350623717081,2.0,-83.06864954769094
0.3257594099909448,0.014743872214097122,0.0,-81.9856593585608
0.3215123896414148,0.00943350623717081,2.0,-83.44124797735704
0.32722058030336093,0.014743872214097122,0.0,-82.3581686959754
0.3229732105724525,0.00943350623717081,2.0,-83.81384642103349
0.3286817506707196,0.014743872214097122,2.0,-86.22902772331693
0.33815304989536055,0.020414027501179773,0.0,-85.16719049209485
0.3339889823219406,0.01485409518833421,0.0,-83.27107902586852
0.32655325108183736,0.009183939901252108,2.0,-85.49087284146115
0.3352583248684752,0.014743872214097651,0.0,-84.16211498862347
0.33004750975930774,0.009433506237171341,2.0,-85.8634675617077
0.33671948063414786,0.014743872214097651,0.0,-84.53464989393561
0.33150843095661026,0.009433506237171341,2.0,-86.68532215788477
0.3399424398348422,0.021394035128610923,0.0,-85.60103263478857
0.33569032405799437,0.01608366915168461,0.0,-83.86321665750363
0.32887535944119073,0.010413513864602842,1.0,-84.23223204407634
0.3303224786042209,0.010186888187970571,1.0,-84.22818360933002
0.33030660238952947,0.010186888187970571,1.0,-84.66488237837626
0.3320191465818677,0.010186888187970571,2.0,-87.0254911160887
0.3412764357493675,0.016654262328336375,0.0,-85.608165843459
0.3357182974253294,0.011343896351410063,2.0,-87.63276746999583
0.34365791164704246,0.016654262328336375,0.0,-86.02535860483663
0.3373543474699475,0.011343896351410063,0.0,-84.64972855785561
0.33195971983472783,0.005673741064328296,2.0,-86.3378617060938
0.33857984982781886,0.01123367337717384,0.0,-85.07944711212427
0.33364489063578145,0.005923307400247529,2.0,-86.95527920143688
0.34100109490759556,0.01123367337717384,0.0,-85.43677344643189
0.3350461703781643,0.005923307400247529,2.0,-87.31697103076311
0.3424194942382867,0.01123367337717384,0.0,-86.05676919938318
0.33747752627209093,0.005923307400247529,2.0,-87.93420693370122
0.34484002719098517,0.01123367337717384,0.0,-85.9769995527209
0.3371647041283172,0.005923307400247529,2.0,-87.85458875462147
0.34452779903773123,0.01123367337717384,0.0,-86.59729637619652
0.33959724069096675,0.005923307400247529,1.0,-86.39040812357554
0.3387859142101001,0.005583278617873623,2.0,-88.81036239703579
0.3482759309687678,0.012050652758239426,0.0,-87.56185075659805
0.34337980688861974,0.006740286781313115,2.0,-89.02140769732348
0.34910355959734696,0.012050652758239426,0.0,-87.78055857659636
0.34423748461410336,0.006740286781313115,2.0,-89.42000340702391
0.35066668002754475,0.012050652758239426,0.0,-88.17439203966815
0.34578192956732606,0.006740286781313115,2.0,-90.07321440784186
0.3532282917954583,0.012050652758239426,0.0,-88.83063498391363
0.34835543130946517,0.006740286781313115,0.0,-87.10379501429856
0.3415835098599943,0.001070131494231347,1.0,-87.09422091994705
0.34154596439194923,0.0008435058175990762,1.0,-86.88224004568994
0.3407146668458429,0.0008435058175990762,1.0,-87.1030205562173
0.3415804727694796,0.0008435058175990762,1.0,-86.8910193103962
0.340749095334887,0.0008435058175990762,1.0,-87.38155282022227
0.3426727561577344,0.0008435058175990762,1.0,-87.16956543396873
0.3418414330743872,0.0008435058175990762,1.0,-86.95757861790786
0.3410101122270896,0.0008435058175990762,1.0,-86.74559237621986
0.3401787936322348,-0.004962474538915683,1.0,-86.96657063556937
0.3410453750414485,-0.004962474538915683,1.0,-86.75456446090668
0.34021397827806543,-0.004962474538915683,1.0,-86.81255503260734
0.34044139228473463,-0.004962474538915683,1.0,-86.600584869445
0.33961013674292156,-0.004962474538915683,1.0,-86.38861536475407
0.3387788837833493,-0.004962474538915683,1.0,-86.60899378268931
0.3396431128732914,-0.004962474538915683,1.0,-86.39700283017815
0.3388117758046202,-0.004962474538915683,1.0,-86.18501243542705
0.3379804409232433,-0.004962474538915683,1.0,-85.97302260256177
0.3371491082453403,-0.004962474538915683,1.0,-85.76103333574882
0.3363177777872503,-0.004962474538915683,1.0,-85.54904463919655
0.3354864495654767,-0.004962474538915683,1.0,-85.77011991298059
0.33635341142345326,-0.004962474538915683,1.0,-85.55811123925841
0.3355220048598369,-0.004962474538915683,1.0,-85.61594602938077
0.33574880795835593,-0.004962474538915683,1.0,-85.40397347429733
0.3349175430364601,-0.004962474538915683,1.0,-85.19200157503091
0.33408628068639573,-0.004962474538915683,1.0,-84.98003033648946
0.3332550209274096,-0.004962474538915683,1.0,-85.20047574872014
0.33411951274007895,-0.004962474538915683,1.0,-84.98848286984106
0.3332881681170238,-0.004962474538915683,1.0,-84.77649054835487
0.332456825679823,-0.004962474538915683,0.0,-82.54551485717272
0.3237079014006773,-0.011429848679281486,1.0,-82.50895283436502
0.32356452091907856,-0.011769877461655393,1.0,-82.14552948998085
0.3221393313332582,-0.011769877461655393,1.0,-81.78210791604089
0.3207141486903564,-0.011769877461655393,1.0,-81.69784809650368
0.3203837180255046,-0.011769877461655393,1.0,-81.3344990884059
0.31895881995453296,-0.011769877461655393,1.0,-80.97115253570405
0.31753393151256487,-0.011769877461655393,1.0,-81.03422928555077
0.3177812913158854,-0.011769877461655393,1.0,-80.67084034395617
0.31635623664296536,-0.011769877461655393,1.0,-80.30745351667376
0.3149311902614657,-0.011769877461655393,1.0,-79.94406883253592
0.31350615228445455,-0.011769877461655393,1.0,-79.58068632090071
0.31208112282706163,-0.011769877461655393,1.0,-79.64447061277215
0.31233125730498884,-0.011769877461655393,1.0,-79.2810479111596
0.3109060702398416,-0.011769877461655393,1.0,-78.91762705017351
0.3094808903928373,-0.011769877461655393,1.0,-78.83343740416609
0.30915073491829836,-0.011769877461655393,1.0,-78.19079095274034
0.3066305527558445,-0.02748909843254065,1.0,-77.82737576882148
0.30520539517184897,-0.02748909843254065,1.0,-77.03707215191515
0.30210616530162804,-0.02748909843254065,1.0,-76.67370814451603
0.3006812084098668,-0.02748909843254065,1.0,-75.60423677613602
0.29648720304367066,-0.02748909843254065,1.0,-75.24085157644583
0.29506216304488564,-0.02748909843254065,1.0,-74.87746868071395
0.29363713208123116,-0.02748909843254065,1.0,-73.8081904055805
0.2894438839434529,-0.02748909843254065,1.0,-73.44478629272905
0.2880187697754081,-0.02748909843254065,1.0,-72.65477944544928
0.2849207037076443,-0.02748909843254065,1.0,-72.29143133560116
0.28349580915922024,-0.02748909843254065,1.0,-71.64888797913775
0.28097603129073623,-0.02748909843254065,1.0,-70.85844189396424
0.2778762427214284,-0.02748909843254065,1.0,-70.49507352372109
0.2764512687204749,-0.02748909843254065,1.0,-69.42565469918179
0.27225746940855605,-0.02748909843254065,1.0,-69.0622634036869
0.2708324055046545,-0.02748909843254065,1.0,-68.69887455487391
0.26940735119558396,-0.02748909843254065,1.0,-67.9092625994552
0.2663108337233538,-0.02748909843254065,1.0,-67.26625671662357
0.26378924202597476,-0.02748909843254065,1.0,-66.47612509513607
0.26069068664759243,-0.02748909843254065,1.0,-66.11277368656329
0.25926577916299326,-0.02748909843254065,1.0,-65.47043597166358
0.25674680773201397,-0.02748909843254065,1.0,-64.67982063695109
0.25364635543902386,-0.02748909843254065,1.0,-64.31644711647442
0.2522213612410762,-0.02748909843254065,1.0,-63.24709124066449
0.24802780878691957,-0.02748909843254065,1.0,-62.8836927590826
0.2466027167022847,-0.02748909843254065,1.0,-62.52029688243881
0.24517763483309335,-0.02748909843254065,1.0,-61.73058946971866
0.24208074301850452,-0.02748909843254065,1.0,-61.08775703719814
0.23955983151842405,-0.02748909843254065,1.0,-60.297475462480286
0.23646068808815798,-0.02748909843254065,1.0,-59.93412010364811
0.23503576511234553,-0.02748909843254065,1.0,-59.29203093232098
0.2325177683620431,-0.02748909843254065,1.0,-58.50121123278564
0.2294165146383751,-0.02748909843254065,1.0,-58.137831541472295
0.22799149624106785,-0.02748909843254065,1.0,-57.3485473779368
0.22489626422720313,-0.02748909843254065,1.0,-56.70514537221576
0.22237311910672847,-0.02748909843254065,1.0,-56.34174107637438
0.22094800422107602,-0.02748909843254065,1.0,-55.27272896015696
0.21675579984375276,-0.058047983062062394,1.0,-53.77619855775085
0.2108870531676504,-0.058047983062062394,1.0,-52.70717736029147
0.20669481317761362,-0.058047983062062394,1.0,-51.21065695181125
0.20082610569337747,-0.058047983062062394,1.0,-50.14162576326698
0.1966338265226156,-0.058047983062062394,1.0,-48.64511640296024
0.19076516236454993,-0.058047983062062394,1.0,-47.5760741695428
0.18657283988056,-0.058047983062062394,1.0,-46.07957708776253
0.18070422387357854,-0.058047983062062394,1.0,-45.01052257968305
0.176511853253659,-0.058047983062062394,1.0,-43.51403922442235
0.17064329107616608,-0.058047983062062394,1.0,-42.444970994388974
0.16645086664466263,-0.058047983062062394,1.0,-40.94850308582854
0.16058236504246487,-0.058047983062062394,1.0,-39.45254294942033
0.15471585470360913,-0.058047983062062394,1.0,-38.3829690178295
0.15052144712874316,-0.058047983062062394,1.0,-36.88706312999994
0.14465514952941153,-0.058047983062062394,1.0,-35.81743746536378
0.14046053907985795,-0.058047983062062394,1.0,-34.32159404580961
0.13459448645415534,-0.058047983062062394,1.0,-33.25190901068471
0.13039964317915573,-0.058047983062062394,1.0,-31.756138298636714
0.12453387568092829,-0.058047983062062394,1.0,-30.686384430761393
0.12033876247357408,-0.058047983062062394,1.0,-29.19069940489528
0.11447333099958934,-0.058047983062062394,1.0,-28.120864786100363
0.1102779011219622,-0.058047983062062394,1.0,-26.625282236246548
0.10441287151469233,-0.058047983062062394,1.0,-25.555351563064363
0.10021706495319357,-0.058047983062062394,1.0,-24.059893742089802
0.09435252447878353,-0.058047983062062394,1.0,-22.98984691148476
0.09015626239797946,-0.058047983062062394,1.0,-21.49454418938724
0.08429233015445978,-0.058047983062062394,1.0,-20.000417414536866
0.07843300946877203,-0.058047983062062394,1.0,-18.65016272340824
0.0731378930329735,-0.058047983062062394,1.0,-17.152888937254687
0.06726623112648897,-0.058047983062062394,1.0,-16.084697916845933
0.06307724673272914,-0.058047983062062394,1.0,-14.5873373817009
0.057205244634121175,-0.058047983062062394,1.0,-13.519266061839023
0.05301672965427068,-0.058047983062062394,2.0,-14.004601367894658
0.05492000536429278,-0.051580608921696594,1.0,-13.188766531874501
0.051720653066174516,-0.051240580139322686,1.0,-11.842618253388713
0.0464416402093675,-0.051240580139322686,1.0,-10.92666331957346
0.04284966007675867,-0.051240580139322686,1.0,-8.876697151446068
0.03481057706449438,-0.09664871803842316,1.0,-6.827085594455365
0.026772884684138687,-0.09664871803842316,1.0,-4.346475998549619
0.017045003915880857,-0.09664871803842316,1.0,-2.2961166376510187
0.009004378971180465,-0.09664871803842316,1.0,-0.24902609858534644
0.0009765729356288094,-0.09664871803842316,1.0,-2.513799483810088
-0.009858037191412112,-0.09664871803842316,1.0,-4.563421307382472
-0.01789576983287244,-0.09664871803842316,1.0,-6.613622652441657
-0.02593577510761434,-0.09664871803842316,1.0,-9.091311720678288
-0.03565220282618937,-0.09664871803842316,1.0,-11.141548006222557
-0.0436923451224414,-0.09664871803842316,1.0,-13.191883850448685
-0.05173287784489681,-0.09664871803842316,1.0,-15.674116635537725
-0.06146712406093226,-0.09664871803842316,1.0,-17.72389890699583
-0.06950548590978758,-0.09664871803842316,1.0,-19.773841736059477
-0.07754447739631168,-0.09664871803842316,1.0,-22.257518692578795
-0.08728438702972077,-0.09664871803842316,1.0,-24.30704250829408
-0.09532173532664347,-0.09664871803842316,1.0,-26.62833846632893
-0.1044248567307017,-0.09664871803842316,1.0,-29.10927224407697
-0.11415400880030184,-0.09664871803842316,1.0,-31.159432535035844
-0.12219385307857193,-0.09664871803842316,1.0,-33.20964175668649
-0.1302338892419078,-0.09664871803842316,1.0,-35.69176116804731
-0.13996769085508748,-0.09664871803842316,1.0,-37.74173866677496
-0.14800681830107826,-0.09664871803842316,1.0,-39.791775837246774
-0.15604617975390891,-0.09664871803842316,1.0,-42.274662890651456
-0.16578299172804492,-0.09664871803842316,1.0,-44.32449279823724
-0.17382154038524408,-0.09664871803842316,1.0,-46.80817407663672
-0.18356146696720282,-0.09664871803842316,1.0,-49.12723599624848
-0.19265582743626855,-0.09664871803842316,1.0,-51.177379613555786
-0.20069560632766975,-0.09664871803842316,1.0,-53.65964668568343
-0.2104299870026801,-0.09664871803842316,1.0,-55.709635634452674
-0.2184691593507948,-0.09664871803842316,1.0,-57.759664879489435
-0.22650848972348797,-0.09664871803842316,1.0,-60.24244827262892
-0.23624489518678007,-0.09664871803842316,1.0,-62.29233428729396
-0.24428366387174102,-0.09664871803842316,1.0,-64.34226303461801
-0.2523226001357569,-0.09664871803842316,1.0,-66.82544940269744
-0.26206058589293113,-0.09664871803842316,1.0,-69.57757641970612
-0.27285324086159257,-0.15663240415149185,1.0,-73.4655478327612
-0.28810018757945566,-0.15663240415149185,1.0,-77.08405192507905
-0.3022903997061924,-0.15663240415149185,1.0,-80.97171192765916
-0.3175361252065065,-0.15663240415149185,1.0,-84.85952837535143
-0.3327824642170644,-0.15663240415149185,1.0,-88.31530319928112
-0.346334522350122,-0.15663240415149185,1.0,-91.93280291244727
-0.36052079573508733,-0.15663240415149185,1.0,-95.82080722230532
-0.3757678714600209,-0.15663240415149185,1.0,-99.70891782791207
-0.39101536403102777,-0.15663240415149185,1.0,-103.59712276108874
-0.4062632265140735,-0.15663240415149185,1.0,-107.21475117599704
-0.4204500046117531,-0.15663240415149185,1.0,-111.10273584873447
-0.4356970033283704,-0.15663240415149185,1.0,-114.99081401877287
-0.4509443687010701,-0.15663240415149185,1.0,-118.878976512292
-0.4661920647540863,-0.15663240415149185,1.0,-122.49670050724619
-0.48037921767547526,-0.15663240415149185,1.0,-126.3846702589039
-0.4956261578780545,-0.15663240415149185,1.0,-130.27272343059965
-0.5108734252180379,-0.15663240415149185,1.0,-133.8907743673111
-0.5250618602639652,-0.15663240415149185,1.0,-137.77865055091704
-0.540308433533008,-0.15663240415149185,1.0,-141.6666085810941
-0.5555553277689964,-0.15663240415149185,1.0,-145.5546418991506
-0.5708025172515709,-0.15663240415149185,2.0,-145.59636760813638
-0.5709661474828878,-0.15016503001112605,2.0,-146.4884423718683
-0.5744644798896796,-0.14449487472404426,2.0,-146.01619765028389
-0.5726125398050349,-0.13768671321516437,2.0,-146.2846517862111
-0.5736653011223966,-0.13201655792808173,2.0,-146.11572542353147
-0.5730028447981627,-0.12520839641920184,1.0,-148.941880369332
-0.5840858053699294,-0.1248683676368279,1.0,-151.86841050790707
-0.5955623941486551,-0.1248683676368279,1.0,-154.79494072761716
-0.6070389832455574,-0.1248683676368279,1.0,-157.72147102394655
-0.6185155726429276,-0.1248683676368279,1.0,-160.6480013927073
-0.6299921623243423,-0.1248683676368279,1.0,-163.57453183001232
-0.6414687522745581,-0.1248683676368279,1.0,-166.50106233224707
-0.6529453424794004,-0.1248683676368279,1.0,-169.42759289604655
-0.6644219329256728,-0.1248683676368279,2.0,-168.82145961339015
-0.6620449396603536,-0.11840099349646206,1.0,-171.74116264711662
-0.6734947554788887,-0.11806096471408813,2.0,-171.05414065199233
-0.6708005515764406,-0.11159359057372228,1.0,-174.97413757294916
-0.6861730885213693,-0.17426730493645207,2.0,-175.14313608737174
-0.6868358277936147,-0.1677999307960862,2.0,-175.66721312851288
-0.6888910318765211,-0.16212977550900357,2.0,-175.4099115994115
-0.687882006272202,-0.15532161400012368,2.0,-175.77362966385417
-0.6893083516229574,-0.14965145871304103,2.0,-175.3904212861516
-0.6878055736711828,-0.14284329720416114,2.0,-175.58820943038637
-0.6885812134524956,-0.1371731419170785,2.0,-175.07366208253583
-0.6865633807158268,-0.1303649804081986,2.0,-175.46222184371862
-0.688087144485171,-0.12469482512111595,2.0,-174.32929299407377
-0.6836442862512697,-0.1178866636122363,2.0,-174.5754277694167
-0.6846095206643793,-0.11221650832515366,2.0,-173.30838618677097
-0.6796407301441999,-0.1054083468162742,2.0,-173.49943067943104
-0.680389924233063,-0.09973819152919154,1.0,-175.21640288013833
-0.687123148549562,-0.09951156585255926,2.0,-174.41200290707792
-0.683968638851286,-0.0930441917121938,1.0,-176.45048372020258
-0.6919626812556965,-0.09270416292981985,1.0,-178.58956869095343
-0.7003512497684448,-0.09270416292981985,2.0,-177.71697456657307
-0.6969293120257768,-0.0862367887894544,1.0,-179.60787146272327
-0.7043445939714638,-0.08589676000708045,1.0,-181.66916249770776
-0.7124280882263049,-0.08589676000708045,2.0,-180.65422724021036
-0.7084479499616093,-0.07942938586671501,1.0,-182.39642325729608
-0.7152800912050826,-0.07908935708434106,2.0,-180.8657274400588
-0.7092773625100345,-0.07262198294397562,1.0,-182.4582524153007
-0.7155225584913752,-0.07228195416160169,1.0,-184.15118654767053
-0.7221615158732179,-0.07228195416160169,1.0,-185.84415401678288
-0.7288006039873839,-0.07228195416160169,2.0,-184.74294830846006
-0.7244821502292551,-0.06581458002123623,1.0,-186.1474608168982
-0.7299900424192086,-0.0654745512388623,1.0,-187.6901636598418
-0.7360398574895756,-0.0654745512388623,2.0,-186.51690437358837
-0.7314388406807387,-0.05900717709849686,1.0,-187.2988768229022
-0.7345053993054989,-0.058667148316122915,1.0,-188.69049611968413
-0.7399627298811142,-0.058667148316122915,1.0,-190.0821163992785
-0.7454200643108961,-0.058667148316122915,2.0,-188.8073153574767
-0.7404208445391244,-0.05219977417575747,1.0,-189.94693731024296
-0.7448899502362469,-0.05185974539338353,1.0,-191.18693525673794
-0.7497526872813254,-0.05185974539338353,1.0,-191.90140355936367
-0.7525545237622104,-0.05185974539338353,1.0,-193.14136274035354
-0.7574171087857002,-0.05185974539338353,2.0,-191.8147589547253
-0.7522147409989228,-0.045392371253018045,1.0,-192.7969553597427
-0.7560664916068341,-0.0450523424706441,1.0,-193.88469651513773
-0.7603321431966185,-0.0450523424706441,1.0,-194.97244646458492
-0.764597829272882,-0.0450523424706441,2.0,-193.06050912335348
-0.7571000357778568,-0.03858496833027863,1.0,-193.89521884349418
-0.760373407229389,-0.038244939547904686,1.0,-194.83032327380084
-0.7640404834266701,-0.038244939547904686,1.0,-195.77138180132036
-0.7677309090247857,-0.038244939547904686,1.0,-197.21632251211668
-0.7733973431847714,-0.09376501602219212,2.0,-196.26047589207863
-0.769648925066975,-0.08729764188182663,2.0,-195.4567261750198
-0.7664969653922344,-0.08162748659474418,2.0,-194.27422482313085
-0.7618597051887483,-0.07481932508586475,2.0,-193.3244812607432
-0.7581352206303654,-0.06914916979878233,2.0,-192.0711852135133
-0.7532203341706404,-0.062341008289902876,2.0,-190.98381577625813
-0.7489561402990514,-0.056670853002820404,2.0,-189.55729388011824
-0.7433619367847774,-0.04986269149394096,1.0,-190.47716254903966
-0.7469692648981947,-0.04952266271156701,1.0,-191.4208468195203
-0.7506699875275306,-0.04952266271156701,1.0,-192.4410328005568
-0.7546707168649286,-0.04952266271156701,1.0,-193.46148767344212
-0.7586725006801651,-0.04952266271156701,2.0,-192.07191376844077
-0.7532231912487873,-0.043055288571201555,1.0,-192.8450094278823
-0.7562549389328719,-0.042715259788827606,1.0,-194.1332356055133
-0.7613068062961307,-0.042715259788827606,1.0,-195.0065184595559
-0.7647314449394349,-0.042715259788827606,1.0,-195.79251928308886
-0.7678138011101525,-0.042715259788827606,2.0,-194.42184298998154
-0.762438599960712,-0.03624788564846216,1.0,-195.0475110372938
-0.7648922001462501,-0.0359078568660882,1.0,-195.67527221052393
-0.7673540086687212,-0.0359078568660882,1.0,-196.90165755799876
-0.7721633629725442,-0.0359078568660882,1.0,-197.62767308491144
-0.7750104826859272,-0.0359078568660882,1.0,-198.2554781126107
-0.7774724631867087,-0.0359078568660882,1.0,-198.98137844512163
-0.7803191311573398,-0.0359078568660882,2.0,-197.44921719705553
-0.7743106556747276,-0.029440482725722757,1.0,-197.92689671084776
-0.7761839086699912,-0.029100453943348804,1.0,-198.50510885980103
-0.7784514072933374,-0.029100453943348804,1.0,-199.0834776117922
-0.7807195200462439,-0.029100453943348804,0.0,-202.30725318899692
-0.7933617772117526,-0.035567828083714254,2.0,-201.03110180115175
-0.7883572619653009,-0.03025746210678829,2.0,-199.5689340778754
-0.7826232708936292,-0.024587306819705636,1.0,-200.4738148624522
-0.7861718229900087,-0.02436068114307334,1.0,-200.94905867813233
-0.78803552422797,-0.02436068114307334,1.0,-201.42444367731116
-0.7898997791267105,-0.02436068114307334,1.0,-201.7833967215628
-0.7913074381237757,-0.02436068114307334,1.0,-202.25864830571174
-0.7931711698263206,-0.02436068114307334,1.0,-203.23052157294111
-0.7969824375409454,-0.02436068114307334,2.0,-201.08825319211388
-0.7885813850671133,-0.01789330700270789,1.0,-201.31493676910242
-0.7894703402709898,-0.017553278220333948,1.0,-202.1360823612354
-0.7926905190636682,-0.017553278220333948,1.0,-202.46329424361255
-0.7939737029161277,-0.017553278220333948,1.0,-202.66370929634883
-0.7947596442994072,-0.017553278220333948,1.0,-202.99078376234337
-0.7960422892640917,-0.017553278220333948,1.0,-203.31798441563643
-0.7973254290809272,-0.017553278220333948,1.0,-204.63308673778099
-0.8024826930893372,-0.057944454633365006,2.0,-203.54212395699787
-0.7982044076745014,-0.05147708049299917,2.0,-201.8548629055205
-0.7915876976687078,-0.04580692520591652,2.0,-200.542936788929
-0.786442889368349,-0.03899876369703663,2.0,-199.35151451511607
-0.7817706451573179,-0.033328608409953976,2.0,-197.44738428427877
-0.7743034677814853,-0.026520446901074093,1.0,-198.11528849841844
-0.7769226999937977,-0.02618041811870015,1.0,-198.70835918020006
-0.7792484673733335,-0.02618041811870015,1.0,-198.82250472942798
-0.7796960969781489,-0.02618041811870015,1.0,-199.59091215140316
-0.7827094594172673,-0.02618041811870015,1.0,-200.1838998667415
-0.7850349014382021,-0.02618041811870015,1.0,-200.95245328928635
-0.788048836428574,-0.02618041811870015,1.0,-201.54534631722902
-0.7903739071263882,-0.02618041811870015,1.0,-202.13841675613335
-0.7926996735534642,-0.02618041811870015,2.0,-200.2797761762707
-0.7854108869657674,-0.019713043978334312,1.0,-200.8022898421123
-0.7874599601651462,-0.01937301519596037,1.0,-201.2394811086371
-0.7891744357201456,-0.01937301519596037,1.0,-201.67687094105565
-0.7908896899649241,-0.01937301519596037,1.0,-201.8246804847016
-0.7914693352341239,-0.01937301519596037,1.0,-202.2618119341196
-0.7931835762122338,-0.01937301519596037,1.0,-202.6991412060213
-0.7948985929647894,-0.01937301519596037,1.0,-203.32194248627033
-0.7973409509265503,-0.01937301519596037,1.0,-203.7591976383759
-0.7990556770132388,-0.01937301519596037,1.0,-204.19664863249636
-0.8007711711078288,-0.01937301519596037,1.0,-204.34431355502974
-0.8013502492354106,-0.01937301519596037,1.0,-204.7815093488774
-0.8030647425446172,-0.01937301519596037,1.0,-205.40449318536002
-0.8055078164131766,-0.01937301519596037,2.0,-203.77011565052356
-0.7990984927471512,-0.012905641055594531,1.0,-203.67524510372445
-0.7987264513871547,-0.012565612273220589,1.0,-204.15239869698428
-0.800597641948958,-0.012565612273220589,1.0,-204.43353152829354
-0.8017001236403669,-0.012565612273220589,1.0,-204.71487542911765
-0.8028034330553634,-0.012565612273220589,1.0,-205.1918329984674
-0.8046738548959504,-0.012565612273220589,1.0,-205.0021591794423
-0.8039300359978128,-0.012565612273220589,1.0,-205.2834587122075
-0.8050331714204215,-0.012565612273220589,1.0,-205.7604723506233
-0.8069038131396992,-0.012565612273220589,1.0,-206.04171571981522
-0.8080067283130008,-0.012565612273220589,1.0,-206.51880027431744
-0.8098776481345782,-0.012565612273220589,1.0,-206.7999878717532
-0.8109803445951105,-0.012565612273220589,1.0,-206.61032034011572
-0.8102365503533949,-0.012565612273220589,1.0,-207.08746020659223
-0.8121076870846753,-0.012565612273220589,1.0,-207.83961511335826
-0.8150573141700324,-0.03789092492911164,2.0,-206.32896236884764
-0.8091331857601869,-0.031423550788745806,2.0,-204.99845238377384
-0.803915499544211,-0.02575339550166315,2.0,-203.27529629643698
-0.7971580246919097,-0.018945233992783264,1.0,-203.2376075288818
-0.797010225603458,-0.018605205210409325,1.0,-203.7586678505084
-0.7990535994137584,-0.018605205210409325,1.0,-204.27973075878214
-0.801096983367773,-0.018605205210409325,1.0,-204.80079623396023
-0.8031403773880793,-0.018605205210409325,1.0,-205.32186425649977
-0.8051837813980383,-0.018605205210409325,1.0,-205.16081313593344
-0.8045522083762096,-0.018605205210409325,1.0,-205.68186001435691
-0.8065955294680662,-0.018605205210409325,2.0,-203.99385642216313
-0.7999759075378946,-0.012137831070043485,1.0,-204.49667409659037
-0.8019477415552563,-0.011797802287669542,1.0,-204.17953102297614
-0.8007040432273573,-0.011797802287669542,1.0,-204.54936245949634
-0.8021543625862602,-0.011797802287669542,1.0,-204.91919480758884
-0.8036046855199561,-0.011797802287669542,1.0,-205.2890280623262
-0.8050550120091223,-0.011797802287669542,1.0,-205.65886221881763
-0.8065053420345789,-0.011797802287669542,1.0,-206.0286972722073
-0.8079556755772834,-0.011797802287669542,1.0,-205.9453126040042
-0.8076286768784477,-0.011797802287669542,1.0,-206.31516452292578
-0.8090790765604933,-0.011797802287669542,1.0,-206.45133852163212
-0.8096130922416946,-0.011797802287669542,1.0,-206.8211625858241
-0.8110633826895063,-0.011797802287669542,1.0,-207.1909875779113
-0.8125136767761229,-0.011797802287669542,1.0,-207.56081349293447
-0.8139639744820959,-0.011797802287669542,1.0,-207.4772628348993
-0.8136363248427424,-0.011797802287669542,1.0,-207.84710581534958
-0.8150866894719592,-0.011797802287669542,1.0,-208.2169496519256
-0.8165370574585318,-0.011797802287669542,2.0,-206.46888895573105
-0.8096819174734551,-0.005330428147303704,1.0,-206.13861434518884
-0.8083867229223092,-0.004990399364929762,1.0,-206.357062890614
-0.8092433838847608,-0.004990399364929762,1.0,-206.57551168545683
-0.8101000458253209,-0.004990399364929762,1.0,-206.79396072892553
-0.8109567087408844,-0.004990399364929762,1.0,-207.0124100202334
-0.8118133726283663,-0.004990399364929762,1.0,-207.23085955859673
-0.8126700374846931,-0.004990399364929762,1.0,-206.7578198833045
-0.8108149799345276,-0.004990399364929762,1.0,-206.97626274897252
-0.8116716186234216,-0.004990399364929762,1.0,-207.19470587528855
-0.812528258334465,-0.004990399364929762,1.0,-207.41314926142837
-0.813384899064425,-0.004990399364929762,1.0,-207.63159290657228
-0.8142415408100874,-0.004990399364929762,1.0,-207.85003680990403
-0.8150981835682511,-0.017966510984229734,2.0,-206.03455223480532
-0.8079786362149228,-0.011499136843863911,1.0,-206.25353990078145
-0.8088374113756135,-0.011159108061490005,1.0,-206.32049795296615
-0.8090999919724163,-0.011159108061490005,1.0,-206.38745608882806
-0.8093625728973649,-0.011159108061490005,0.0,-208.9272535385271
-0.8193225628961848,-0.01762648220185581,2.0,-207.66622621442244
-0.8143773577036173,-0.012316116224929499,2.0,-206.03801485939888
-0.8079922151348976,-0.00664596093784773,1.0,-205.93254201008992
-0.8075785961179998,-0.006419335261215459,1.0,-206.33312442576835
-0.8091495075520327,-0.006419335261215459,1.0,-206.29457942394984
-0.8089983506821563,-0.006419335261215459,1.0,-206.2560344971879
-0.8088471941066192,-0.006419335261215459,1.0,-206.9159550637623
-0.8114351178971072,-0.006419335261215459,1.0,-206.87741372965834
-0.8112839754104249,-0.006419335261215459,1.0,-206.83887247176588
-0.8111328332226113,-0.006419335261215459,1.0,-207.23952377362582
-0.8127040147985326,-0.006419335261215459,1.0,-207.20097772317345
-0.8125528538163664,-0.006419335261215459,1.0,-207.42188762380766
-0.8134191671521869,-0.006419335261215459,1.0,-207.82230292125823
-0.8149894232206206,-0.006419335261215459,1.0,-207.7837605159109
-0.814838276532984,-0.006419335261215459,1.0,-207.74521818604555
-0.8146871301413551,-0.006419335261215459,1.0,-207.70667593170455
-0.8145359840459003,-0.006419335261215459,1.0,-208.1073906575551
-0.8161074143433533,-0.006419335261215459,2.0,-206.44899778521187
-0.8096039128831839,4.803887915034464e-05,1.0,-206.1585754173985
-0.8084650016368569,0.0003880676615242509,1.0,-205.96852827641035
-0.807719718731021,0.0003880676615242509,1.0,-206.04740778613098
-0.80802905014169,0.0003880676615242509,1.0,-206.29059297697933
-0.8089827175567817,0.0003880676615242509,1.0,-206.10055153028637
-0.8082374569815152,0.0003880676615242509,1.0,-205.9105102865043
-0.8074921972019776,0.0003880676615242509,1.0,-206.1540130324506
-0.8084471099311787,0.0003880676615242509,1.0,-205.96396390014036
-0.8077018192162366,0.0003880676615242509,1.0,-206.0427035546689
-0.8080106021751721,0.0003880676615242509,1.0,-206.28597213788677
-0.8089645966191638,0.0003880676615242509,1.0,-206.09592864737138
-0.8082193280289074,0.0003880676615242509,1.0,-205.90588535599952
-0.8074740602196059,0.0003880676615242509,1.0,-206.14947146310962
-0.8084292998553317,0.0003880676615242509,1.0,-205.9594203585961
-0.8076840014062592,0.0003880676615242509,1.0,-206.0380201436931
-0.8079922358576199,0.0003880676615242509,1.0,-205.84798285892828
-0.8072469916036402,0.0003880676615242509,1.0,-206.0913265832398
-0.8082012807185874,0.0003880676615242509,1.0,-205.90128126340096
-0.8074560049545136,0.0003880676615242509,1.0,-205.71123613951372
-0.8067107299588774,0.0003880676615242509,1.0,-206.22339713060174
-0.8087192044337324,0.0003880676615242509,1.0,-206.03335755462427
-0.807973951194605,0.0003880676615242509,1.0,-205.84331818507815
-0.8072286987650124,0.0003880676615242509,1.0,-206.08674533928516
-0.8081833150560203,0.0003880676615242509,1.0,-205.896698010106
-0.8074380314121804,0.0003880676615242509,1.0,-205.70665087316968
-0.806692748522234,0.0003880676615242509,1.0,-206.21875742669747
-0.8087010095164606,0.0003880676615242509,1.0,-206.02871578887107
-0.8079557481916512,0.0003880676615242509,1.0,-205.83867435367424
-0.8072104876614675,0.0003880676615242509,1.0,-205.64863312166793
-0.8064652279281095,0.0003880676615242509,1.0,-205.89213559750235
-0.8074201395980485,0.0003880676615242509,1.0,-205.7020864666833
-0.8066748488889542,0.0003880676615242509,1.0,-205.78082683273234
-0.8069836346381661,0.0003880676615242509,1.0,-206.02409484784425
-0.8079376268542913,0.0003880676615242509,1.0,-205.83405136613086
-0.8071923582985525,0.0003880676615242509,1.0,-205.64400808383084
-0.8064470905248269,0.0003880676615242509,1.0,-205.88759402698074
-0.8074023295175715,0.0003880676615242509,1.0,-205.96618071833794
-0.8077105126209331,0.0003880676615242509,1.0,-205.77614324007928
-0.806965267608154,0.0003880676615242509,1.0,-206.01949473294601
-0.8079195871880236,0.0003880676615242509,1.0,-205.829449223854
-0.8071743106817804,0.0003880676615242509,1.0,-205.6394039104318
-0.8064290349428699,0.0003880676615242509,1.0,-205.44935879322287
-0.805683759973423,0.0003880676615242509,1.0,-205.96152005781428
-0.8076922355208402,0.0003880676615242509,1.0,-205.771480495824
-0.8069469823365647,0.0003880676615242509,1.0,-205.58144114055392
-0.8062017299629565,0.0003880676615242509,1.0,-205.82486792824116
-0.8071563448166319,0.0003880676615242509,1.0,-205.63482060287305
-0.8064110611877375,0.0003880676615242509,1.0,-205.4447734699999
-0.8056657783137251,0.0003880676615242509,1.0,-205.95688022796145
-0.8076740401096527,0.0003880676615242509,1.0,-205.76683860138314
-0.8069287788289534,0.0003880676615242509,1.0,-205.57679717771376
-0.8061835183439754,0.0003880676615242509,1.0,-205.820307480686
-0.8071384607085725,0.0003880676615242509,1.0,-205.6302581625505
-0.8063931692649039,0.0003880676615242509,1.0,-205.70898546833118
-0.8067019037973772,0.0003880676615242509,1.0,-205.5189501126119
-0.805956667108282,0.0003880676615242509,1.0,-205.76221755817133
-0.806910657090868,0.0003880676615242509,1.0,-205.57217408528413
-0.8061653885697417,0.0003880676615242509,1.0,-205.38213081208056
-0.8054201208316885,0.0003880676615242509,1.0,-205.6257165908539
-0.8063753591798191,0.0003880676615242509,1.0,-205.70430379926484
-0.8066835443108425,0.0003880676615242509,1.0,-205.5142663378275
-0.8059382993640295,0.0003880676615242509,1.0,-205.75761736758994
-0.8068926171278037,0.0003880676615242509,1.0,-205.5675718646716
-0.806147340645771,0.0003880676615242509,1.0,-205.37752655768404
-0.8054020649320943,0.0003880676615242509,1.0,-205.62119588916377
-0.8063576309378971,0.0003880676615242509,1.0,-205.69964298596412
-0.8066652666116241,0.0003880676615242509,1.0,-205.50960343799898
-0.805920013482349,0.0003880676615242509,1.0,-205.75303803103822
-0.8068746589452479,0.0003880676615242509,1.0,-205.56299051727717
-0.8061293745775575,0.0003880676615242509,1.0,-205.3729431957305
-0.8053840909636489,0.0003880676615242509,1.0,-205.4518114600652
-0.8056933782747654,0.0003880676615242509,1.0,-205.69500302984733
-0.8066470707052836,0.0003880676615242509,1.0,-205.50496141454667
-0.8059018094688104,0.0003880676615242509,1.0,-205.31492000243378
-0.8051565490291521,0.0003880676615242509,1.0,-205.5584300444968
-0.8061114903705757,0.0003880676615242509,1.0,-205.36838072761776
-0.8053661989318343,0.0003880676615242509,2.0,-203.6573656021465
-0.7986563356946922,0.006855441801890055,2.0,-201.99469505802114
-0.7921360590510633,0.012525597088971822,1.0,-201.46280751511955
-0.7900502255494884,0.012752222765604095,1.0,-200.99785419820938
-0.7882268792086643,0.012752222765604095,1.0,-200.53290264956968
-0.7864035398022341,0.012752222765604095,1.0,-200.77598848033824
-0.7873568175699539,0.012752222765604095,1.0,-200.3110536286934
-0.7855335436419348,0.012752222765604095,1.0,-199.84612063731456
-0.7837102770090767,0.012752222765604095,1.0,-199.80394333773336
-0.7835448758342485,0.012752222765604095,1.0,-199.33898679673086
-0.781721516849925,0.012752222765604095,1.0,-198.87403202367264
-0.7798981647987163,0.012752222765604095,1.0,-299.1489459402295
