Lateral Error,Yaw Error,Action,Reward
0.0021806499575070166,0.002313746559661763,2.0,-2.5918295551105186
0.010164037471021643,0.008781120700027246,2.0,-4.53108917567118
0.017768977159494822,0.014451275987109689,2.0,-6.946553311704079
0.027241385536094426,0.021259437495989134,2.0,-9.164253627173949
0.035938249518329204,0.026929592783071568,1.0,-9.839078470141775
0.03858462145153637,0.02715621845970386,1.0,-10.447102405264648
0.04096902904025353,0.02715621845970386,1.0,-11.05522458493103
0.04335382190169031,0.02715621845970386,2.0,-13.697374375518557
0.053715193629484535,0.0336235926000693,1.0,-14.558207675715666
0.057091010493002615,0.03396362138244324,0.0,-13.283388710009849
0.05209172043141117,0.0274962472420778,2.0,-15.516229905921996
0.060847960415380375,0.032806613219003765,1.0,-16.358497145891246
0.06415096919957351,0.03314664200137771,0.0,-15.11753450603498
0.059284449043274436,0.026679267861012268,2.0,-17.33242004850561
0.06797027470002201,0.031989633837938236,0.0,-16.431758661305693
0.06443826926002233,0.026679267861012268,2.0,-18.646725378341685
0.07312441324839877,0.031989633837938236,0.0,-17.703301205927666
0.06942471061148105,0.026679267861012268,2.0,-19.96118147119553
0.0782791430242962,0.031989633837938236,0.0,-19.016002591672752
0.0745725591830304,0.026679267861012268,2.0,-21.275760383825624
0.08343435444637501,0.031989633837938236,0.0,-20.329059283165698
0.07972180111045371,0.026679267861012268,2.0,-22.59044067492229
0.08858996343106781,0.031989633837938236,0.0,-21.64240661071873
0.08487218278713228,0.026679267861012268,1.0,-22.132168910731053
0.08679281925776884,0.026339239078638325,1.0,-22.72233780991081
0.08910720709768946,0.026339239078638325,1.0,-23.312535564932297
0.09142170809777372,0.026339239078638325,1.0,-23.9027600383036
0.09373631387570039,0.026339239078638325,1.0,-24.493009298474792
0.0960510168567639,0.026339239078638325,1.0,-25.083281595628215
0.09836581017893417,0.026339239078638325,1.0,-25.67357534080418
0.10068068761099677,0.026339239078638325,1.0,-26.26388908783835
0.10299564348171904,0.026339239078638325,1.0,-26.854221517678738
0.10531067261834799,0.026339239078638325,1.0,-27.444571424724494
0.10762577029303724,0.026339239078638325,1.0,-27.99237943668023
0.10977403700658914,0.026339239078638325,1.0,-28.582297340018734
0.11208744054909307,0.026339239078638325,0.0,-27.15481903357767
0.10648948640618694,0.019871864938272886,0.0,-25.832799535197363
0.10130509621646025,0.014201709651190454,0.0,-24.043295528720968
0.09428743344596459,0.007393548142310988,0.0,-22.460419732833927
0.08808007738366246,0.0017233928552285163,0.0,-20.41104388730851
0.08004330936199414,-0.005084768653650962,0.0,-18.569892208607516
0.07282310670042164,-0.01075492394073344,0.0,-16.264831725954956
0.06378365382727433,-0.017563085449612884,0.0,-14.12901421267049
0.055407898873217606,-0.023233240736695318,0.0,-11.560140235102896
0.04533388327491332,-0.030041402245574764,0.0,-9.145582646399694
0.035865029985881154,-0.035711557532657194,0.0,-6.32344421736641
0.02479782046026043,-0.04251971904153664,0.0,-3.6339614682433643
0.014250829287228881,-0.04818987432861929,0.0,-0.4920948480433551
0.0019297837178170788,-0.05499803583749873,2.0,-0.8763959724274487
0.0034368469506958774,-0.04968766986057277,2.0,-1.4993566295536949
0.005879829919818412,-0.04401751457349012,2.0,-2.5302255990258264
0.009922453329513045,-0.03720935306461067,0.0,-0.25447370883864984
0.0009979361130927444,-0.04251971904153664,0.0,-2.637731811854758
-0.010344046320999053,-0.04818987432861929,2.0,-2.0207191255634647
-0.007924388727699861,-0.04262994201577408,2.0,-1.179714354471239
-0.0046263308018479965,-0.03695978672869154,0.0,-3.74855509092468
-0.014700216042841881,-0.042519719041536744,2.0,-3.019728362184191
-0.011842072008565453,-0.037209353064610776,0.0,-5.5297443157828035
-0.021685271826599233,-0.042519719041536744,2.0,-4.79944744342936
-0.01882136252325239,-0.037209353064610776,0.0,-7.312179583606869
-0.028675214053360272,-0.042519719041536744,2.0,-6.581346615993637
-0.02580920241566132,-0.037209353064610776,2.0,-5.672334554251303
-0.02224444923235805,-0.031539197777528345,0.0,-8.07404778148155
-0.03166293247639823,-0.03709913009037355,2.0,-7.287217064227192
-0.02857732182049879,-0.03178876411344758,0.0,-9.615951288225403
-0.03770961289500158,-0.03770775245802085,2.0,-8.829189408137898
-0.03462427218877607,-0.03239738648109488,0.0,-11.158053952732548
-0.043757074324441356,-0.03770775245802085,2.0,-10.371355548002134
-0.040671982541184835,-0.03239738648109488,2.0,-9.298119055707247
-0.03646321198316567,-0.02672723119401245,0.0,-11.623588399250332
-0.04558269960490326,-0.032287163506857654,2.0,-10.669542128315063
-0.041841341679666924,-0.026976797529931686,2.0,-9.518403530107873
-0.0373270726670897,-0.021306642242849255,0.0,-11.678427305839767
-0.04579775414054811,-0.02686657455569446,0.0,-14.05831741489433
-0.05513065652899737,-0.03253672984277689,2.0,-13.026784952168054
-0.05108543118497276,-0.026976797529931686,2.0,-11.876221716233813
-0.04657341849503456,-0.021306642242849255,2.0,-10.215217861862886
-0.04005967788965838,-0.014498480733969815,2.0,-8.7857531147636
-0.03445393378338667,-0.008828325446887365,0.0,-10.667024785664353
-0.04183146974770334,-0.014388257759732584,0.0,-12.718198277641923
-0.049875287363301664,-0.02005841304681501,0.0,-15.286379276430644
-0.059946585397767226,-0.026866574555694456,2.0,-14.215949046666474
-0.05574881979084891,-0.02155620857876849,2.0,-12.91808362114861
-0.05065915145548474,-0.01588605329168606,0.0,-15.492104638023791
-0.060753351521661926,-0.021445985604531263,0.0,-17.700895318308316
-0.06941527575807183,-0.027116140891613693,2.0,-16.598765273532795
-0.06509319715110899,-0.02155620857876849,0.0,-18.68558261062776
-0.0732767945514814,-0.026866574555694456,2.0,-17.65689825406057
-0.06924273825121793,-0.02155620857876849,2.0,-16.35121480423287
-0.06412241099699165,-0.01588605329168606,2.0,-14.582571633771941
-0.05718655542655663,-0.009077891782806604,2.0,-13.026378789225847
-0.05108383838912097,-0.0034077364957241295,2.0,-10.997190054133235
-0.043126235506404834,0.003400425013155351,1.0,-10.799763531660687
-0.042352013849649754,0.003740453795529294,1.0,-10.702953352691809
-0.04197236608898748,0.003740453795529294,1.0,-10.606395613932104
-0.04159370828992982,0.003740453795529294,1.0,-10.515761263196765
-0.04123827946351673,0.003740453795529294,1.0,-10.417252810990993
-0.040851971807807815,0.003740453795529294,1.0,-10.318971684760186
-0.04046655562651053,0.003740453795529294,1.0,-10.220924442187112
-0.04008205663602789,0.003740453795529294,1.0,-10.123117879099603
-0.03969850148666511,0.003740453795529294,1.0,-10.025559039506312
-0.039315917801985546,0.003740453795529294,1.0,-9.928255226087826
-0.03893433421995225,0.003740453795529294,1.0,-9.831214011162928
-0.03855378043593305,-0.016961643552791967,1.0,-10.24443883612127
-0.04017426994557362,-0.016961643552791967,1.0,-10.657907956125468
-0.04179571747500184,-0.016961643552791967,1.0,-11.076666238092418
-0.04343790681604869,-0.016961643552791967,1.0,-11.488069837052311
-0.045051254262950244,-0.016961643552791967,1.0,-11.899818444512299
-0.04666595468436195,-0.016961643552791967,1.0,-12.311877445953906
-0.048281872337074136,-0.016961643552791967,1.0,-12.724216686165438
-0.04989888896535466,-0.016961643552791967,0.0,-15.119643175496389
-0.05929271833527996,-0.023429017693157438,1.0,-15.78448676638796
-0.06189994810348219,-0.023769046475531384,1.0,-16.349148293462004
-0.06411430703318434,-0.023769046475531384,1.0,-16.9139706670397
-0.06632929673348902,-0.023769046475531384,1.0,-17.47893829412645
-0.06854485605539784,-0.023769046475531384,1.0,-18.044037530852485
-0.07076093149353915,-0.023769046475531384,1.0,-18.099287811187914
-0.07097759925956046,-0.023769046475531384,1.0,-18.664630596833476
-0.07319462979150383,-0.023769046475531384,1.0,-19.230074823588755
-0.07541205813172061,-0.023769046475531384,1.0,-19.79561179872763
-0.07762985019108876,-0.023769046475531384,1.0,-20.361233793941857
-0.07984797566251708,-0.023769046475531384,1.0,-20.92194265590234
-0.08204683394471504,-0.023769046475531384,1.0,-21.48663065029644
-0.0842612966678292,-0.023769046475531384,1.0,-22.051440661965472
-0.08647623789006068,-0.023769046475531384,1.0,-22.61636354931187
-0.08869162176200733,-0.023769046475531384,1.0,-23.18139106010754
-0.09090741592199035,-0.023769046475531384,1.0,-23.746515726084063
-0.0931235910826826,-0.023769046475531384,1.0,-24.311730772144017
-0.09534012067507457,-0.023769046475531384,1.0,-24.877030037884424
-0.09755698054072323,-0.023769046475531384,1.0,-25.44240790953022
-0.0997741486648244,-0.023769046475531384,1.0,-26.00785926070388
-0.1019916049439368,-0.023769046475531384,1.0,-26.059409158753752
-0.10219376140687746,-0.023769046475531384,1.0,-26.624113180926603
-0.10440828698402589,-0.023769046475531384,1.0,-27.188915498761133
-0.10662319803435738,-0.023769046475531384,1.0,-27.753810111177337
-0.10883847102422486,-0.023769046475531384,2.0,-26.337684589111202
-0.10328503760435766,-0.017301672335165906,1.0,-26.649817403199307
-0.10450908785568355,-0.016961643552791967,1.0,-27.062443282877236
-0.10612722856030288,-0.016961643552791967,1.0,-27.47518192941585
-0.1077458114879053,-0.016961643552791967,1.0,-27.888028336017616
-0.10936481700399066,-0.016961643552791967,1.0,-28.81689262322391
-0.11300742205185847,-0.04021578916108561,2.0,-27.25993452521229
-0.10690170402044037,-0.03374841502072013,2.0,-26.316810586206554
-0.10320317876943748,-0.028078259733637704,2.0,-24.904331076603118
-0.09766404343765929,-0.02127009822475826,1.0,-25.329722505644927
-0.09933224512017617,-0.020930069442384316,1.0,-25.816508991312176
-0.10124121173063598,-0.020930069442384316,1.0,-26.303758047364024
-0.10315199234260401,-0.020930069442384316,2.0,-24.849411019350327
-0.09744867066411894,-0.014462695302018875,1.0,-25.083507059199544
-0.09836669434980214,-0.014122666519644932,1.0,-25.464700430439045
-0.09986157031544723,-0.014122666519644932,1.0,-25.29030918972731
-0.09917768309696984,-0.014122666519644932,0.0,-28.07268969557566
-0.11008897919833593,-0.020590040660010373,2.0,-26.46776225158581
-0.10379514608465024,-0.015279674683084407,1.0,-26.720174890447364
-0.10478499957038181,-0.014939645900710466,1.0,-27.119007611632597
-0.10634904945738273,-0.014939645900710466,1.0,-27.47060737157064
-0.10772787204537507,-0.014939645900710466,1.0,-27.822692265058844
-0.10910859711787782,-0.014939645900710466,1.0,-28.17524410505273
-0.11049115335314796,-0.014939645900710466,1.0,-28.574775532932126
-0.1120579432664005,-0.014939645900710466,1.0,-28.92620158250049
-0.11343608463725682,-0.014939645900710466,2.0,-27.346556712098824
-0.1072413988709758,-0.008472271760345025,1.0,-27.444914792077263
-0.10762711683167554,-0.008132242977971082,1.0,-27.700217648460214
-0.10862830450376555,-0.008132242977971082,1.0,-27.897787114781305
-0.10940308672463257,-0.008132242977971082,1.0,-27.589055268229654
-0.10819237360090062,-0.008132242977971082,1.0,-27.787422150787847
-0.10897028294426607,-0.008132242977971082,1.0,-28.04386676905272
-0.10997594811393223,-0.008132242977971082,1.0,-28.24108671783841
-0.11074935967779768,-0.008132242977971082,1.0,-28.438828884911217
-0.11152481915651458,-0.008132242977971082,1.0,-28.63708245235102
-0.11230228412686676,-0.008132242977971082,1.0,-28.89383403139776
-0.11330915306430493,-0.008132242977971082,1.0,-29.090974623117667
-0.11408225342399085,-0.008132242977971082,1.0,-29.288623349493434
-0.11485734646860171,-0.008132242977971082,1.0,-29.486769992503557
-0.11563439212746493,-0.008132242977971082,1.0,-29.685404581541828
-0.11641335130016403,-0.008132242977971082,1.0,-29.94087643427769
-0.11741520170304975,-0.008132242977971082,1.0,-30.138436898471138
-0.11818994862145545,-0.008132242977971082,1.0,-30.336482482487458
-0.11896659797053906,-0.008132242977971082,1.0,-30.535003747078708
-0.119745112733642,-0.017437912854517314,2.0,-28.873060938063468
-0.11322768995319006,-0.010970538714151868,1.0,-28.816509032092508
-0.1130059177729118,-0.010630509931777919,1.0,-29.435162484308318
-0.11543200974238557,-0.010630509931777919,1.0,-29.47818825789628
-0.11560073826625991,-0.010630509931777919,1.0,-29.521731370300923
-0.11577149556980755,-0.010630509931777919,1.0,-30.071520224502848
-0.11792753029216803,-0.010630509931777919,1.0,-30.183829895776785
-0.11836796037559523,-0.010630509931777919,1.0,-30.732407435082816
-0.12051924484346202,-0.010630509931777919,1.0,-30.776461876772316
-0.12069200735989143,-0.010630509931777919,1.0,-30.88960093346338
-0.12113568993515052,-0.010630509931777919,1.0,-31.437775330028416
-0.12328539345109182,-0.010630509931777919,1.0,-31.481561859831135
-0.12345710533267111,-0.010630509931777919,1.0,-31.525830745744052
-0.12363070880683942,-0.010630509931777919,1.0,-32.143279594480894
-0.12605207684110153,-0.010630509931777919,0.0,-34.10502837209106
-0.1337452093023179,-0.01709788407214337,2.0,-32.74069951230731
-0.12839490004826398,-0.011787518095217402,0.0,-34.874125006707885
-0.13676127453610934,-0.01709788407214337,2.0,-33.57155664213636
-0.13165316330249552,-0.011787518095217402,2.0,-31.97068613921067
-0.12537523976161047,-0.00611736280813475,1.0,-31.91759211718887
-0.1251670279105446,-0.005890737131502453,0.0,-34.26611675471657
-0.1343769284498689,-0.012358111271867903,2.0,-32.803057426744964
-0.12863944088919593,-0.0070477452949419366,1.0,-32.657645427526695
-0.12806919775500664,-0.006707716512567986,1.0,-33.192526680769134
-0.13016677129713386,-0.006707716512567986,1.0,-33.14680926155753
-0.1299874873002256,-0.006707716512567986,1.0,-33.60615879445704
-0.13178885801747858,-0.006707716512567986,1.0,-33.56163046758445
-0.13161423712778217,-0.006707716512567986,1.0,-33.59103827508035
-0.13172956186306023,-0.006707716512567986,1.0,-34.05003871793201
-0.13352956359973336,-0.006707716512567986,1.0,-34.00528687081526
-0.13335406616005988,-0.006707716512567986,1.0,-34.035365166866924
-0.1334720202622232,-0.006707716512567986,1.0,-34.49402420616219
-0.13527068316142035,-0.006707716512567986,1.0,-34.449054735339494
-0.13509433229544898,-0.006707716512567986,1.0,-34.47978615296606
-0.13521484765869043,-0.006707716512567986,1.0,-34.93811123466986
-0.13701220092027394,-0.006707716512567986,1.0,-34.89292980846721
-0.13683501885673416,-0.006707716512567986,1.0,-34.848185073651955
-0.13665954930843904,-0.0029063969336187117,1.0,-34.87820654559357
-0.13677728057095517,-0.0029063969336187117,1.0,-35.336908050182466
-0.13857611000071554,-0.0029063969336187117,1.0,-35.29195079058781
-0.13839980702191299,-0.0029063969336187117,1.0,-35.322610515577345
-0.1385200412375582,-0.0029063969336187117,1.0,-35.276753334501116
-0.13834020915490636,-0.0029063969336187117,1.0,-35.231326349539046
-0.1381620641158394,-0.0029063969336187117,1.0,-35.186331226893145
-0.13798561265448295,-0.0029063969336187117,1.0,-35.72105061219355
-0.14008255142036685,-0.0029063969336187117,1.0,-35.675422283593534
-0.139903616798406,-0.0029063969336187117,1.0,-35.63021992246153
-0.13972635263710403,-0.0029063969336187117,1.0,-35.58544515205132
-0.13955076530216204,-0.0029063969336187117,1.0,-35.61553015531214
-0.13966874570710644,-0.0029063969336187117,1.0,-36.074209342763766
-0.14146748761868144,-0.0029063969336187117,1.0,-36.02922678051201
-0.1412910854137726,-0.0029063969336187117,1.0,-35.984667616000124
-0.14111634359215733,-0.0029063969336187117,1.0,-36.01407215134157
-0.14123165549545716,-0.0029063969336187117,1.0,-35.968629471865086
-0.14105344890927485,-0.0029063969336187117,1.0,-35.92360975156915
-0.1408769009865457,-0.0029063969336187117,1.0,-36.45837368824665
-0.14297401446371236,-0.0029063969336187117,1.0,-36.41273393887724
-0.14279503505442054,-0.0029063969336187117,1.0,-36.36751149242291
-0.14261769212714867,-0.0029063969336187117,0.0,-38.23637264577187
-0.1499465593951838,-0.009373771073984162,2.0,-36.788273650213235
-0.14426773980475777,-0.004063405097058196,1.0,-37.23913258855292
-0.14603581407275656,-0.0037233763146842453,1.0,-37.21238393193171
-0.14593091738012437,-0.0037233763146842453,1.0,-37.186044975973665
-0.1458276273567595,-0.0037233763146842453,1.0,-37.23352130468176
-0.1460138090379677,-0.0037233763146842453,1.0,-37.20632749458485
-0.14590716664543077,-0.0037233763146842453,0.0,-39.59809046298502
-0.1552866292666079,-0.010190750455049696,2.0,-38.16807054171845
-0.14967870800673902,-0.004880384478123729,0.0,-39.719451129882714
-0.15576255345052042,-0.010190750455049696,2.0,-38.35739277635862
-0.15042114814258284,-0.004880384478123729,0.0,-39.904826256870074
-0.1564895147328238,-0.010190750455049696,2.0,-38.47459367863074
-0.15088075952404212,-0.004880384478123729,2.0,-36.883824862140216
-0.14464245043976556,0.0007897708089589224,0.0,-38.87845721299097
-0.1524645380901607,-0.004770161503886286,2.0,-37.33286912825602
-0.14640340834610205,0.0005402044730396805,1.0,-37.18176610080914
-0.1458108474541535,0.015591796745171633,1.0,-36.547196435083585
-0.1433223389611121,0.015591796745171633,0.0,-38.322314577744415
-0.15028358657938987,0.009124422604806181,0.0,-39.9488362130274
-0.1566621027961859,0.0034542673177235697,0.0,-41.623574232746705
-0.16322970287351649,-0.003353894191155875,0.0,-43.61645921015924
-0.17104493807905585,-0.009024049478238306,2.0,-41.88482381786327
-0.16425421105044422,-0.003464117165393101,0.0,-43.75847071837333
-0.17160184595440525,-0.008774483142319068,1.0,-44.287611011593405
-0.1736769059278173,-0.00911451192469301,2.0,-42.31604355780364
-0.1659452688541319,-0.002647137784327568,0.0,-44.168704952746474
-0.1732106076578293,-0.007957503761253535,0.0,-45.76440198252302
-0.17946824306871773,-0.013627659048335966,2.0,-44.63768833189829
-0.175049758164307,-0.008067726735490761,2.0,-42.88651365206203
-0.1681824064786746,-0.0023975714484083307,0.0,-44.810867578789036
-0.17572889246583934,-0.007957503761253535,2.0,-43.13533804061785
-0.1691581883945798,-0.002647137784327568,0.0,-44.98929307715163
-0.17642860030255542,-0.007957503761253535,2.0,-43.362607466257046
-0.17004944104414527,-0.002647137784327568,0.0,-45.21215661747297
-0.17730257497048224,-0.007957503761253535,0.0,-47.27666048986703
-0.18539866858771384,-0.013627659048335966,2.0,-45.68015350609231
-0.17913785688663653,-0.008067726735490761,0.0,-47.66183509459589
-0.18690915723370935,-0.013378092712416727,2.0,-46.10009546234739
-0.18078468808763684,-0.008067726735490761,0.0,-48.084385009768766
-0.1885662157245834,-0.013378092712416727,2.0,-46.563512419294405
-0.18260200948742905,-0.008067726735490761,0.0,-48.50769704183205
-0.1902262629091453,-0.013378092712416727,2.0,-46.9829777270378
-0.1842469714785796,-0.008067726735490761,0.0,-48.965702465792496
-0.192022362610951,-0.013378092712416727,2.0,-47.40327770026182
-0.18589520666769338,-0.008067726735490761,0.0,-49.388518285965674
-0.19368046386653204,-0.013378092712416727,2.0,-47.86612765909412
-0.18771030454546714,-0.008067726735490761,2.0,-46.62661572325101
-0.18284947342451374,-0.0023975714484083307,0.0,-47.99589918905121
-0.18821921250608317,-0.007957503761253535,2.0,-46.8747958921631
-0.18382272898887492,-0.002647137784327568,2.0,-45.021562882817854
-0.17655514856007,0.0030230175027548627,0.0,-46.81296326442871
-0.18358024809579884,-0.002536914810090342,2.0,-45.02535309641813
-0.17657001214281617,0.002773451166835625,0.0,-46.74628301352646
-0.18331875691579003,-0.002536914810090342,2.0,-44.45009247860404
-0.1743140881513884,0.03020548386843221,1.0,-44.056183060233614
-0.17276934533424945,0.030545512650806152,1.0,-43.19534906952115
-0.169393525762828,0.030545512650806152,1.0,-42.33451557554789
-0.16601770813940347,0.030545512650806152,1.0,-41.979738751400006
-0.16462642647607845,0.030545512650806152,1.0,-41.11889988328582
-0.16125058777759144,0.030545512650806152,1.0,-40.258061328945395
-0.15787475030958978,0.030545512650806152,1.0,-39.90335992728263
-0.1564837644207162,0.030545512650806152,1.0,-39.04251710682949
-0.15310791022286077,0.030545512650806152,1.0,-38.181674438995486
-0.1497320566235117,0.030545512650806152,1.0,-37.827057371519544
-0.1483414014569394,0.030545512650806152,1.0,-36.96621193081541
-0.14496553698358985,0.030545512650806152,0.0,-38.537406438268405
-0.15112708407164083,0.02407813851044071,0.0,-39.46872374332923
-0.1547793087973695,0.018407983223358283,0.0,-40.93352961815118
-0.16052364556137716,0.011599821714478837,0.0,-42.6942805018543
-0.16742855098766393,0.0059296664273964066,0.0,-44.45871633681803
-0.17434790720320797,-0.0008784950814830625,2.0,-42.699106287517985
-0.16744747563732543,0.004431870895442929,0.0,-44.53405755844163
-0.1746433629742809,-0.0008784950814830625,2.0,-42.77311971743706
-0.16773772438210616,0.004431870895442929,0.0,-44.09986924980974
-0.1729406637247441,-0.0008784950814830625,2.0,-42.865992997190226
-0.1681019333223146,0.004431870895442929,0.0,-44.1759130229424
-0.17323887459977413,-0.0008784950814830625,2.0,-42.42964421469571
-0.1663907616262577,0.004431870895442929,0.0,-44.26270683045843
-0.17357924247238601,-0.0008784950814830625,2.0,-42.50322802567957
-0.1666793255909003,0.004431870895442929,0.0,-44.338015694643175
-0.17387457135154188,-0.0008784950814830625,2.0,-42.577201419195355
-0.16696941733017784,0.004431870895442929,0.0,-43.90379919917254
-0.1721717615653825,-0.0008784950814830625,2.0,-42.670198229604786
-0.1673341107043325,0.004431870895442929,0.0,-43.97981358714347
-0.17246985720448418,-0.0008784950814830625,2.0,-42.233812670127044
-0.16562279478481193,0.004431870895442929,0.0,-44.066700338220365
-0.1728105895616485,-0.0008784950814830625,2.0,-42.30735411900638
-0.16591119262355444,0.004431870895442929,0.0,-43.63211884201494
-0.1711063484000586,-0.0008784950814830625,2.0,-42.38128709840218
-0.16620112587608699,0.004431870895442929,0.0,-43.70773164430003
-0.17140286919333345,-0.0008784950814830625,2.0,-41.96488282504329
-0.16456816794134627,0.012357490325947507,0.0,-43.27379928468307
-0.1697011736654238,0.007047124349021517,0.0,-44.8518720882365
-0.17588969446367253,0.001376969061939046,0.0,-46.91934708357577
-0.18399743954343442,-0.005431192446940433,2.0,-45.41569711669519
-0.1781007730066478,-0.00012082647001443965,2.0,-43.680332068163466
-0.17129541987515087,0.005549328817068028,0.0,-45.2489826021291
-0.1774469905965847,-1.0603495777205087e-05,2.0,-43.64267360806751
-0.17114773963948043,0.005299762481148789,0.0,-45.13149536964821
-0.17698625635156162,-1.0603495777205087e-05,2.0,-43.52261290999691
-0.17067691337253688,0.005299762481148789,0.0,-45.0143278355707
-0.17652677582576742,-1.0603495777205087e-05,2.0,-43.40286969523335
-0.17020733213817,0.005299762481148789,0.0,-44.8962875475889
-0.17606387273564275,-1.0603495777205087e-05,2.0,-43.28344659871995
-0.16973900626949,0.005299762481148789,0.0,-44.77839934777886
-0.175601566069721,-1.0603495777205087e-05,2.0,-43.164346277476966
-0.16927194618618419,0.005299762481148789,0.0,-44.66083126361843
-0.17514051475928796,-1.0603495777205087e-05,2.0,-43.05270742096494
-0.1688341467488821,0.005299762481148789,0.0,-44.54358582984191
-0.1746807287444781,-1.0603495777205087e-05,2.0,-42.932857263157146
-0.168364146130028,0.005299762481148789,0.0,-44.4258113621741
-0.17421886808695725,-1.0603495777205087e-05,0.0,-46.17612421604108
-0.1810828400629062,-0.005680758782859672,2.0,-44.597896794963596
-0.1748937129214259,-0.00012082647001443855,0.0,-46.228851119020064
-0.18128961223145124,-0.005431192446940432,2.0,-44.721386046244056
-0.17537798449507475,-0.00012082647001443855,0.0,-46.34527507983612
-0.18174617678367108,-0.005431192446940432,2.0,-44.84519565500805
-0.17586351237258058,-0.00012082647001443855,2.0,-43.112975508033706
-0.16907049218836748,0.005549328817068029,0.0,-44.67879357154806
-0.17521095518254143,-1.0603495777203982e-05,2.0,-43.066631584299984
-0.1688887513109803,0.00529976248114879,0.0,-44.5607326545931
-0.17474797119448274,-1.0603495777203982e-05,2.0,-42.947347802015216
-0.16842097177260867,0.00529976248114879,0.0,-44.442992505389356
-0.17428624511917395,-1.0603495777203982e-05,2.0,-42.836325024896155
-0.16798558833292607,0.00529976248114879,0.0,-44.32557568006229
-0.17382578698063647,-1.0603495777203982e-05,2.0,-42.71628782155232
-0.16751485420216597,0.00529976248114879,0.0,-44.20836535853737
-0.17336613866093087,-1.0603495777203982e-05,2.0,-42.596574243520045
-0.16704538919027467,0.00529976248114879,0.0,-44.09021683564826
-0.17290281112018926,-1.0603495777203982e-05,2.0,-42.47718702702182
-0.16657720402753656,0.00529976248114879,0.0,-43.9723920428477
-0.17244075310920665,-1.0603495777203982e-05,2.0,-42.36652248744645
-0.1661432254409665,0.00529976248114879,0.0,-43.85489358942934
-0.17197997486050723,-1.0603495777203982e-05,2.0,-42.24637362579066
-0.1656720534344732,0.00529976248114879,2.0,-40.398346928770636
-0.15842488991674758,0.010969917768231266,0.0,-41.836494144540914
-0.1640646829197683,0.005409985455386023,2.0,-40.109380371053795
-0.15729168772962274,0.010720351432312028,0.0,-41.47585611372266
-0.1626504161322457,0.005409985455386023,2.0,-39.76349350955214
-0.15593526866491034,0.010720351432312028,0.0,-41.115558313826305
-0.16123748358363257,0.005409985455386023,2.0,-39.40046252345285
-0.15451161773903077,0.010720351432312028,0.0,-40.76302278553393
-0.15985499131581932,0.005409985455386023,2.0,-39.03774551727132
-0.15308919810694635,0.010720351432312028,0.0,-40.401935321099806
-0.15843896204352864,0.005409985455386023,0.0,-42.01686509537143
-0.16477201998184873,-0.0002601698316964432,2.0,-40.33124358941181
-0.15816173956632085,0.00529976248114879,0.0,-41.82564300397593
-0.16402212942735658,-1.0603495777203982e-05,2.0,-40.211981820442126
-0.15769404635467502,0.00529976248114879,0.0,-41.708026158830336
-0.16356088689737386,-1.0603495777203982e-05,2.0,-40.10097120697185
-0.15725871061557586,0.00529976248114879,0.0,-41.59075459582539
-0.16310099841500153,-1.0603495777203982e-05,0.0,-43.33888713734609
-0.16995642014645523,-0.005680758782859671,2.0,-41.76320983357102
-0.16377729346498437,-0.00012082647001443744,0.0,-43.391399546520304
-0.17016235116282472,-0.005431192446940431,2.0,-41.88630030311861
-0.16426000118870046,-0.00012082647001443744,0.0,-43.50861338089563
-0.17062201325841425,-0.005431192446940431,2.0,-42.009735093653916
-0.16474405919079968,-0.00012082647001443744,0.0,-43.6336452568458
-0.17111233434057177,-0.005431192446940431,2.0,-42.133511178997566
-0.165229455603912,-0.00012082647001443744,0.0,-43.75899668123192
-0.17160390855385066,-0.005431192446940431,2.0,-42.25734080312564
-0.16571506197304173,-0.00012082647001443744,2.0,-40.52348651704899
-0.15891563340019207,0.0055493288170680305,0.0,-42.090296673573015
-0.16505998695518828,-1.0603495777202878e-05,2.0,-40.47731218549449
-0.15873455759017446,0.0052997624811487905,0.0,-41.97249739951464
-0.16459802901770446,-1.0603495777202878e-05,2.0,-40.35821964791279
-0.15826752803103056,0.0052997624811487905,0.0,-41.855040201270796
-0.16413741255400313,-1.0603495777202878e-05,2.0,-40.246641654864135
-0.15782996727397697,0.0052997624811487905,0.0,-41.73792796680959
-0.16367814888944937,-1.0603495777202878e-05,2.0,-40.12674709327877
-0.15735979252266186,0.0052997624811487905,0.0,-41.61980000194825
-0.1632149019684245,-1.0603495777202878e-05,2.0,-40.007197958564014
-0.15689097238652555,0.0052997624811487905,0.0,-41.50191042976795
-0.16275258992065864,-1.0603495777202878e-05,2.0,-39.88799735657784
-0.1564235190454033,0.0052997624811487905,0.0,-41.3843663096785
-0.16229163258697452,-1.0603495777202878e-05,2.0,-39.77679418962349
-0.1559874281946019,0.0052997624811487905,0.0,-41.26717059360485
-0.1618320415435484,-1.0603495777202878e-05,2.0,-39.656782232450674
-0.15551679306843402,0.0052997624811487905,0.0,-41.14932856779928
-0.16136991595215405,-1.0603495777202878e-05,2.0,-39.53711909680859
-0.1550475258698376,0.0052997624811487905,0.0,-41.03134669901114
-0.16090724195690642,-1.0603495777202878e-05,2.0,-39.417807959516196
-0.15457963905692626,0.0052997624811487905,0.0,-40.91371372416665
-0.16044593617320252,-1.0603495777202878e-05,2.0,-39.306988675781746
-0.15414505363051667,0.0052997624811487905,0.0,-40.796432661282196
-0.15998601043640076,-1.0603495777202878e-05,2.0,-39.186856636145556
-0.15367394759272768,0.0052997624811487905,0.0,-40.67888324677784
-0.15952503234030527,-1.0603495777202878e-05,2.0,-39.06707687683423
-0.15320422304640874,0.0052997624811487905,0.0,-40.560807016061354
-0.15906198829827983,-1.0603495777202878e-05,2.0,-38.94765264806066
-0.15273589273749277,0.0052997624811487905,0.0,-40.443083188577766
-0.15860032622971673,-1.0603495777202878e-05,2.0,-38.828587230317275
-0.152268969530656,0.0052997624811487905,0.0,-40.32571485066485
-0.15814005823790137,-1.0603495777202878e-05,2.0,-38.71697173407787
-0.15183126170226618,0.0052997624811487905,0.0,-40.20846495546696
-0.1576802547273214,-1.0603495777202878e-05,2.0,-38.597072637331905
-0.15136106916600747,0.0052997624811487905,2.0,-36.748239651797846
-0.14411074373254057,0.010969917768231266,2.0,-34.45430055321493
-0.13511490413025462,0.01777807927711071,2.0,-32.346102165154946
-0.12684745947119586,0.023448234564193142,2.0,-29.816512851284013
-0.11692750137758437,0.030256396073072584,2.0,-27.453324539550728
-0.10766009623353227,0.03592655136015502,2.0,-24.62374944215496
-0.09656372330256847,0.042734712869034464,1.0,-23.560182939296514
-0.09239287427175105,0.04307474165140841,1.0,-22.597006945220492
-0.0886157135106686,0.04307474165140841,1.0,-21.633848036194124
-0.08483861974978088,0.04307474165140841,1.0,-20.670708600469165
-0.08106160235478105,0.04307474165140841,1.0,-19.707591493113817
-0.07728467252201497,0.04307474165140841,1.0,-18.744500155911517
-0.07350784374867261,0.04307474165140841,1.0,-17.78143877620858
-0.06973113245571992,0.04307474165140841,1.0,-16.818412500313872
-0.06595455882476028,0.04307474165140841,1.0,-15.85542772462939
-0.062178147939723094,0.04307474165140841,1.0,-14.892492499670803
-0.058401931371258056,0.04307474165140841,0.0,-15.84366932410345
-0.06213203656511157,0.03660736751104296,0.0,-16.714410996876214
-0.06554670979167143,0.03093721222396053,1.0,-16.09379450875959
-0.06311291964219448,0.030710586547328236,1.0,-15.40629097095892
-0.060416827337093804,0.030710586547328236,0.0,-16.701742832428636
-0.06549703071540641,0.024243212406962793,0.0,-17.86754775478587
-0.07006881472465047,0.018573057119880363,1.0,-17.52358637377049
-0.06871994656380584,0.018346431443248074,1.0,-17.11280279468017
-0.06710903056737322,0.018346431443248074,2.0,-14.748034876549927
-0.057835430888431086,0.024813805583613513,2.0,-12.495295334871216
-0.04900115817596555,0.030483960870695943,0.0,-13.46478662803864
-0.05280308481583781,0.02492402855785074,0.0,-14.64831718591727
-0.05744438112124419,0.01925387327076831,0.0,-16.285714018117353
-0.06386554516908767,0.012445711761888864,0.0,-17.748815100714395
-0.06960319647338978,0.006775556474806403,0.0,-19.68410052232498
-0.0771925510679411,-3.260503407308071e-05,0.0,-21.426750245384483
-0.08402647155052739,-0.005702760321155548,0.0,-23.657178540808513
-0.09277324917964122,-0.012510921830035028,2.0,-22.307381328328365
-0.08747992677775829,-0.007200555853109037,1.0,-22.360599647180322
-0.08768862606737382,-0.006860527070735094,0.0,-24.512750419146744
-0.09612843301626174,-0.01332790121110056,2.0,-23.177920739698195
-0.09089380682234587,-0.008017535234174578,0.0,-24.99255166897703
-0.09801000654500795,-0.01332790121110056,2.0,-23.655633078452823
-0.09276718854295224,-0.008017535234174578,0.0,-25.472798047509063
-0.09989332567650612,-0.01332790121110056,2.0,-24.13389812062359
-0.09464273772793566,-0.008017535234174578,0.0,-25.93102802516019
-0.10169030598102036,-0.01332790121110056,2.0,-24.599362387225874
-0.09646808779304264,-0.008017535234174578,0.0,-26.410043296894816
-0.10356879724272476,-0.01332790121110056,2.0,-25.07630481294705
-0.09833845024685119,0.0011093094289104423,0.0,-26.379976369277262
-0.10345088772265594,-0.004201056548015541,0.0,-28.44820199410281
-0.11156157644746201,-0.009871211835097971,2.0,-27.150004184327397
-0.10647060464442115,-0.004311279522252767,0.0,-28.589146810350783
-0.1121143012170619,-0.009621645499178735,2.0,-27.340530303892336
-0.107217765897617,-0.004311279522252767,0.0,-28.771662528338155
-0.11283004913073787,-0.009621645499178735,2.0,-27.550921507701254
-0.10804282944196571,-0.004311279522252767,1.0,-27.744156160530423
-0.10880061239423695,-0.003971250739878828,1.0,-27.52828082884327
-0.10795404246605203,-0.003971250739878828,2.0,-25.821637251479515
-0.10126132255482163,0.0024961234004866393,2.0,-24.220288162295116
-0.09498152220507888,0.00816627868756911,2.0,-21.6416091965273
-0.08486905567265607,0.01497444019644859,2.0,-19.780145734878786
-0.07756919896030896,0.02064459548353106,2.0,-16.944266826949537
-0.06644810520372367,0.027452756992410506,2.0,-14.829041193152296
-0.058153102718244296,0.03312291227949294,2.0,-12.199840428153152
-0.047842511482953536,0.03993107378837238,0.0,-12.619044853496218
-0.04948645040586752,0.03462070781144642,0.0,-13.755236920053871
-0.053942105568838716,0.028950552524363987,2.0,-11.139928067934271
-0.043685992423271654,0.03451048483720919,1.0,-10.463036705403782
-0.04103151649177954,0.034850513619583134,0.0,-11.869269001989245
-0.046546152948977425,0.02838313947921769,2.0,-9.31165561637977
-0.03651629653482263,0.033693505456143656,1.0,-8.653112604135224
-0.033933774918177353,0.0340335342385176,1.0,-7.586573874764053
-0.02975127009711393,0.0340335342385176,1.0,-7.028466363106871
-0.027562613188654394,0.0340335342385176,1.0,-6.470490867016971
-0.025374473988301848,0.0340335342385176,1.0,-5.403892660471107
-0.021191735923416107,0.0340335342385176,1.0,-4.846083842572661
-0.019004250363030044,0.0340335342385176,1.0,-3.7794850370850397
-0.014821509949353096,0.0340335342385176,1.0,-3.2220397187845156
-0.012635449877586335,0.0340335342385176,1.0,-2.6651921386747173
-0.010451733877155752,0.0340335342385176,1.0,-1.5994643105408795
-0.006272409060944626,0.0340335342385176,1.0,-1.0462099922325576
-0.004102784283264932,0.0340335342385176,1.0,-0.12151955830378025
0.00047654728746580487,0.0340335342385176,1.0,-0.6046456406264578
0.0023711593750057164,0.0340335342385176,1.0,-1.158059619000631
0.00454141027059071,0.0340335342385176,1.0,-2.217289368733257
0.00869525242640493,0.0340335342385176,1.0,-3.2813005380528635
0.012867845247266132,0.06947155489969485,0.0,-2.8730536988114586
0.011266877250241013,0.0630041807593294,1.0,-4.193892422540213
0.016446636951138092,0.06266415197695546,1.0,-5.616510909494941
0.022025532978411533,0.06266415197695546,1.0,-7.039784202342146
0.027606996871929985,0.06266415197695546,1.0,-8.463381954576487
0.03318973315520191,0.06266415197695546,1.0,-9.887164015883977
0.038773192219152854,0.06266415197695546,1.0,-11.311060786653298
0.044357101124130584,0.06266415197695546,1.0,-12.735033790146604
0.049941308980967075,0.06266415197695546,0.0,-12.155002306152397
0.047666675710401556,0.05619677783659002,1.0,-13.326979495824975
0.05226266468950971,0.05585674905421608,1.0,-14.599375754701803
0.057252453940007074,0.05585674905421608,1.0,-15.871810295724243
0.062242393316565656,0.05585674905421608,1.0,-17.14427459508243
0.06723244939248012,0.05585674905421608,1.0,-17.906981850763167
0.07022345823828692,0.05585674905421608,1.0,-19.179502944914542
0.07521373703888054,0.05585674905421608,1.0,-20.452038214223464
0.08020407142832732,0.05585674905421608,1.0,-21.724585167725902
0.0851944516381408,0.05585674905421608,1.0,-22.997141865787192
0.09018487006191056,0.05585674905421608,1.0,-24.26970677557016
0.09517532068851045,0.05585674905421608,1.0,-25.542278669704054
0.10016579870472178,0.05585674905421608,1.0,-26.8148565538048
0.1051563002109992,0.05585674905421608,0.0,-26.091450382283757
0.10231941326385788,0.0493893749138506,1.0,-27.111660614232957
0.10632023770287433,0.049049346131476664,1.0,-28.23228317522784
0.11071483598128565,0.049049346131476664,1.0,-29.352939324388725
0.115109565977995,0.049049346131476664,1.0,-30.47362535613919
0.11950441316133016,0.049049346131476664,1.0,-31.59433809057413
0.12389936506107502,0.049049346131476664,1.0,-32.70760152438366
0.12826510401719082,0.049049346131476664,1.0,-33.82782789761041
0.13265814861808006,0.049049346131476664,1.0,-34.94810788487589
0.13705140347010153,0.049049346131476664,1.0,-36.068436490449514
0.14144484898215495,0.049049346131476664,1.0,-37.18880932039027
0.1458384679230991,0.049049346131476664,2.0,-40.31845546316368
0.15811159005162229,0.05551672027184214,0.0,-39.93946298150674
0.15662534502551664,0.05020635429491614,0.0,-38.8297210395029
0.15227341584118786,0.04453619900783367,1.0,-39.777255741604584
0.15598923820237093,0.044309573331201384,1.0,-41.30177252863106
0.1619677354063963,0.06293625772976698,0.0,-40.33974920934654
0.1581950949386139,0.0564688835894015,0.0,-39.4971166848246
0.15489065366597882,0.05079872830231903,0.0,-38.70949509158103
0.15180194153561188,0.04399056679343959,1.0,-39.697990040930726
0.1556783923173754,0.043650538011065644,1.0,-40.27816263153705
0.1579535789472041,0.043650538011065644,1.0,-41.36777817468036
0.16222658107717788,0.043650538011065644,1.0,-42.48767352382039
0.16661832754439368,0.043650538011065644,1.0,-43.57651679276055
0.17088830114808057,0.043650538011065644,1.0,-44.66575774306441
0.17515983428652712,0.043650538011065644,0.0,-43.33224835934062
0.1699303857229044,0.037183163870700205,0.0,-42.11477661977547
0.16515598674421755,0.031513008583617774,1.0,-42.856077364763415
0.16806304848926829,0.03128638290698548,1.0,-43.7148723482508
0.1714308719539247,0.03128638290698548,1.0,-44.52244035618701
0.17459780531838043,0.03128638290698548,1.0,-44.82303331822898
0.1757766012479568,0.03128638290698548,1.0,-45.68223466410307
0.17914601829060026,0.03128638290698548,1.0,-46.48961692770698
0.18231222324590973,0.03128638290698548,1.0,-47.29761392940643
0.18548083893884876,0.03128638290698548,1.0,-47.64964049202805
0.18686133526285506,0.03128638290698548,1.0,-48.45685136831189
0.190026868111027,0.03128638290698548,0.0,-47.3928165736306
0.18585418264168863,0.024819008766620042,1.0,-47.439097097569565
0.18603567489242964,0.0244789799842461,1.0,-48.153040511815504
0.18883545298751178,0.0244789799842461,1.0,-48.80548007408936
0.1913940395062328,0.0244789799842461,1.0,-49.458604268885765
0.19395531085837556,0.0244789799842461,1.0,-49.666145368883214
0.19476919752503222,0.0244789799842461,1.0,-50.31852545489571
0.19732755080351258,0.0244789799842461,1.0,-50.97157137406161
0.19988851519239847,0.0244789799842461,1.0,-51.17925356528163
0.20070295515796716,0.0244789799842461,1.0,-51.83157760548582
0.203261088648964,0.0244789799842461,1.0,-52.48454967780258
0.20582176344236308,0.0244789799842461,1.0,-53.19845605248451
0.20862139628425297,0.0244789799842461,1.0,-53.344635949810936
0.2091946507835723,0.0244789799842461,1.0,-53.99753823877761
0.21175505191677493,0.0244789799842461,1.0,-54.71155499900131
0.2145551176431424,0.0244789799842461,1.0,-55.36398580296904
0.21711366981556485,0.0244789799842461,2.0,-57.8900408471802
0.22701976802815765,0.030946354124611542,0.0,-56.67388836266747
0.22225054259869595,0.02241411654649803,1.0,-57.304675542633625
0.2247242178142495,0.02207408776412409,1.0,-57.469417546606195
0.22537026488865175,0.02207408776412409,1.0,-58.141020698114744
0.22800400273770488,0.02207408776412409,1.0,-58.87230939583437
0.23087180155229164,0.02207408776412409,1.0,-59.037009522313895
0.23151768440123094,0.02207408776412409,1.0,-59.708538438114694
0.23415113112986155,0.02207408776412409,1.0,-60.43994884098298
0.23701940721954107,0.02207408776412409,1.0,-60.60460924120259
0.23766513427922584,0.02207408776412409,1.0,-61.27606763461976
0.24029830444948924,0.02207408776412409,1.0,-61.50135901877426
0.24118180007362455,0.02207408776412409,1.0,-62.17221611756645
0.24381261222575076,0.02207408776412409,0.0,-60.55157088864311
0.23745714073977692,0.015606713623758647,1.0,-60.96675477594096
0.23908531284682727,0.015266684841384697,1.0,-61.04912460249638
0.23940833177449558,0.015266684841384697,1.0,-61.56408823559125
0.2414277970023186,0.015266684841384697,1.0,-62.079672444748006
0.24344969586175685,0.015266684841384697,1.0,-62.16198339149991
0.24377248388823497,0.015266684841384697,1.0,-62.67698250857765
0.24579208826893195,0.015266684841384697,1.0,-62.687501842917946
0.24583334056046255,0.015266684841384697,1.0,-63.274844831334214
0.24813664639738908,0.015266684841384697,1.0,-63.78987817288706
0.250156384991714,0.015266684841384697,1.0,-63.80041345768453
0.250197699834057,0.015266684841384697,1.0,-64.31641876002101
0.2522212500392981,0.015266684841384697,1.0,-64.397885996954
0.2525407293998196,0.015266684841384697,1.0,-64.91332584506412
0.2545620621375064,0.015266684841384697,1.0,-65.4293469987075
0.25658567450473535,0.015266684841384697,1.0,-65.51077368598294
0.2569049948469919,0.015266684841384697,1.0,-66.0262389659882
0.25892642731760074,0.015266684841384697,1.0,-66.03703541942485
0.2589687663506857,0.015266684841384697,1.0,-66.62366292711458
0.26126926638084147,0.015266684841384697,1.0,-67.13915278397842
0.2632907952312879,0.015266684841384697,1.0,-67.14995979654357
0.26333317567271985,0.015266684841384697,1.0,-67.7365536438475
0.2656335437013627,0.015266684841384697,0.0,-65.99450310147954
0.2588019729469786,0.008799310701019246,1.0,-66.2539302432434
0.25981933428722903,0.008459281918645296,1.0,-66.19254900566393
0.25957862355162326,0.008459281918645296,1.0,-66.55180546815265
0.260987472424128,0.008459281918645296,1.0,-66.40817135738283
0.26042420140150135,-0.01675748398039751,1.0,-66.26476243656217
0.25986181347671433,-0.01675748398039751,1.0,-65.69990164381508
0.2576466731130003,-0.01675748398039751,1.0,-65.55586116461058
0.2570818084886689,-0.01675748398039751,1.0,-64.90875014054185
0.2545441181982034,-0.01675748398039751,1.0,-64.76501008823561
0.25398043171857104,-0.01675748398039751,1.0,-64.11799833168037
0.25144313071247204,-0.01675748398039751,1.0,-63.974567031583575
0.2508806550258179,-0.01675748398039751,1.0,-63.40983462768152
0.24866601814777067,-0.01675748398039751,1.0,-63.26574889789385
0.24810097607017195,-0.01675748398039751,1.0,-62.61862506035627
0.24556323553080892,-0.01675748398039751,1.0,-62.47485006341482
0.24499941201339145,-0.01675748398039751,1.0,-61.82782850661005
0.24246207257494135,-0.01675748398039751,1.0,-61.68437317290911
0.2418995026388593,-0.01675748398039751,1.0,-61.11977879348423
0.2396854070332715,-0.01675748398039751,1.0,-60.97564444055183
0.23912017427667384,-0.01675748398039751,1.0,-60.3285069004962
0.2365823800019459,-0.01675748398039751,1.0,-60.184694316035355
0.23601840908249158,-0.01675748398039751,1.0,-59.5376622515173
0.2334810284373227,-0.01675748398039751,1.0,-59.394181039411656
0.23291835701730063,-0.01675748398039751,1.0,-59.3327256284367
0.2326773554056341,-0.01675748398039751,1.0,-58.68554870682738
0.2301394066934407,-0.01675748398039751,1.0,-58.541614148006595
0.22957495744316314,-0.01675748398039751,1.0,-57.894543353710425
0.22703742491651147,-0.01675748398039751,1.0,-57.75094752523616
0.22647430402053392,-0.01675748398039751,1.0,-57.10399083865908
0.22393721897513363,-0.01675748398039751,2.0,-58.79315127583792
0.23056137755230557,-0.01029010984003206,1.0,-58.399143881199734
0.22901625051450875,-0.009950081057658109,1.0,-58.410030356593296
0.22905894257487563,-0.009950081057658109,1.0,-57.98689163455472
0.2273995750374695,-0.009950081057658109,1.0,-57.997079336606134
0.22743952681022014,-0.009950081057658109,1.0,-57.50255875548167
0.2255002304136536,-0.009950081057658109,1.0,-57.513120700559874
0.22554164980611718,-0.009950081057658109,1.0,-57.01875985466333
0.22360297982220914,-0.009950081057658109,1.0,-57.101047824466235
0.22392567774300484,-0.009950081057658109,1.0,-57.111164745113236
0.22396535194162054,-0.009950081057658109,1.0,-56.6166158054286
0.2220259443350141,-0.009950081057658109,1.0,-56.62711223699778
0.22206710681175604,-0.009950081057658109,1.0,-55.62765951951144
0.21814768439024093,-0.04226854830954867,1.0,-54.62821310357749
0.21422828668069602,-0.04226854830954867,1.0,-53.628773341510396
0.21030891506474667,-0.04226854830954867,1.0,-52.62934061238423
0.20638957102895777,-0.04226854830954867,1.0,-52.13488110020105
0.20445051411843548,-0.04226854830954867,1.0,-51.135436290276566
0.2005311227069669,-0.04226854830954867,1.0,-50.13599866179794
0.19661175945803117,-0.04226854830954867,1.0,-49.13656865297693
0.19269242609010562,-0.04226854830954867,1.0,-48.13714673841464
0.18877312446437114,-0.04226854830954867,1.0,-47.13773343295846
0.1848538565998371,-0.04226854830954867,1.0,-46.138329296060064
0.18093462469043162,-0.04226854830954867,1.0,-45.1389349367122
0.17701543112436155,-0.04226854830954867,1.0,-44.139551019055894
0.17309627850610154,-0.04226854830954867,1.0,-43.14017826876678
0.16917716968143834,-0.04226854830954867,1.0,-42.64557316523684
0.16723754182445819,-0.04226854830954867,1.0,-41.64618567857432
0.16331837521009537,-0.04226854830954867,1.0,-40.646809868808155
0.15939925438748295,-0.04226854830954867,1.0,-39.64744661894166
0.15548018281937906,-0.04226854830954867,1.0,-38.64809690329726
0.15156116432665592,-0.04226854830954867,1.0,-37.648761799633206
0.1476422031358165,-0.04226854830954867,1.0,-36.649442503241765
0.14372330393428143,-0.04226854830954867,1.0,-35.65014034341753
0.1398044719349707,-0.04226854830954867,1.0,-34.65085680277395
0.1358857129520547,-0.04226854830954867,1.0,-34.156068978415064
0.13394536854280417,-0.04226854830954867,1.0,-33.15676812967152
0.13002654168498634,-0.04226854830954867,1.0,-32.08635762787519
0.12582885344264777,-0.04226854830954867,1.0,-31.086794297437233
0.1219089972448519,-0.04226854830954867,1.0,-30.087235059281973
0.11798915709522342,-0.04226854830954867,1.0,-29.087680335286873
0.1140693346481838,-0.04226854830954867,1.0,-28.088130607379718
0.11014953179364595,-0.04226854830954867,1.0,-27.08858642861687
0.10622975070045833,-0.04226854830954867,1.0,-26.089048436808007
0.10230999386983533,-0.04226854830954867,1.0,-25.594961805089103
0.10037239923564353,-0.04226854830954867,1.0,-24.595403178785386
0.09645256148543288,-0.04226854830954867,1.0,-23.595850169131023
0.09253274576129814,-0.04226854830954867,1.0,-22.596303521487606
0.0886129549862259,-0.04226854830954867,1.0,-21.596764119199523
0.08469319262431187,-0.04226854830954867,1.0,-20.597233017071325
0.08077346281204442,-0.044702993280255614,1.0,-19.59771148508827
0.0768537705297579,-0.044702993280255614,1.0,-18.59820106623289
0.07293412182836426,-0.044702993280255614,1.0,-17.59870365400048
0.06901452413333523,-0.044702993280255614,1.0,-16.59922159791452
0.06509498665848833,-0.044702993280255614,1.0,-15.599757849596648
0.061175520978810384,-0.044702993280255614,1.0,-14.60031616881877
0.057256141838504984,-0.044702993280255614,1.0,-13.60090142038121
0.05333686831522043,-0.044702993280255614,1.0,-12.601520012221645
0.049417725538124097,-0.044702993280255614,1.0,-11.602180559875624
0.0454987472936299,-0.044702993280255614,1.0,-10.602894926553189
0.04157998010413015,-0.044702993280255614,1.0,-9.603679912259523
0.037661489851998124,-0.044702993280255614,1.0,-8.604560119191742
0.033743373016438205,-0.044702993280255614,1.0,-7.6055730741654965
0.02982577676143332,-0.044702993280255614,1.0,-6.6067789945022115
0.025908937233342005,-0.044702993280255614,1.0,-5.608280978335367
0.021993258738570068,-0.044702993280255614,1.0,-4.61027139502212
0.018079495666753414,-0.044702993280255614,1.0,-3.6131550054762873
0.014169235315593285,-0.044702993280255614,1.0,-2.6179525980192477
0.01026648077654607,-0.044702993280255614,1.0,-1.5559551348971983
0.0061017848427341115,-0.044702993280255614,1.0,-0.5830885133570196
0.00228662162100792,-0.044702993280255614,1.0,-0.5074327551933127
-0.0019899323733071086,-0.044702993280255614,1.0,-1.4742739710499844
-0.005781466553137194,-0.044702993280255614,1.0,-2.4673831150484395
-0.009676012215876235,-0.044702993280255614,1.0,-3.4642423537008824
-0.013585264132160324,-0.044702993280255614,1.0,-4.462339149813938
-0.01749936921495662,-0.044702993280255614,1.0,-5.4609949867023255
-0.02141566661451892,-0.044702993280255614,1.0,-6.4599506000937845
-0.02533313960821092,-0.044702993280255614,1.0,-7.459085548547795
-0.029251315876658017,-0.044702993280255614,1.0,-8.458336280823518
-0.033169946199307916,-0.044702993280255614,1.0,-9.457666097535618
-0.037088886657002426,-0.044702993280255614,1.0,-10.457052325559635
-0.04100804833552798,-0.044702993280255614,1.0,-11.456480202075506
-0.04492737334147257,-0.044702993280255614,1.0,-12.455939701830696
-0.048846822360120376,-0.044702993280255614,1.0,-13.455423777970536
-0.0527663677567472,-0.044702993280255614,1.0,-14.45492733250303
-0.056685989539227565,-0.044702993280255614,1.0,-15.454446586182002
-0.06060567288698824,-0.044702993280255614,1.0,-16.45397867800977
-0.06452540658043046,-0.044702993280255614,1.0,-17.453521402332708
-0.06844518196993218,-0.044702993280255614,1.0,-18.45307303136822
-0.07236499227987538,-0.044702993280255614,1.0,-19.452632192440447
-0.07628483212721744,-0.044702993280255614,1.0,-20.45219778121095
-0.08020469718121939,-0.044702993280255614,1.0,-21.451768899165586
-0.08412458391829641,-0.044702993280255614,1.0,-22.451344807799018
-0.08804448944234908,-0.044702993280255614,1.0,-23.450924894515317
-0.09196441135104046,-0.044702993280255614,1.0,-24.521848350621333
-0.09616411117890719,-0.044702993280255614,1.0,-25.521055040517105
-0.10008256878634159,-0.044702993280255614,1.0,-26.520293252250713
-0.10400115000882633,-0.044702993280255614,1.0,-27.51955955213826
-0.10791984138093436,-0.044702993280255614,1.0,-28.518850987654325
-0.1118386313241346,-0.044702993280255614,1.0,-29.518165006016513
-0.11575750982751573,-0.044702993280255614,1.0,-30.517499388757848
-0.11967646819120725,-0.044702993280255614,1.0,-31.516852198741205
-0.12359549881859296,-0.044702993280255614,1.0,-32.51622173693922
-0.12751459504682047,-0.044702993280255614,1.0,-33.51560650694446
-0.1314337510076253,-0.044702993280255614,1.0,-34.515005185642295
-0.13535296151232273,-0.044702993280255614,1.0,-35.51441659883391
-0.13927222195621142,-0.044702993280255614,1.0,-36.51383970086113
-0.14319152823867112,-0.044702993280255614,1.0,-37.513273557487295
-0.1471108766960286,-0.044702993280255614,1.0,-38.51271733144267
-0.15103026404487324,-0.044702993280255614,1.0,-39.51217027016326
-0.15494968733397357,-0.044702993280255614,1.0,-40.51163169534374
-0.1588691439033088,-0.044702993280255614,1.0,-41.51110099399948
-0.16278863134901755,-0.044702993280255614,1.0,-42.51057761078891
-0.16670814749328983,-0.044702993280255614,2.0,-41.460052713166505
-0.16258844201241765,-0.03823561913989016,1.0,-42.14661292438722
-0.16528083499759694,-0.037895590357516225,1.0,-42.99462859057282
-0.16860638662969735,-0.037895590357516225,1.0,-43.84264475174678
-0.17193194020292857,-0.037895590357516225,1.0,-44.69066137973154
-0.17525749560679033,-0.037895590357516225,1.0,-45.53867844844829
-0.1785830527390129,-0.037895590357516225,2.0,-44.34826436315972
-0.1739147622084695,-0.03142821621715078,1.0,-44.89418762575505
-0.17605563774805902,-0.03108818743477684,1.0,-45.59032737621327
-0.17878559755377751,-0.03108818743477684,1.0,-46.2864760707094
-0.18151559243415452,-0.03108818743477684,1.0,-46.982633311668
-0.18424562083007062,-0.03108818743477684,1.0,-47.678798724728885
-0.1869756812734466,-0.03108818743477684,1.0,-48.37497195707725
-0.1897057723806951,-0.03108818743477684,1.0,-49.071152675916046
-0.1924358928467296,-0.03108818743477684,2.0,-47.69763167900411
-0.18704953599609456,-0.024620813294411396,2.0,-46.47200037690583
-0.18224313873296405,-0.018950658007328966,1.0,-46.794396591284865
-0.18350743761288185,-0.018724032330696676,1.0,-47.21400823391072
-0.18515297346631657,-0.018724032330696676,1.0,-47.633653783322245
-0.18679864228753823,-0.018724032330696676,2.0,-46.022928398705375
-0.18048207215178577,-0.012256658190331237,1.0,-46.18973485081447
-0.1811362151012332,-0.011916629407957296,1.0,-46.45696300680034
-0.182184168654119,-0.011916629407957296,1.0,-46.724236569684166
-0.18323230027327125,-0.011916629407957296,1.0,-46.99155476468439
-0.18428060692033094,-0.011916629407957296,1.0,-47.25891683442161
-0.18532908562518277,-0.011916629407957296,1.0,-47.52632203843623
-0.18637773348406364,-0.011916629407957296,1.0,-47.79376965272194
-0.1874265476577331,-0.011916629407957296,1.0,-48.041819263091895
-0.18839929122781135,-0.011916629407957296,2.0,-46.30235380551361
-0.18157785806083768,-0.005449255267591819,2.0,-44.67879534744471
-0.175210962146842,0.00022090001949064703,2.0,-42.59108397711669
-0.16702385873379094,0.007029061528370132,2.0,-40.72307340683596
-0.1596983270856312,0.01269921681545259,2.0,-38.40251685726676
-0.15059810532261472,0.019507378324332036,2.0,-36.26078003784863
-0.14219913740332796,0.025177533611414466,1.0,-35.624613081539245
-0.1397043650256441,0.02540415928804676,1.0,-35.0554016072437
-0.13747216316566158,0.02540415928804676,0.0,-36.43326887004465
-0.14287556419625352,0.018936785147681316,0.0,-37.72216870098354
-0.14793007333719035,0.013266629860598886,2.0,-35.75595165487436
-0.14021941825440926,0.01882656217344409,2.0,-33.626279058373626
-0.13186776101322992,0.02449671746052652,1.0,-33.005464990826425
-0.12943319604245657,0.024723343137158814,1.0,-32.45161368767661
-0.12726123014775143,0.024723343137158814,1.0,-31.897795171663525
-0.12508939283005305,0.024723343137158814,1.0,-31.344011180738683
-0.12291769090485757,0.024723343137158814,1.0,-30.82953475627355
-0.12090013629911196,0.024723343137158814,1.0,-30.275324640090542
-0.11872676329447271,0.024723343137158814,1.0,-29.721136334991268
-0.11655347582349515,0.024723343137158814,1.0,-29.16697108424308
-0.11438027876173758,0.024723343137158814,1.0,-28.61283022737658
-0.11220717736226112,0.024723343137158814,1.0,-28.058715209680365
-0.11003417729286417,0.024723343137158814,1.0,-27.504627592841363
-0.10786128467780927,0.024723343137158814,1.0,-26.95056906689546
-0.10568850614468808,0.024723343137158814,1.0,-26.39654146368012
-0.10351584887717694,0.024723343137158814,1.0,-25.84254677201407
-0.10134332067456497,0.024723343137158814,1.0,-25.288587154868004
-0.0991709300190902,0.024723343137158814,1.0,-24.734664968837663
-0.09699868615230456,0.024723343137158814,1.0,-24.18078278628722
-0.09482659916191066,0.024723343137158814,1.0,-23.62694342059999
-0.09265468008078429,0.024723343137158814,1.0,-23.073149955056664
-0.09048294100022222,0.024723343137158814,1.0,-22.519405775963524
-0.08831139519985695,0.024723343137158814,0.0,-23.94860690810258
-0.09391610552197091,0.01825596899679337,0.0,-25.252905647040706
-0.09903100253741454,0.01258581370971094,0.0,-27.045527627896245
-0.10606089265841664,0.005777652200831462,2.0,-25.313782028067482
-0.09926973344340188,0.011088018177757463,2.0,-23.347672727452338
-0.09155950089196994,0.016758173464839893,1.0,-22.89976995235654
-0.08980301942100603,0.016984799141472183,0.0,-24.479528771803835
-0.09599815204628954,0.010517425001106745,0.0,-25.97484374643159
-0.1018621323389474,0.004847269714024266,2.0,-24.18000593916016
-0.09482355270258887,0.010407202026869511,0.0,-25.56378596292723
-0.10025014103108718,0.005096836049943504,0.0,-27.183573142840533
-0.10660224761898249,-0.0005733192371389624,2.0,-25.506214380548904
-0.10002437011979963,0.004986613075706269,0.0,-27.00641159451412
-0.10590749644907498,-0.00032375290121972305,2.0,-25.400259172510303
-0.0996088595000404,0.004986613075706269,0.0,-26.903043867932602
-0.10550213281542198,-0.00032375290121972305,2.0,-25.294851822728162
-0.099195497344032,0.004986613075706269,0.0,-26.800213435836877
-0.10509887621896814,-0.00032375290121972305,2.0,-25.18999920872886
-0.09878431062246612,0.004986613075706269,0.0,-26.695579074396967
-0.10468854538979203,-0.00032375290121972305,2.0,-25.09212904214275
-0.09840050604761864,0.004986613075706269,1.0,-24.87202730776791
-0.09753736199124671,0.005326641858080214,1.0,-24.75239908206165
-0.09706823169435941,0.005326641858080214,1.0,-24.632870872317177
-0.0965994936169301,0.005326641858080214,1.0,-24.513444141576056
-0.09613115349637669,0.005326641858080214,1.0,-24.39412038027604
-0.09566321717755309,0.005326641858080214,1.0,-24.274901106862217
-0.09519569061514596,0.005326641858080214,1.0,-24.15578786841352
-0.09472857987613145,0.005326641858080214,1.0,-24.0367822412851
-0.09426189114229451,0.005326641858080214,1.0,-23.92547547872936
-0.09382539403423279,0.005326641858080214,1.0,-23.80561395566078
-0.09335534884572856,0.005326641858080214,1.0,-23.685854088546915
-0.09288570230802712,0.005326641858080214,1.0,-23.566197427188584
-0.09241646049877876,0.005326641858080214,1.0,-23.44664555167406
-0.09194762961440807,0.005326641858080214,1.0,-23.327200073085407
-0.09147921597288396,0.005326641858080214,1.0,-23.2078626342235
-0.09101122601656274,0.005326641858080214,1.0,-23.088634910352106
-0.0905436663151063,0.005326641858080214,1.0,-22.969518609961867
-0.09007654356847791,0.005326641858080214,1.0,-22.8505154755544
-0.08960986461001726,0.005326641858080214,1.0,-22.73939025633051
-0.08917407943659024,0.005326641858080214,1.0,-22.619487339601044
-0.08870387192000409,0.005326641858080214,1.0,-22.499690996952747
-0.08823408234099117,0.005326641858080214,1.0,-22.380002939804392
-0.08776471741099762,0.005326641858080214,1.0,-22.260424914818266
-0.08729578397967948,0.005326641858080214,1.0,-22.14095870476666
-0.08682728903830064,0.005326641858080214,1.0,-22.02160612942242
-0.08635923972322516,0.005326641858080214,1.0,-21.902369046474384
-0.08589164331950738,0.005326641858080214,1.0,-21.783249352468406
-0.08542450726458198,0.005326641858080214,1.0,-21.664248983774698
-0.08495783915205765,0.005326641858080214,1.0,-21.55332529158686
-0.08452284428073278,0.005326641858080214,1.0,-21.433376513177578
-0.08405245691442187,0.005326641858080214,1.0,-21.31353972388487
-0.08358250872111714,0.005326641858080214,1.0,-21.193816823378384
-0.08311300715050346,0.005326641858080214,1.0,-21.074209752669898
-0.08264395981439175,0.005326641858080214,1.0,-20.954720495187924
-0.08217537449093304,0.005326641858080214,1.0,-20.835351077884013
-0.08170725912895692,0.005326641858080214,1.0,-20.71610357237162
-0.08123962185243773,0.005326641858080214,1.0,-20.596980096098694
-0.08077247096509292,0.005326641858080214,1.0,-20.47798281355503
-0.08030581495511777,0.005326641858080214,1.0,-20.36728412354128
-0.0798717024452599,0.005326641858080214,1.0,-20.247284251319545
-0.07940111471105703,0.005326641858080214,1.0,-20.1274023588172
-0.07893098964242037,0.005326641858080214,1.0,-20.007640566768995
-0.07846133555595683,0.005326641858080214,1.0,-19.888001044841882
-0.07799216096016423,0.005326641858080214,1.0,-19.768486012984276
-0.07752347456072264,0.005326641858080214,1.0,-19.649097742817357
-0.07705528526595042,0.005326641858080214,1.0,-19.529838559069997
-0.07658760219243135,0.005326641858080214,1.0,-19.410710841058766
-0.07612043467081868,0.005326641858080214,1.0,-19.29171702421449
-0.07565379225182153,0.005326641858080214,1.0,-19.18127116647891
-0.07522067124109377,0.005326641858080214,1.0,0.0
