Lateral Error,Yaw Error,Action,Reward
-0.0016553639767170948,-0.0011319969367540074,2.0,-1.8026011524081864
0.0070690241270909265,0.005335377203611796,2.0,-3.411973736346727
0.013380289162144027,0.011005532490693564,2.0,-5.940569961216336
0.023296352789083673,0.01781369399957345,2.0,-7.8537890459063355
0.030799172729044456,0.023483849286655218,2.0,-10.659175012741134
0.04180068632447504,0.030292010795535104,2.0,-13.175118997594863
0.051667133323901424,0.035962166082616875,2.0,-15.86208207610829
0.06220424343571879,0.04277032759149676,2.0,-18.74292533690606
0.0735016679878669,0.04844048287857853,2.0,-22.04423642416698
0.08644798597712541,0.05524864438745841,2.0,-25.163517448382493
0.09868046058189214,0.06091879967454018,2.0,-28.770536484287128
0.11282563327171422,0.06772696118342007,2.0,-32.18890554634415
0.12623100214252608,0.07339711647050183,2.0,-36.09045544194612
0.1415311978115534,0.08020527797938172,2.0,-39.826215491399054
0.15618123722117278,0.08587543326646349,2.0,-44.023775571689484
0.17264225714388032,0.09268359477534338,2.0,-48.07757666824003
0.18853951634603933,0.09835375006242515,2.0,-53.02533265041585
0.20794248098202295,0.10516191157130503,2.0,-57.404208605671755
0.22511454355165395,0.1108320668583868,2.0,-62.68115410589898
0.24580844747411365,0.11764022836726669,2.0,-67.36958301253189
0.26419444318639956,0.12331038365434846,2.0,-73.08649425806139
0.28661370297278976,0.13011854516322835,2.0,-78.50502661730921
0.30786284947964393,0.1357887004503101,2.0,-84.99221016772479
0.3333027849714697,0.14259686195919,2.0,-90.88777620471406
0.35642265178319243,0.1595538491860973,2.0,-98.16439636076629
0.3849584171010443,0.1663620106949772,2.0,-104.83699899741137
0.4111254862643583,0.17203216598206073,2.0,-112.66710851766857
0.44183179810850415,0.17884032749094061,2.0,-120.58278480782371
0.4728736659130342,0.18451048277802415,0.0,-122.06135973592832
0.4786719989644248,0.17895055046517858,2.0,-129.16721547906215
0.5065380999178908,0.18426091644210488,2.0,-137.46590664365183
0.5390819868378502,0.1899310717291884,2.0,-146.53133311867387
0.5746326788967602,0.1967392332380683,2.0,-154.99168060398182
0.6078105121724777,0.20240938852515183,2.0,-165.383710538475
0.6485635707391176,0.20921755003403172,2.0,-174.49906157037069
0.6843100453740028,0.21488770532111526,2.0,-185.3977611712945
0.727050043808998,0.22169586682999515,2.0,-196.34709827481396
0.7699886206855449,0.22736602211707868,2.0,-208.47473737613913
0.8175479897103495,0.23417418362595857,2.0,-220.15495500581397
0.8633527647286823,0.2398443389130421,2.0,-233.41534720695662
0.9153543027723788,0.246652500421922,2.0,-246.3568025667455
0.9661051081048843,0.25232265570900553,2.0,-261.45137277957747
1.0252995010963821,0.2591308172178854,2.0,-276.0778453516882
1.082658217065444,0.2648009725049689,2.0,-294.05726806149386
1.1531657571038976,0.29557136627202546,2.0,-312.6452827858169
1.2260599324933996,0.301241521559109,2.0,-334.4748860173724
1.3116662196759703,0.30804968306798886,2.0,-355.8172545660992
1.3953617826121538,0.3137198383550724,2.0,-381.0950456917729
1.4944903752618546,0.3205279998639523,2.0,-405.3612232906048
1.5896518560415873,0.32619815515103584,2.0,-434.56980695546565
1.704195321393983,0.3330063166599157,2.0,-462.77781529127
1.8148149619265488,0.33867647194699924,2.0,-497.0901816209397
1.949373261258587,0.34548463345587915,2.0,-610.3106166921907
