Lateral Error,Yaw Error,Action,Reward
-0.0003479286204163059,-0.0007135095188776149,0.0,-1.9377719131792661
-0.007599105541879475,-0.0071808836592430906,1.0,-2.5675554946347194
-0.010068845076998898,-0.007520912441617033,1.0,-2.588141839143319
-0.010149575839777722,-0.007520912441617033,1.0,-2.6096868848693267
-0.01023406621517383,-0.007520912441617033,1.0,-3.140037865478374
-0.012313873982268133,-0.007520912441617033,1.0,-3.1531279780139068
-0.01236520775691728,-0.007520912441617033,2.0,-1.1883769862934856
-0.004660301907033277,-0.0010535383012515586,1.0,-1.4597008717304958
-0.005724317144041159,-0.0007135095188776149,1.0,-1.3245959268082228
-0.005194493830620482,-0.0007135095188776149,1.0,-1.1914579160021999
-0.004672383984322353,-0.0007135095188776149,1.0,-1.0610275320616678
-0.004160892282594775,-0.0007135095188776149,0.0,-3.4190754558507144
-0.013408139042551823,-0.0071808836592430906,1.0,-3.5396337464766567
-0.013880916652849634,-0.007520912441617033,1.0,-3.5605800577997293
-0.013963059050195018,-0.007520912441617033,1.0,-4.086688230723573
-0.016026228355778722,-0.007520912441617033,1.0,-4.10215834806459
-0.016086895482606233,-0.007520912441617033,1.0,-4.118280712396499
-0.016150120440770584,-0.007520912441617033,1.0,-4.1350476944816
-0.01621587331169255,-0.007520912441617033,1.0,-4.66244715811027
-0.01828410650239321,-0.007520912441617033,1.0,-4.6804699765024225
-0.018354784221578126,-0.007520912441617033,1.0,-4.699046221921019
-0.018427632242827528,-0.007520912441617033,1.0,-5.227981076764061
-0.020501886575545337,-0.007520912441617033,1.0,-5.2474779297336935
-0.02057834482248507,-0.007520912441617033,1.0,-5.2674579830427595
-0.020656697972716704,-0.007520912441617033,1.0,-5.28473112499102
-0.02072443578427851,-0.007520912441617033,1.0,-5.810524857191367
-0.022786371988985754,-0.007520912441617033,1.0,-5.827186089427187
-0.02285171015461642,-0.007520912441617033,1.0,-5.844300370585706
-0.022918824982689042,-0.007520912441617033,1.0,-6.3718615451795655
-0.024987692334037512,-0.007520912441617033,1.0,-6.389864704434845
-0.02505829295856802,-0.007520912441617033,1.0,-6.408273779034889
-0.025130485407979956,-0.007520912441617033,1.0,-6.93698077214407
-0.027203846165270863,-0.007520912441617033,1.0,-6.956098504794937
-0.027278817665862497,-0.007520912441617033,1.0,-6.97558320714218
-0.027355228263302667,-0.007520912441617033,1.0,-6.993008267236069
-0.02742356183229831,-0.007520912441617033,1.0,-7.519372270409233
-0.0294877343937617,-0.007520912441617033,1.0,-7.536326932733792
-0.029554223265622716,-0.007520912441617033,1.0,-7.553630811016511
-0.029622081611829453,-0.007520912441617033,1.0,-8.081280209300123
-0.031691294938431855,-0.007520912441617033,1.0,-8.099271998306081
-0.03176185097374934,-0.007520912441617033,1.0,-8.117584276119585
-0.03183366382791994,-0.007520912441617033,1.0,-8.136214878756748
-0.031906725014732344,-0.007520912441617033,1.0,-8.665036203923295
-0.03398053413303252,-0.007520912441617033,1.0,-8.684219756427753
-0.03405576375069707,-0.007520912441617033,1.0,-8.701736057209143
-0.03412445512631036,-0.007520912441617033,1.0,-9.228433441677906
-0.03618993506540356,-0.007520912441617033,1.0,-9.245572658024141
-0.036257147678526044,-0.007520912441617033,1.0,-9.262995965570099
-0.03632547437478469,-0.007520912441617033,1.0,-9.790700910202188
-0.03839490553020466,-0.007520912441617033,1.0,-9.808685288336466
-0.03846543250328026,-0.007520912441617033,1.0,-9.826934433192394
-0.03853699777722507,-0.007520912441617033,1.0,-9.845446872485585
-0.038609595578374845,-0.007520912441617033,1.0,-10.374134308158588
-0.0406828796398376,-0.007520912441617033,1.0,-10.393115447141769
-0.04075731547898733,-0.007520912441617033,1.0,-10.410692600137427
-0.040826245490735005,-0.007520912441617033,1.0,-10.93760816885848
-0.042892581054346984,-0.007520912441617033,1.0,-10.954874172443946
-0.04296029087232919,-0.007520912441617033,1.0,-10.972379610126456
-0.043028939647554734,-0.007520912441617033,1.0,-10.990123337770056
-0.043098522893215904,-0.007520912441617033,1.0,-11.518101904837982
-0.045169027077796006,-0.007520912441617033,1.0,-11.53630662084454
-0.045240418120958976,-0.007520912441617033,1.0,-11.554735821562105
-0.04531268949632198,-0.007520912441617033,1.0,-12.083324753297228
-0.04738558726783228,-0.007520912441617033,1.0,-12.102160502936012
-0.047459452952690245,-0.007520912441617033,1.0,-12.119781130090567
-0.04752855345133556,-0.007520912441617033,1.0,-12.64685041205917
-0.049595491811996746,-0.007520912441617033,1.0,-12.664208886261939
-0.04966356425985074,-0.007520912441617033,1.0,-12.681774267853468
-0.04973244810922929,-0.007520912441617033,1.0,-12.699545698281677
-0.04980213999326148,-0.007520912441617033,0.0,-15.22107985245594
-0.05969050922531741,-0.013988286581982513,1.0,-15.480456332401506
-0.060707671891770607,-0.01432831536435646,1.0,-15.650493478578696
-0.061374484229720375,-0.01432831536435646,1.0,-16.330645249349086
-0.06404174607587876,-0.01432831536435646,1.0,-16.50098565106722
-0.064709747651244,-0.01432831536435646,1.0,-16.67147824459527
-0.06537834605723636,-0.01432831536435646,1.0,-16.84211840802544
-0.06604752316872721,-0.01432831536435646,1.0,-17.522734376577258
-0.06871660539834218,-0.01432831536435646,1.0,-17.69361808605047
-0.0693867375923548,-0.01432831536435646,1.0,-17.8646334450106
-0.0700573860588651,-0.01432831536435646,1.0,-18.545500963453595
-0.07272745475864154,-0.01432831536435646,1.0,-18.71672376427112
-0.07339891672263184,-0.01432831536435646,1.0,-18.88806493945988
-0.07407084289984267,-0.01432831536435646,1.0,-19.555949638336813
-0.07668999858171298,-0.01432831536435646,2.0,-17.743348432144412
-0.06958175855742907,-0.007860941223990977,1.0,-17.65947391730669
-0.0692528388913988,-0.007520912441617035,1.0,-17.67698802393948
-0.06932152166250777,-0.007520912441617035,1.0,-18.204646059334813
-0.07139076886013652,-0.007520912441617035,1.0,-18.222459411323953
-0.07146062514244686,-0.007520912441617035,1.0,-18.24041573937071
-0.07153104211517926,-0.007520912441617035,1.0,-18.768509678953155
-0.07360199874099277,-0.007520912441617035,1.0,-18.786742591676774
-0.07367350035951677,-0.007520912441617035,1.0,-18.805113382772408
-0.07374554267753886,-0.007520912441617035,1.0,-18.823621648555555
-0.07381812411198256,-0.007520912441617035,1.0,-19.352209942581638
-0.07589101938267309,-0.007520912441617035,1.0,-19.36882104436983
-0.07595616095831306,-0.007520912441617035,1.0,-19.386373588233642
-0.07602499446366134,-0.007520912441617035,1.0,-19.914057650627
-0.07809434372794902,-0.007520912441617035,1.0,-19.931882667110628
-0.07816424575337502,-0.007520912441617035,1.0,-19.94983838767808
-0.07823466034383561,-0.007520912441617035,1.0,-19.967924459730984
-0.0783055861165921,-0.007520912441617035,1.0,-20.49612955924524
-0.08037697866370683,-0.007520912441617035,1.0,-21.024445288272187
-0.0824488050520478,-0.061818329177611826,1.0,-22.062833947231944
-0.08652091744012527,-0.061818329177611826,1.0,-23.611256999820178
-0.09259316470517717,-0.061818329177611826,1.0,-25.158065370413134
-0.09865907988397307,-0.061818329177611826,1.0,-26.705691189477132
-0.10472820074304759,-0.061818329177611826,1.0,-27.743445486830534
-0.10879782543855113,-0.061818329177611826,1.0,-29.29130368329833
-0.11486785758156208,-0.061818329177611826,1.0,-30.839254753197537
-0.120938253934108,-0.061818329177611826,1.0,-31.877287038797096
-0.12500896877959647,-0.061818329177611826,1.0,-33.42538865114368
-0.13107995549468107,-0.061818329177611826,1.0,-34.97355061021242
-0.1371511788635781,-0.061818329177611826,2.0,-34.036751349608494
-0.13347745627297447,-0.05535095503724636,1.0,-35.33130197815358
-0.13855412540452386,-0.05501092625487241,1.0,-36.72641025523437
-0.14402513825582103,-0.05501092625487241,1.0,-37.61174508698775
-0.14749703955681473,-0.05501092625487241,1.0,-39.00714605462384
-0.15296920021421112,-0.05501092625487241,2.0,-37.93557567736266
-0.14876696344063786,-0.04854355211450694,2.0,-37.49306509260736
-0.1470316278141465,-0.04287339682742451,2.0,-36.04694888456856
-0.14136058386105316,-0.03606523531854506,2.0,-34.849344652965726
-0.136664096678297,-0.03039508003146263,2.0,-33.70509364785804
-0.13217683783473744,-0.023586918522583183,2.0,-32.202745418772004
-0.12628527615204707,-0.017916763235500625,1.0,-32.75286908750876
-0.12844262387258337,-0.017690137558868328,1.0,-33.299118400813114
-0.13058477804240437,-0.017690137558868328,1.0,-33.34097736968728
-0.13074893086151876,-0.017690137558868328,1.0,-33.95797588838869
-0.1331685328956419,-0.017690137558868328,1.0,-34.50427307034891
-0.135310874785682,-0.017690137558868328,1.0,-34.54614140924673
-0.13547506434998718,-0.017690137558868328,1.0,-35.16308661694047
-0.13789445732133518,-0.017690137558868328,1.0,-35.20428922799943
-0.1380560361882331,-0.017690137558868328,1.0,-35.7513054529554
-0.14020119785472707,-0.017690137558868328,2.0,-34.46118639567225
-0.13514190743400883,-0.011222763418502878,1.0,-34.248705551387545
-0.13430864922112765,-0.010882734636128927,1.0,-34.719887606585296
-0.136156421986609,-0.010882734636128927,1.0,-34.60714678029822
-0.1357143010992087,-0.010882734636128927,1.0,-34.99884581379587
-0.13725037574037594,-0.010882734636128927,1.0,-35.46982270684856
-0.13909734394842574,-0.010882734636128927,2.0,-33.45781179344703
-0.1312071050723413,-0.004415360495763477,1.0,-34.68650124430718
-0.13602549507571443,-0.08179636601181134,2.0,-34.72732258505565
-0.13618557876492413,-0.07532899187144589,2.0,-34.28168841722423
-0.1344379937930362,-0.06965883658436323,2.0,-33.36934971381035
-0.13086019495611903,-0.06285067507548378,2.0,-33.15770988467675
-0.1300302348418696,-0.05718051978840114,2.0,-32.11893377752761
-0.12595660304912787,-0.05037235827952125,2.0,-31.64540444456811
-0.12409962527281612,-0.04470220299243861,2.0,-30.36971613255361
-0.11909692601001416,-0.03789404148355872,2.0,-29.150141240408598
-0.11431427937415137,-0.032223886196476065,2.0,-28.118541544833782
-0.11026879037189719,-0.02541572468759618,2.0,-26.64120754229161
-0.10447532369526122,-0.01974556940051353,1.0,-26.996374650537263
-0.10586813588445984,-0.01951894372388124,1.0,-27.606181569553893
-0.10825953556687802,-0.01951894372388124,1.0,-28.027763791229138
-0.10991279918129074,-0.01951894372388124,1.0,-28.45078938371306
-0.11157172307338456,-0.01951894372388124,1.0,-29.05933975822844
-0.11395819513030761,-0.01951894372388124,1.0,-29.4818459061328
-0.11561508198483453,-0.01951894372388124,1.0,-29.42969075176941
-0.11541055196772318,-0.01951894372388124,1.0,-30.038797198667904
-0.11779920470065845,-0.01951894372388124,1.0,-30.46091120232547
-0.1194545537346097,-0.01951894372388124,1.0,-31.07066137736719
-0.12184573089163604,-0.01951894372388124,1.0,-31.49231509415614
-0.12349927487904369,-0.01951894372388124,1.0,-31.915253605226546
-0.12515785727539822,-0.01951894372388124,1.0,-32.523884975287835
-0.1275446469619131,-0.01951894372388124,1.0,-32.94636146847485
-0.12920141752343078,-0.01951894372388124,2.0,-31.294607601213166
-0.12272395137730654,-0.0130515695835154,1.0,-31.46051591517795
-0.12337457221638412,-0.012711540801141459,1.0,-31.728168982563368
-0.12442419208848379,-0.012711540801141459,1.0,-32.190002884708335
-0.1262353054302288,-0.019523204161610994,1.0,-32.457282566010306
-0.12728346104317767,-0.019523204161610994,2.0,-30.670254328473863
-0.12027550717048574,-0.013055830021245156,1.0,-30.88804707212113
-0.12112959636125933,-0.012715801238871213,1.0,-31.46387157142986
-0.12338773165266612,-0.012715801238871213,1.0,-31.780685685224363
-0.12463013994205632,-0.012715801238871213,1.0,-31.891070222090683
-0.12506302047878698,-0.012715801238871213,1.0,-32.20821811734488
-0.12630673771507794,-0.012715801238871213,1.0,-32.318327505295926
-0.1267385392364546,-0.012715801238871213,1.0,-32.63579986990148
-0.12798352890157444,-0.012715801238871213,1.0,-32.74564112597544
-0.12841427892539387,-0.012715801238871213,1.0,-33.528906968097786
-0.13148590967881485,-0.012715801238871213,1.0,-33.639804070058126
-0.13192080027473777,-0.012715801238871213,1.0,-33.95633320848286
-0.13316209101365828,-0.012715801238871213,1.0,-34.066963197794244
-0.13359593410899703,-0.012715801238871213,1.0,-34.38380890241852
-0.13483846628399418,-0.012715801238871213,1.0,-34.494178238511466
-0.13527128720984888,-0.012715801238871213,1.0,-34.81133222806787
-0.13651502834536416,-0.012715801238871213,1.0,-35.3886899461475
-0.13877917625940198,-0.012715801238871213,1.0,-35.70465958257622
-0.1400182728728479,-0.012715801238871213,1.0,-35.81575869043196
-0.1404539556487528,-0.012715801238871213,1.0,-36.13203698103519
-0.1416942626707262,-0.012715801238871213,1.0,-36.24288278021362
-0.14212895207926907,-0.012715801238871213,1.0,-36.55946203204438
-0.1433704393413505,-0.012715801238871213,1.0,-36.67006028153918
-0.1438041579668203,-0.012715801238871213,1.0,-37.453167651359884
-0.14687516726023483,-0.012715801238871213,1.0,-37.77036323445125
-0.14811907150765197,-0.012715801238871213,1.0,-37.88045377804801
-0.14855079912960004,-0.012715801238871213,1.0,-38.197925810139246
-0.14979578749074213,-0.012715801238871213,2.0,-36.07094505969567
-0.14145468650861043,-0.006248427098505375,2.0,-34.72842750250713
-0.13618991177453776,-0.0005782718114227233,1.0,-33.572897012470875
-0.13165841965674852,0.07375989473032016,1.0,-31.80145498697514
-0.12471158818421624,0.07375989473032016,1.0,-30.030020088210303
-0.11776478465964824,0.07375989473032016,1.0,-28.715839311609344
-0.11261113455533076,0.07375989473032016,0.0,-28.707030859276724
-0.11257659160500674,0.06729252058995433,1.0,-27.18771804636287
-0.10661850214259949,0.06695249180758038,1.0,-25.568059039889334
-0.10026689819564445,0.06695249180758038,1.0,-24.411913425710047
-0.09573299382631392,0.06695249180758038,1.0,-22.79268742537732
-0.08938308794265616,0.06695249180758038,1.0,-21.387411931730348
-0.08387220365384451,0.06695249180758038,1.0,-19.767603864609875
-0.07752001515533284,0.06695249180758038,1.0,-18.147813002873523
-0.07116789412891578,0.06695249180758038,1.0,-16.528044405037573
-0.06481586041191205,0.06695249180758038,1.0,-15.37147928229078
-0.06028031091094423,0.06695249180758038,1.0,-13.75234390427209
-0.05393076040891015,0.06695249180758038,1.0,-12.133413832279501
-0.047582015028547066,0.06695249180758038,1.0,-10.728919199921062
-0.04207419294086691,0.06695249180758038,1.0,-9.109015644209
-0.0357216299772902,0.06695249180758038,1.0,-7.489112473648684
-0.02936906852411249,0.06695249180758038,1.0,-6.331127746923672
-0.024827951948720277,0.06695249180758038,1.0,-4.712459087592286
-0.01848023171604818,0.06695249180758038,1.0,-3.0950837767498522
-0.012137583438234716,0.06695249180758038,1.0,-1.4832388029156487
-0.005816622756531956,0.06695249180758038,1.0,-0.25526501145081343
-0.0010010392605914252,0.06695249180758038,1.0,-1.567579162745583
0.006147369265668953,0.06695249180758038,1.0,-2.70996803860965
0.01062732564160647,0.06695249180758038,1.0,-4.794385813406942
0.018801512993752715,0.0904114645202375,1.0,-6.412707853841304
0.025147873936632564,0.0904114645202375,1.0,-8.709945325656735
0.034156648335908764,0.0904114645202375,1.0,-10.790714331209069
0.04231652678905517,0.0904114645202375,1.0,-12.874551766427471
0.050488438299715575,0.0904114645202375,1.0,-15.169966750657867
0.05949006568885438,0.0904114645202375,1.0,-16.789712958598646
0.06584201160234762,0.0904114645202375,1.0,-18.871756364607677
0.07400688770434383,0.0904114645202375,1.0,-21.169444243957464
0.08301742840767634,0.0904114645202375,0.0,-21.057413020610863
0.08257809027690535,0.08394409037987166,1.0,-22.891303054905716
0.08976981590159104,0.08360406159749773,1.0,-24.826325913475234
0.09735814083715777,0.08360406159749773,1.0,-26.96403342136466
0.10574130753476338,0.08360406159749773,1.0,-28.43124080694793
0.1114950619880311,0.08360406159749773,1.0,-30.364917760320093
0.11907810886400036,0.08360406159749773,1.0,-32.299247785105536
0.12666371680433544,0.08360406159749773,1.0,-34.43830569074998
0.13505217917941165,0.08360406159749773,1.0,-36.37185615713254
0.14263473002797075,0.08360406159749773,1.0,-38.30597005565892
0.15021949041434868,0.08360406159749773,1.0,-39.77283177337383
0.15597188930734834,0.08360406159749773,1.0,-41.91272467901023
0.16436362619219697,0.08360406159749773,1.0,-43.84598026690926
0.17194502065454612,0.08360406159749773,1.0,-45.77973221020601
0.17952836160865102,0.08360406159749773,1.0,-47.7139201599958
0.18711341239214038,0.08360406159749773,1.0,-49.64849315895729
0.1946999731723815,0.08360406159749773,0.0,-49.40149682629788
0.19373136010312894,0.07713668745713188,0.0,-49.069266619185406
0.1924284965458251,0.07146653217004922,0.0,-48.28229821963281
0.18934234595934435,0.06465837066116935,0.0,-47.71357378256213
0.18711205404926326,0.05898821537408669,0.0,-46.688780050244844
0.18309325509899937,0.052180053865206806,0.0,-46.369571380054616
0.18184145639237104,0.046509898578124154,0.0,-45.24709321016868
0.17743958121634776,0.13224550780284083,1.0,-48.06230907519653
0.18847964343214324,0.1319054790204669,1.0,-51.116880830320554
0.2004583561973355,0.1319054790204669,1.0,-54.800557049686304
0.21490414529288748,0.1319054790204669,1.0,-57.855122699131236
0.22688283411424015,0.1319054790204669,0.0,-58.032320842908874
0.22757772879572108,0.12543810488010104,0.0,-58.95073593628122
0.23117935661286754,0.1197679495930184,0.0,-59.29488598236925
0.23252896463674216,0.11295978808413898,0.0,-59.866572165099385
0.23477087123568388,0.10728963279705632,0.0,-59.48760352115871
0.23328471969081846,0.10048147128817686,0.0,-59.832539367673846
0.2346374092849955,0.0948113160010942,1.0,-61.97031243469182
0.24302083307722283,0.09458469032446191,0.0,-61.890553116077854
0.24270805143559943,0.08811731618409648,0.0,-61.50245658353521
0.2411861042491577,0.08244716089701389,0.0,-61.164636401107884
0.2398613192200309,0.07563899938813444,1.0,-62.76771672387187
0.24614790872106615,0.0752989706057605,0.0,-62.399606908604255
0.2447043408180559,0.06883159646539506,1.0,-63.85228227487198
0.2504011069602823,0.06849156768302113,1.0,-65.40537133648752
0.2564916522999511,0.06849156768302113,0.0,-64.3663179873947
0.2524169332839008,0.062024193542655676,1.0,-65.6681900899483
0.25752231407822856,0.06168416476028175,0.0,-65.02270315326032
0.2549909927578836,0.0552167906199163,0.0,-64.00561537309473
0.25100241322782246,0.04954663533283383,0.0,-63.03937423265757
0.24721323228493164,0.04273847382395435,0.0,-63.821216338548595
0.2502792797590141,0.12289381559705737,0.0,-64.16057936045435
0.2516101151390367,0.1160856540881779,0.0,-64.7270005279429
0.253831374619384,0.11041549880109548,0.0,-64.84468140168067
0.25429286824188496,0.10360733729221604,0.0,-64.67832765567205
0.2536405006104786,0.0979371820051336,0.0,-64.56815388506101
0.2532084466080824,0.09112902049625415,0.0,-64.67834256499856
0.25364055907842575,0.08545886520917152,0.0,-64.33394356490375
0.25228997476432846,0.07865070370029209,0.0,-63.705664253141514
0.24982613432604514,0.07298054841320943,0.0,-63.22554290245077
0.24794330549980695,0.06617238690432999,0.0,-62.86911133613426
0.24654553465150691,0.06050223161724734,0.0,-61.558931412180655
0.24140757416541433,0.053694070108367895,1.0,-62.84062301358378
0.2464338157395442,0.053354041325993945,1.0,-63.84948403215045
0.2503901334594135,0.053354041325993945,1.0,-65.23096705971135
0.25580771395965235,0.053354041325993945,0.0,-64.39008562690188
0.2525101397133407,0.04688666718562824,0.0,-63.17171819099464
0.24773222819997898,0.041216511898545596,0.0,-62.135251685711054
0.24366765366945514,0.03440835038966571,1.0,-62.49313349780054
0.24507111175608057,0.034068321607291764,1.0,-63.43856507392471
0.2487786865644106,0.034068321607291764,1.0,-62.92283700583531
0.24675622355229537,-0.032223279882871846,2.0,-63.94362689207154
0.2507593211453786,-0.025755905742506004,2.0,-64.88881279736572
0.2544659325386891,-0.02008575045542335,2.0,-66.70348965933097
0.2615823123895332,-0.013277588946543616,1.0,-66.20517497026846
0.2596281371383077,-0.012937560164169666,1.0,-65.97896239394635
0.258741028995868,-0.012937560164169666,1.0,-65.75341551400531
0.2578565314274718,-0.012937560164169666,1.0,-65.64952216642637
0.25744910653500536,-0.012937560164169666,1.0,-65.42373374634514
0.25656366175037304,-0.012937560164169666,1.0,-64.82544961141636
0.25421744945653474,-0.012937560164169666,1.0,-64.5990210694041
0.25332949438982,-0.012937560164169666,1.0,-64.37327097768191
0.2524441999124781,-0.012937560164169666,1.0,-64.26965837983853
0.2520378759993668,-0.012937560164169666,1.0,-63.54852160577967
0.24920988865011634,-0.012937560164169666,1.0,-63.32281111992099
0.24832474948988623,-0.012937560164169666,1.0,-63.21914727657168
0.2479182246140066,-0.012937560164169666,1.0,-62.99318531145026
0.24703209926058928,-0.012937560164169666,1.0,-62.76792251163237
0.24614871573189165,-0.012937560164169666,1.0,-62.16863750479253
0.24379857845016678,-0.012937560164169666,1.0,-61.94271239715249
0.24291259763589212,-0.012937560164169666,1.0,-61.221900736456966
0.2400858852410077,-0.08420368657523457,2.0,-61.14554897658611
0.23978646657484753,-0.07773631243486913,1.0,-59.18523822016626
0.23209897341241673,-0.07739628365249518,2.0,-59.286737087793476
0.2324970081874254,-0.07092890951212973,2.0,-58.91305706530571
0.23103159633453219,-0.06525875422504708,2.0,-59.44758887989172
0.23312779952898716,-0.058450592716167635,2.0,-59.890753201148456
0.23486569882803318,-0.05278043742908498,2.0,-60.32015955710915
0.23654964532199668,-0.04597227592020554,2.0,-61.01999305480448
0.23929409041099797,-0.040302120633123106,2.0,-62.27512270147166
0.24421616745675162,-0.03349395912424366,2.0,-62.84108702555435
0.2464356353943308,-0.02782380383716123,2.0,-64.38497146362852
0.25249008417109225,-0.021015642328281785,1.0,-64.18234066336038
0.2516954535818054,-0.020675613545907846,1.0,-63.36980791454143
0.24850905064526052,-0.020675613545907846,1.0,-63.066849695273135
0.24732097919714952,-0.020675613545907846,1.0,-62.76392355350032
0.2461330335431385,-0.020675613545907846,2.0,-63.901941122854495
0.2505958475406059,-0.01420823940554238,1.0,-63.851821163416226
0.2503992986800636,-0.01386821062316844,1.0,-63.70136481120222
0.24980927376942047,-0.01386821062316844,0.0,-61.08833347741691
0.23956209206830162,-0.020335584763533907,2.0,-62.39337383591375
0.2446798973957402,-0.015025218786607923,1.0,-61.29293609311746
0.2403644552671273,-0.05268910361587696,2.0,-62.07631638482569
0.2434365348424537,-0.04622172947551149,2.0,-62.27091867990177
0.24419968109765403,-0.04055157418842902,2.0,-63.470355870067536
0.248903356353206,-0.03374341267954953,2.0,-64.49116420142518
0.25290652628009874,-0.0280732573924671,2.0,-65.53488711855951
0.2569995573276843,-0.021265095883587656,2.0,-66.88179461895996
0.26228154752533317,-0.015594940596505225,0.0,-64.74440351353734
0.25389962162171503,-0.02115487290935043,2.0,-65.92610425540579
0.2585337421780619,-0.015844506932424462,0.0,-63.86565394187563
0.2504535448701005,-0.02115487290935043,1.0,-63.27875651824181
0.24815198634604632,-0.021494901691724373,2.0,-64.86338331834708
0.25436620909155716,-0.01502752755135893,0.0,-62.81617486490939
0.2463379406467035,-0.020337893528284898,2.0,-64.06491427864106
0.25123495795545514,-0.01502752755135893,1.0,-63.78406417698783
0.2501335850077954,-0.014687498768984989,1.0,-63.45106893800971
0.24882772132552827,-0.014687498768984989,1.0,-63.11828288985541
0.24752267799943298,-0.014687498768984989,1.0,-62.785709358876815
0.24621846807402675,-0.014687498768984989,1.0,-62.45335174013229
0.2449151048632639,-0.014687498768984989,1.0,-62.071682754282456
0.24341836374228412,-0.014687498768984989,1.0,-61.73881160109136
0.24211298667094652,-0.014687498768984989,1.0,-61.40615681694805
0.24080845810567864,-0.014687498768984989,1.0,-61.073721937392705
0.23950479191134394,-0.014687498768984989,1.0,-61.20017642153107
0.24000069184914144,-0.014687498768984989,1.0,-60.86712700230569
0.23869461569531647,-0.014687498768984989,1.0,-60.53429510739252
0.2373893925780099,-0.014687498768984989,1.0,-60.20168434461572
0.23608503664555186,-0.014687498768984989,1.0,-59.869298399550416
0.2347815623511781,-0.014687498768984989,1.0,-59.48776259395785
0.23328534350571703,-0.014687498768984989,1.0,-59.15484092995424
0.23197976835276174,-0.014687498768984989,1.0,-58.82214456824126
0.230675076738201,-0.014687498768984989,1.0,-58.48967735345917
0.22937128373905558,-0.014687498768984989,1.0,-58.10843794196245
0.22787622722338216,-0.014687498768984989,1.0,-57.77542245148033
0.22657028412345226,-0.014687498768984989,1.0,-57.442636586293
0.2252652415148745,-0.014687498768984989,2.0,-59.201656652926594
0.23216335942324157,-0.008220124628619546,1.0,-59.12341755007248
0.23185653941204895,-0.007880095846245605,1.0,-58.94505285833595
0.23115707003269,-0.007880095846245605,1.0,-58.70723809842362
0.23022446313107303,-0.007880095846245605,1.0,-58.52832919113289
0.22952285957307014,-0.007880095846245605,1.0,-58.349670068271514
0.22882223556184908,-0.007880095846245605,1.0,-58.171263031298885
0.22812260012274072,-0.007880095846245605,1.0,-57.93359464347268
0.22719056722930464,-0.007880095846245605,1.0,-57.754636116795304
0.22648876908547177,-0.007880095846245605,1.0,-57.575930422899624
0.22578796244274363,-0.007880095846245605,1.0,-57.39747992335218
0.2250881565621654,-0.007880095846245605,1.0,-57.21928700578646
0.22438936080700572,-0.007880095846245605,1.0,-56.980952438264644
0.22345471544417506,-0.007880095846245605,1.0,-56.80219893419214
0.2227537213105574,-0.007880095846245605,1.0,-56.62370380995221
0.22205374043118514,-0.007880095846245605,1.0,-56.445469516735905
0.22135478241857215,-0.007880095846245605,1.0,-56.2072785435359
0.220420700170729,-0.007880095846245605,1.0,-56.02847594007007
0.21971951349047086,-0.007880095846245605,2.0,-57.962244567122774
0.2273029198710697,-0.0014127217058801588,1.0,-58.03814818201769
0.22760058110595174,-0.0010726929235062084,1.0,-58.01394003766483
0.22750564720652874,-0.0010726929235062084,1.0,-57.989994770259386
0.22741174419709562,-0.0010726929235062084,1.0,-57.895001488832236
0.2270392215248323,-0.0010726929235062084,1.0,-57.87050617983815
0.2269431614895614,-0.0010726929235062084,1.0,-57.846274159141025
0.22684813395741582,-0.0010726929235062084,1.0,-57.82230575775527
0.22675414022649126,-0.0010726929235062084,1.0,-57.72738649098636
0.22638190780778963,-0.0010726929235062084,1.0,-57.70286642348373
0.22628575068032833,-0.0010726929235062084,1.0,-57.678610388584396
0.22619062897484077,-0.0010726929235062084,2.0,-59.790804256201376
0.23447374218118186,0.0053946812168592425,1.0,-60.021176148190094
0.23537716136545134,0.005734709999233193,0.0,-57.93857549571588
0.22721009998319955,-0.000732664141132258,0.0,-56.55288657442158
0.22177602578204542,-0.006402819428214865,1.0,-56.335931505051974
0.2209252215884391,-0.006629445104847158,2.0,-57.80139573964289
0.22667214015546233,-0.000162070964481712,1.0,-57.90622171222501
0.22708322240088238,0.00017795781789223838,1.0,-57.837404777644736
0.22681335206919506,0.00017795781789223838,0.0,-56.22849069284177
0.2205038850699677,-0.006289416322473212,1.0,-55.91660877993857
0.2192808187448571,-0.006629445104847154,1.0,-55.76602714033128
0.21869030251110305,-0.006629445104847154,1.0,-55.61571075083898
0.21810082647387835,-0.006629445104847154,1.0,-55.465661768009035
0.2175123990902315,-0.006629445104847154,1.0,-55.2542864951653
0.21668347645162864,-0.006629445104847154,1.0,-55.10365947091143
0.21609278223886835,-0.006629445104847154,1.0,-54.953300645365175
0.21550313978574578,-0.006629445104847154,1.0,-54.8032122260273
0.21491455774912666,-0.006629445104847154,1.0,-54.65339644065539
0.21432704486531526,-0.006629445104847154,1.0,-54.44129916515173
0.21349529084373228,-0.006629445104847154,1.0,-54.29089688844879
0.21290547799391685,-0.006629445104847154,1.0,-54.140768085170144
0.21231673758890252,-0.006629445104847154,1.0,-53.99091503660166
0.21172907857490847,-0.006629445104847154,1.0,-53.77894649513234
0.21089782939267585,-0.006629445104847154,0.0,-52.04030439256019
0.2040796250688635,-0.013096819245212596,1.0,-51.635740956764955
0.20249310179123511,-0.013436848027586537,2.0,-52.86389345052201
0.2073093860804785,-0.0069694738872210955,1.0,-52.8135436237301
0.2071119357793337,-0.006629445104847154,1.0,-52.66310075968385
0.2065219637634661,-0.006629445104847154,1.0,-52.51293961387947
0.20593309652501754,-0.006629445104847154,1.0,-52.36306260996061
0.20534534356847298,-0.006629445104847154,0.0,-50.56617453118698
0.19829872365171367,-0.013096819245212596,2.0,-51.9972461647646
0.20391076927358665,-0.007786453268286629,1.0,-51.92912481282122
0.20364362671694597,-0.007446424485912687,1.0,-51.70041844228547
0.20274673898935477,-0.007446424485912687,1.0,-51.5313039815065
0.20208354502551568,-0.007446424485912687,1.0,-51.36247435480216
0.20142146805804767,-0.007446424485912687,1.0,-51.193932380187846
0.2007605191379916,-0.007446424485912687,1.0,-50.96538386589843
0.19986425045450368,-0.007446424485912687,1.0,-50.796215206600614
0.19920084394745338,-0.007446424485912687,1.0,-50.627335155214794
0.19853856923613647,-0.007446424485912687,1.0,-50.45874660956082
0.19787743768455224,-0.007446424485912687,1.0,-50.290452501280456
0.1972174607893351,-0.007446424485912687,0.0,-149.07595163314807
