Lateral Error,Yaw Error,Action,Reward
-0.00026401161174235727,-0.00028012502932252617,1.0,-0.08952990571706733
-0.0003510976694786954,-0.00028012502932252617,1.0,-0.12953465589967983
-0.0005079790427438425,-0.00028012502932252617,1.0,-0.17556551558058053
-0.0006884922179630609,-0.00028012502932252617,1.0,-0.2239367624213797
-0.0008781833820446262,-0.00028012502932252617,1.0,-0.273409028722704
-0.0010721922695008,-0.00028012502932252617,1.0,-0.2292830229902012
-0.0008991491097654949,-0.00028012502932252617,1.0,-0.18898023254283122
-0.0007410989511483577,-0.00028012502932252617,1.0,-0.15536007232561672
-0.0006092551855906538,-0.00028012502932252617,1.0,-0.13356787029352699
-0.0005237955697785373,-0.00028012502932252617,1.0,-0.12970890484902065
-0.0005086623719569438,-0.00028012502932252617,1.0,-0.14521991647212182
-0.0005694898685181248,-0.00028012502932252617,1.0,-0.17502470798108488
-0.0006863714038473917,-0.00028012502932252617,1.0,-0.21321086461110342
-0.0008361210376906016,-0.00028012502932252617,1.0,-0.2560556527265523
-0.0010041398146139304,-0.00028012502932252617,1.0,-0.3015800423089312
-0.0011826668325840438,-0.00028012502932252617,1.0,-0.26367011723585204
-0.0010340004597484394,-0.00028012502932252617,1.0,-0.23118381341662667
-0.0009066031898691242,-0.00028012502932252617,1.0,-0.2065196856701604
-0.0008098811202751387,-0.00028012502932252617,1.0,-0.1927049705470103
-0.0007557057668510208,-0.00028012502932252617,1.0,-0.1920948487037419
-0.000753313132171537,-0.00028012502932252617,1.0,-0.20480736374523903
-0.0008031661323342707,-0.00028012502932252617,1.0,-0.22863088529506004
-0.0008965917070394512,-0.00028012502932252617,1.0,-0.2605350404419954
-0.0010217060409490014,-0.00028012502932252617,1.0,-0.2979351154298186
-0.001168373001685563,-0.00028012502932252617,1.0,-0.33901704800059346
-0.0013294786196101703,-0.00028012502932252617,1.0,-0.30701330393676607
-0.0012039737409284942,-0.00028012502932252617,1.0,-0.281002481945929
-0.0011019705174350157,-0.00028012502932252617,1.0,-0.26257955184313636
-0.0010297237327181819,-0.00028012502932252617,1.0,-0.25340490791079734
-0.0009937447369050877,-0.00028012502932252617,1.0,-0.25448079255846434
-0.0009979638923861345,-0.00028012502932252617,1.0,-0.2656827061173831
-0.001041892965166208,-0.00028012502932252617,1.0,-0.28582254459594975
-0.0011208727239056851,-0.00028012502932252617,1.0,-0.31318070468902476
-0.0012281596262314696,-0.00028012502932252617,1.0,-0.34604939055069905
-0.001357056433532153,-0.00028012502932252617,1.0,-0.38301254252603734
-0.0015020099706903425,-0.00028012502932252617,1.0,-0.3560567635174019
-0.001396301033401576,-0.00028012502932252617,1.0,-0.3350564819772937
-0.0013139469881462498,-0.00028012502932252617,1.0,-0.32098235699843686
-0.0012587543411703406,-0.00028012502932252617,1.0,-0.31476483446268955
-0.0012343718998536846,-0.00028012502932252617,1.0,-0.31686673641318663
-0.001242614652600732,-0.00028012502932252617,1.0,-0.32712773712532417
-0.0012828538710797025,-0.00028012502932252617,1.0,-0.3448202202149601
-0.001352236157705726,-0.00028012502932252617,1.0,-0.3688764186854901
-0.0014465741909234907,-0.00028012502932252617,1.0,-0.3981444968552627
-0.0015613509680598538,-0.00028012502932252617,1.0,-0.4315653700319278
-0.0016924132158114813,-0.00028012502932252617,1.0,-0.40875381451440385
-0.0016029561353506031,-0.00028012502932252617,1.0,-0.39159584950750465
-0.0015356699980686457,-0.00028012502932252617,1.0,-0.3806512024724088
-0.0014927498136172892,-0.00028012502932252617,1.0,-0.3764621716144314
-0.0014763222416252213,-0.00028012502932252617,1.0,-0.37925268026790904
-0.0014872654128153294,-0.00028012502932252617,1.0,-0.38887250409986457
-0.0015249902121563317,-0.00028012502932252617,1.0,-0.40483509422996167
-0.0015875886048233791,-0.00028012502932252617,1.0,-0.4264287545607276
-0.0016722696257283436,-0.00028012502932252617,1.0,-0.45284866349923075
-0.0017758771117616892,-0.00028012502932252617,1.0,-0.48330398453834633
-0.0018953097432876328,-0.00028012502932252617,1.0,-0.46386092193129763
-0.0018190624389462652,-0.00028012502932252617,1.0,-0.44968409419200417
-0.0017634670360470752,-0.00028012502932252617,1.0,-0.44107257267324207
-0.0017296963634244786,-0.00028012502932252617,1.0,-0.4383544733210928
-0.0017190371502787953,-0.00028012502932252617,1.0,-0.44163862412262894
-0.0017319161730299174,-0.00028012502932252617,1.0,-0.4507938602882245
-0.0017678190599538213,-0.00028012502932252617,1.0,-0.4654738819208715
-0.0018253877722387121,-0.00028012502932252617,1.0,-0.4851774573779529
-0.0019026566955998153,-0.00028012502932252617,1.0,-0.5093218978851186
-0.001997340776020073,-0.00028012502932252617,1.0,-0.537308874208429
-0.0021070936243467804,-0.0008887473969698243,1.0,-0.5206133314648104
-0.0020416209077051386,-0.0008887473969698243,1.0,-0.5087909902650379
-0.00199525878535309,-0.0008887473969698243,1.0,-0.5019748029246092
-0.001968528638920036,-0.0008887473969698243,1.0,-0.5003693974333453
-0.0019622329311111577,-0.0008887473969698243,1.0,-0.5040245679773279
-0.001976566933244423,-0.0008887473969698243,1.0,-0.5128278429277802
-0.002011089580108942,-0.0008887473969698243,1.0,-0.526521061268685
-0.002064788475563471,-0.0008887473969698243,1.0,-0.5447355868284712
-0.0021362179875626325,-0.0008887473969698243,1.0,-0.5670358818236221
-0.0022236701247985184,-0.0008887473969698243,1.0,-0.592961148064499
-0.002325337835547055,-0.0008887473969698243,1.0,-0.5785270424842128
-0.00226873349993809,-0.0008887473969698243,2.0,-1.440468015235612
0.005648894177394557,0.005578626743395653,2.0,-3.3135057939693806
0.012994140368507375,0.011248782030478119,2.0,-5.667639891688295
0.02222603879093449,0.018056943539357564,2.0,-7.825503721527366
0.030688249888342612,0.02372709882644,2.0,-10.500852542006019
0.041179813890219685,0.030535260335319444,2.0,-12.939999403561295
0.05074509570024037,0.03620541562240187,2.0,-15.919168336148894
0.06242811112215253,0.04301357713128132,2.0,-18.13132502767998
0.0711032354026666,0.048683732418363976,2.0,-21.404329672332075
0.08393854773463559,0.05549189392724342,2.0,-24.489394171353837
0.09603683988766211,0.061162049214326074,2.0,-28.167186402346342
0.11045955451900527,0.06797021072320551,2.0,-31.550001029448392
0.12372549423313095,0.07364036601028817,2.0,-35.54078187044438
0.13937561517821326,0.0804485275191677,2.0,-39.212674204605804
0.15377519295923842,0.08611868280625035,2.0,-43.65205186313441
0.17118451711033103,0.09292684431513024,1.0,-45.82740547101484
0.1797153155726072,0.09326687309750419,1.0,-48.05118516193936
0.18843602024289946,0.09326687309750419,1.0,-50.12633493972299
0.1965738625087176,0.09326687309750419,1.0,-52.34997823041901
0.205294032276153,0.09326687309750419,1.0,-54.42527112155367
0.2134324357707987,0.09326687309750419,1.0,-56.6487984503163
0.22215215078555411,0.09326687309750419,1.0,-58.72421254219432
0.23029102957723263,0.09326687309750419,1.0,-60.947640076418296
0.23901035324085607,0.09326687309750419,1.0,-63.023158129594385
0.24714963972389956,0.09326687309750419,1.0,-65.24649887760692
0.2558686230494389,0.07256477574918292,1.0,-66.83384314905895
0.2620935025453292,0.07256477574918292,1.0,-68.42136118422269
0.2683190634675399,0.07256477574918292,1.0,-70.15707984266567
0.27512580330457126,0.07256477574918292,1.0,-71.74417283093614
0.2813496973762201,0.07256477574918292,1.0,-73.33143882593406
0.28757426990562374,0.07256477574918292,1.0,-74.91886683145711
0.29379947777042004,0.07256477574918292,1.0,-76.50644676286369
0.30002528142299484,0.07256477574918292,1.0,-78.24187184580211
0.3068308699835377,0.07256477574918292,1.0,-79.82907180858645
0.31305518356308404,0.07256477574918292,1.0,-81.41642342701729
0.3192800918706561,0.07256477574918292,1.0,-83.00391800039131
0.32550556078584825,0.07256477574918292,1.0,-84.73959015716649
0.332312118263398,0.07256477574918292,1.0,-86.32673367323184
0.33853621048326216,0.07256477574918292,1.0,-87.9140196744242
0.3447608614683302,0.07256477574918292,1.0,-89.50144057992799
0.3509860414899137,0.07256477574918292,1.0,-91.2373236422687
0.35779342604811254,0.07256477574918292,1.0,-92.82441835469619
0.3640173268811615,0.07256477574918292,1.0,-94.41164738692268
0.37024175445852026,0.07256477574918292,1.0,-96.4871987415951
0.37838117153566697,0.07256477574918292,1.0,-98.2226858518555
0.38518700334060985,0.07256477574918292,0.0,-97.25214996792201
0.38138098026636086,0.0660974016088171,0.0,-96.42161125347216
0.3781239656998908,0.060427246321734435,1.0,-97.6698498135621
0.3830190188767141,0.06020062064510215,1.0,-99.11431332286814
0.3886835816583064,0.06020062064510215,1.0,-100.42927538109191
0.39384029561212514,0.06020062064510215,1.0,-101.74426803681018
0.3989971295561183,0.06020062064510215,1.0,-103.05929011878996
0.40415407889721555,0.06020062064510215,1.0,-104.86772271834516
0.4112459714444909,0.06020062064510215,1.0,-106.18286433147654
0.41640338953520206,0.06020062064510215,1.0,-107.49803051130439
0.42156090396589957,0.06020062064510215,1.0,-108.81322036705593
0.4267185112433566,0.06020062064510215,1.0,-110.25743505044086
0.432382098237023,0.06020062064510215,1.0,-111.57243882440146
0.4375389757819665,0.06020062064510215,1.0,-112.8874692036941
0.4426959576615455,0.06020062064510215,1.0,-114.2025252692459
0.4478530402715525,0.06020062064510215,1.0,-115.5176061438172
0.4530102201718321,0.06020062064510215,1.0,-116.83271098964953
0.4581674940770569,0.06020062064510215,1.0,-117.65442194982073
0.461389889999297,0.03694647503680849,1.0,-118.47618249553383
0.4646124803746424,0.03694647503680849,1.0,-119.29799160210825
0.4678352611847383,0.03694647503680849,1.0,-120.11984827284564
0.47105822852096335,0.03694647503680849,1.0,-120.81224687870936
0.47377351717140925,0.03694647503680849,1.0,-121.63388785184802
0.47699563863469807,0.03694647503680849,1.0,-122.45557773838955
0.4802179519152531,0.03694647503680849,1.0,-123.27731556025496
0.4834404531774704,0.03694647503680849,1.0,-124.09910036521494
0.4866631386871174,0.03694647503680849,1.0,-124.92093122604308
0.48988600480801214,0.03694647503680849,1.0,-126.23594170163406
0.495042908633859,0.03694647503680849,1.0,-126.92863352344992
0.49775934715078396,0.03694647503680849,1.0,-127.7502254646764
0.5009812763320644,0.03694647503680849,1.0,-128.57186461910766
0.5042033906631673,0.03694647503680849,1.0,-129.3935500873429
0.507425686617031,0.03694647503680849,1.0,-130.2152809926331
0.510648160755424,0.03694647503680849,1.0,-131.03705648017345
0.5138708097261704,0.03694647503680849,1.0,-131.85887571642274
0.5170936302604814,0.03694647503680849,1.0,-132.5514280019074
0.5198095215761074,0.03694647503680849,1.0,-133.3730502344258
0.5230315695467678,0.03694647503680849,1.0,-134.19471733096498
0.5262537934547646,0.03694647503680849,1.0,-135.01642847244037
0.5294761900880014,0.03694647503680849,2.0,-138.0001749180756
0.541177156541473,0.043413849177174335,2.0,-141.42580768845121
0.5546110105429458,0.04908400446425699,2.0,-145.0428986147
0.5687956808419609,0.05589216597313687,2.0,-148.36023956454636
0.5818048610374367,0.06156232126021952,2.0,-152.55095827256014
0.5982390520492554,0.0683704827690994,2.0,-156.7240891037819
0.6146042709952232,0.07404063805618206,2.0,-161.3228580955544
0.6326386591982527,0.08084879956506195,1.0,-163.4257750063391
0.6408853921817219,0.08118882834743589,2.0,-168.15410145278142
0.6594278488344371,0.08765620248780173,0.0,-167.2750547119306
0.6559806067134533,0.08234583651087542,2.0,-171.93216715953892
0.6742437927825056,0.08765620248780173,2.0,-176.16052364961286
0.6908255829396583,0.08402068789833814,1.0,-178.30380623203294
0.699230612674639,0.08424731357497045,1.0,-179.9173875077756
0.7055583823834337,0.08424731357497045,1.0,-182.2082420659583
0.714542125748856,0.08424731357497045,1.0,-184.28446048428137
0.7226841587618877,0.08424731357497045,1.0,-185.89806560544207
0.7290120219821258,0.08424731357497045,2.0,-190.78964358639575
0.7481946807309637,0.09071468771533628,2.0,-195.8846798723009
0.7681752151854937,0.09638484300241894,2.0,-201.53643735774392
0.7903389700303682,0.10319300451129883,2.0,-206.82843530469933
0.8110919031556836,0.1088631597983809,2.0,-213.17878762666223
0.8359952455947537,0.1156713213072608,2.0,-219.1583567638642
0.8594445363288792,0.12134147659434256,2.0,-225.96111067141888
0.8861220026330152,0.12814963810322244,2.0,-232.64842324020302
0.9123467578047177,0.13381979339030423,0.0,-232.2686542876754
0.9108574677948054,0.12825986107745868,2.0,-238.55114221194557
0.935494675340963,0.13357022705438498,0.0,-238.52731594518525
0.9354012390007265,0.12825986107745868,1.0,-240.9993392149158
0.9450954479016305,0.12791983229508477,0.0,-240.44674296081797
0.9429284037679138,0.12145245815471896,1.0,-242.77205142381658
0.9520472604855552,0.12111242937234505,1.0,-245.89910290724444
0.96431020747939,0.12111242937234505,1.0,-248.59132308875886
0.9748679336814072,0.12111242937234505,1.0,-251.45205886943808
0.9860865053703455,0.12111242937234505,1.0,-254.1440608224223
0.996643375774205,0.12111242937234505,1.0,-256.83627841996736
1.0072010918430094,0.12111242937234505,1.0,-259.96330360298714
1.0194639356979889,0.12111242937234505,1.0,-262.3890187416448
1.0289765440848817,0.12111242937234505,1.0,-265.51607406216823
1.04123950612615,0.12111242937234505,1.0,-268.20825987552814
1.0517970975510906,0.12111242937234505,1.0,-271.33529029713577
1.0640599619495519,0.12111242937234505,1.0,-273.76103181051826
1.0735726737667384,0.12111242937234505,1.0,-276.88809066977836
1.0858356496854054,0.12111242937234505,1.0,-279.5802472521825
1.096393126479147,0.12491374895129433,1.0,-282.70728242543714
1.108656009511518,0.12491374895129433,1.0,-285.83432163276103
1.1209189083637685,0.12491374895129433,1.0,-288.5266143106204
1.131476918865178,0.12491374895129433,1.0,-291.38717570944203
1.1426948067036942,0.12491374895129433,1.0,-294.514244444193
1.1549578213497766,0.12491374895129433,1.0,-297.20632264793875
1.1655149907762303,0.12491374895129433,1.0,-300.3333696086867
1.1777779200340655,0.12491374895129433,1.0,-303.46042012625895
1.1900408632402313,0.12491374895129433,1.0,-306.1526293665222
1.2005985465353812,0.12491374895129433,2.0,-313.92037127225035
1.2310602794990209,0.1313811230916601,2.0,-320.999694571735
1.258822331653863,0.1370512783787419,1.0,-324.74848584152795
1.273523473888345,0.13727790405537416,1.0,-328.1471240933437
1.2868514670327202,0.13727790405537416,1.0,-331.1216533061598
1.2985162874751366,0.13727790405537416,1.0,-334.52031022027376
1.311844353804995,0.13727790405537416,1.0,-337.4948254691477
1.3235091194868536,0.13727790405537416,2.0,-346.34363706922073
1.3582103414479245,0.14374527819573996,2.0,-354.5100762281599
1.3902355930516075,0.14941543348282174,2.0,-364.18883888000397
1.4281915250196235,0.15622359499170163,0.0,-363.24259806609365
1.4244807767297791,0.1509132290147753,2.0,-371.58167575646763
1.457183042182226,0.15622359499170163,2.0,-380.89842840728227
1.4937193270873814,0.1618937502787834,2.0,-391.785562812383
1.5364139718132663,0.16870191178766328,2.0,-401.9738134372284
1.5763678958322682,0.17437206707474504,2.0,-414.11089999353027
1.6239643137001187,0.19589179207338292,2.0,-426.2476017685593
1.671559222621801,0.2015619473604647,2.0,-440.3840002140619
1.726996079270831,0.20837010886934457,2.0,-453.8023456366607
1.7796170417123949,0.21404026415642635,2.0,-469.6741237527848
1.8418593088344501,0.22084842566530624,2.0,-484.7823115485477
1.9011071041119518,0.226518580952388,0.0,-481.6650860179621
1.888882690266518,0.22095864863954245,0.0,-479.2494379146695
1.8794095604496843,0.2152884933524607,0.0,-474.37118623316076
1.8602791616986696,0.2084803318435808,0.0,-472.00920384194234
1.8510164856546758,0.20281017655649902,0.0,-467.62911517419695
1.833839667349792,0.19600201504761916,0.0,-464.94823115712995
1.8233263966946271,0.19033185976053738,0.0,-461.35849439019984
1.8092489976086266,0.18352369825165749,0.0,-458.7208802861091
1.7989054128867026,0.17785354296457573,0.0,-455.2375087704444
1.7852451324331153,0.17104538145569584,0.0,-452.951318147927
1.7762796790114783,0.16537522616861408,0.0,-449.57479623850395
1.763038416621584,0.1585670646597342,0.0,-447.32271034216046
1.7542067072241587,0.1528969093726524,0.0,-443.9073411887216
1.7408131027008689,0.14608874786377252,0.0,-442.1171076404309
1.7337925789820818,0.14041859257669076,0.0,-438.7881893868918
1.7207379975956543,0.13361043106781087,0.0,-436.6020753421673
1.7121650013418328,0.1279402757807291,0.0,-434.0522197562531
1.702165567671581,0.12113211427184922,0.0,-431.9015777913983
1.6937316776133269,0.11546195898476656,2.0,-439.5133913178675
1.7235819267367354,0.12102189129761215,0.0,-437.95658458355956
1.7174768022884688,0.11571152532068583,2.0,-444.81437880790156
1.7443701129721632,0.12102189129761215,0.0,-443.0189146824396
1.7373290771860375,0.11571152532068583,2.0,-450.56508914178386
1.766921918203074,0.12102189129761215,0.0,-448.7679595016568
1.7598743509868893,0.11571152532068583,2.0,-456.0752220380788
1.7885302825022698,0.12102189129761215,0.0,-454.2839408535058
1.781505650405905,0.11571152532068583,2.0,-461.376176608691
1.8093183396419257,0.12102189129761215,0.0,-459.5793460609343
1.8022719453369973,0.11571152532068583,2.0,-467.12688062218797
1.8318701200870116,0.12102189129761215,0.0,-465.0952771955852
1.8239030478258242,0.11571152532068583,2.0,-472.63705706831416
1.8534786551698594,0.12102189129761215,0.0,-470.8442951614686
1.8464482163194849,0.11571152532068583,2.0,-477.937980953191
1.8742665919732981,0.12102189129761215,2.0,-486.3442350772988
1.9072322944207794,0.12669204658469435,0.0,-483.9787364486626
1.8979558292104415,0.12113211427184879,2.0,-491.5690441195026
1.9277217416451085,0.1264424802487751,0.0,-489.97058320212636
1.921453267459319,0.12113211427184879,2.0,-497.56090649698075
1.9512192411646303,0.1264424802487751,0.0,-495.51288808129584
1.9431877963972386,0.12113211427184879,2.0,-503.55277369262615
1.9747167595789261,0.1264424802487751,0.0,-501.2639713117471
1.9657410639676356,0.12113211427184879,2.0,-509.5446455364646
1.9982142962214298,0.15387451295037172,0.0,-610.1017334900978
