Lateral Error,Yaw Error,Action,Reward
0.0004573001322156994,0.0004852105571010499,1.0,-0.13728122234620002
0.0005383577346909805,0.0004852105571010499,1.0,-0.17184655284729064
0.0006739080503815319,0.0004852105571010499,1.0,-0.2136669392893348
0.0008379095658405287,0.0004852105571010499,1.0,-0.25925490095301984
0.0010166858860902739,0.0004852105571010499,1.0,-0.306936257053726
0.0012036715962891217,0.0004852105571010499,1.0,-0.272915350329433
0.0010702562758016982,0.0004852105571010499,1.0,-0.24561268082321414
0.0009631869836204477,0.0004852105571010499,1.0,-0.22716867966342913
0.0008908575673075653,0.0004852105571010499,1.0,-0.21982458589061732
0.0008620571995710483,0.0004852105571010499,1.0,-0.22467155495757343
0.0008810649214022487,0.0004852105571010499,1.0,-0.24097507372181967
0.0009450002891051752,0.0004852105571010499,1.0,-0.2666418650672218
0.0010456543728126345,0.0004852105571010499,1.0,-0.2992724540630796
0.0011736174669140379,0.0004852105571010499,1.0,-0.336849133616888
0.0013209769945760315,0.0004852105571010499,1.0,-0.3778993191039633
0.0014819581141331895,0.0004852105571010499,1.0,-0.35403475154290504
0.001388371574678059,0.0004852105571010499,1.0,-0.3369379767410592
0.0013213253989845459,0.0004852105571010499,1.0,-0.32733929575272375
0.0012836835127557791,0.0004852105571010499,1.0,-0.3259018999954584
0.0012780466666488563,0.0004852105571010499,1.0,-0.33273157620014593
0.0013048297105888076,0.0004852105571010499,1.0,-0.34734100633792875
0.0013621215934820736,0.0004852105571010499,1.0,-0.3688068153793795
0.0014463012367818804,0.0004852105571010499,1.0,-0.3960156296914952
0.0015530024693784124,0.0004852105571010499,1.0,-0.4278732409871375
0.0016779342783809314,0.0004852105571010499,1.0,-0.46342190415319046
0.0018173408006007471,0.0004852105571010499,2.0,-2.3863687033734897
0.009358308640680352,0.006952584697466529,2.0,-4.275951769572377
0.01676843831204854,0.012622739984548988,2.0,-6.673705364029457
0.026171393584429242,0.019430901493428434,1.0,-7.218215180273279
0.028306726197150113,0.019770930275802373,1.0,-7.628822457341241
0.029916950813102906,0.019770930275802373,1.0,-8.070887312621704
0.031650538480869427,0.019770930275802373,1.0,-8.513232632400541
0.03338522600941389,0.019770930275802373,1.0,-8.955816858702972
0.03512085042628617,0.019770930275802373,1.0,-9.398606240970777
0.03685727937635599,0.019770930275802373,1.0,-9.84157308827856
0.03859440426775906,0.019770930275802373,2.0,-12.267417099341712
0.04810751803663416,0.026238304416167813,1.0,-12.962708105676771
0.05083414943402655,0.026578333198541755,1.0,-13.55774519785107
0.053167628226866936,0.026578333198541755,1.0,-14.152868217692122
0.055501443990949494,0.026578333198541755,1.0,-14.74806676298614
0.05783555593327898,0.026578333198541755,1.0,-15.343332044385397
0.06016992958582509,0.026578333198541755,1.0,-15.938656584657993
0.06250453562610978,0.026578333198541755,1.0,-16.53403398277898
0.06483934895207444,0.026578333198541755,1.0,-17.129458727127055
0.06717434794951786,0.026578333198541755,2.0,-19.75749981221894
0.07748039142046644,0.033045707338907195,2.0,-22.239027249094914
0.0872118715650781,0.038715862625989625,2.0,-25.258858801726646
0.09905434824206527,0.04552402413486907,2.0,-28.090993856378603
0.11016076022109256,0.05119417942195172,2.0,-31.497239920740277
0.12351858792447168,0.05800234093083117,2.0,-34.62928132582523
0.1358011032385303,0.06367249621791382,2.0,-38.351634093938024
0.15039856507426677,0.07048065772679327,1.0,-40.02764059608623
0.156971139592495,0.07082068650916722,1.0,-41.60363758240576
0.163151519931003,0.07082068650916722,1.0,-43.29128733588087
0.16976975425835633,0.07082068650916722,1.0,-44.866555366835904
0.1759472759483761,0.07082068650916722,1.0,-46.44217574348206
0.18212617938620418,0.07082068650916722,1.0,-48.018113781230134
0.18830632855384366,0.07082068650916722,1.0,-49.70579713240267
0.19492469463687323,0.07082068650916722,1.0,-51.28110192629542
0.20110236049527613,0.07082068650916722,1.0,-52.856714114653386
0.20728123182217012,0.07082068650916722,1.0,-54.4326070038618
0.21346120393671292,0.07082068650916722,1.0,-56.12031576040927
0.22007966964866382,0.07082068650916722,1.0,-57.69564890159005
0.22625744667290215,0.07082068650916722,1.0,-59.27125466293608
0.23243629279582775,0.07021206414151991,1.0,-60.84711186635949
0.23861612496611567,0.07021206414151991,1.0,-62.53484050222896
0.245234668636192,0.07021206414151991,1.0,-64.11019616790061
0.2514125339917671,0.07021206414151991,1.0,-65.68579675051333
0.2575913598059346,0.07021206414151991,1.0,-67.26162503856392
0.2637710785826036,0.07021206414151991,1.0,-68.94936965151378
0.27038968490789717,0.07021206414151991,1.0,-70.52474364581956
0.27656762214046887,0.07021206414151991,1.0,-72.10033996654688
0.2827464312413603,0.07021206414151991,1.0,-73.67614435005592
0.28892605627472906,0.07021206414151991,1.0,-75.36390208285272
0.29554471405040283,0.07021206414151991,1.0,-76.93929128242144
0.3017227109114566,0.07021206414151991,1.0,-78.51488403445772
0.3079015060174813,0.07021206414151991,1.0,-80.09066832573546
0.31408105225778615,0.07021206414151991,1.0,-81.7784370239324
0.320699753035029,0.07021206414151991,1.0,-83.35383904107083
0.32687780016106205,0.07021206414151991,1.0,-84.92942876122373
0.333056583377348,0.07021206414151991,1.0,-86.50519592802726
0.33923606246285204,0.07021206414151991,1.0,-87.69577930550325
0.34390501688432645,0.07021206414151991,1.0,-89.27103006761233
0.3500824708533817,0.07021206414151991,2.0,-93.30089726530501
0.36588587162864716,0.07667943828188536,2.0,-97.26906012868616
0.38144729462229865,0.082349593568968,2.0,-101.7455463742894
0.39900214264427214,0.08915775507784789,0.0,-101.70607810669226
0.39884736512428337,0.08384738910092157,0.0,-101.45117735998512
0.3978477543528828,0.07817723381383894,0.0,-100.6312772316787
0.3946324597320733,0.0713690723049595,0.0,-100.15923924097997
0.39278133035678425,0.06569891701787683,0.0,-99.04421577458636
0.3884086893121034,0.058890755508997396,0.0,-98.36062583411625
0.3857279444475147,0.05322060022191474,1.0,-99.49035023740826
0.39015823622513046,0.05299397454528244,1.0,-100.68703257242873
0.3948511081271715,0.05299397454528244,1.0,-101.88373947508528
0.39954407637288347,0.05299397454528244,1.0,-103.08047008972815
0.4042371376067771,0.05299397454528244,1.0,-104.27722359997024
0.40893028862733427,0.05299397454528244,1.0,-105.47399922646149
0.41362352637828037,0.05299397454528244,1.0,-106.75617460919669
0.4186516651341047,0.05299397454528244,1.0,-107.95276039591273
0.423344158415344,0.05299397454528244,1.0,-109.14937123186718
0.4280367499288909,0.05299397454528244,1.0,-109.84331643321678
0.4307581036596737,0.03229187719696118,1.0,-110.5372724277204
0.43347949971655053,0.03229187719696118,1.0,-111.231239013367
0.43620093730732157,0.03229187719696118,1.0,-111.92521599315285
0.43892241565942297,0.03229187719696118,1.0,-112.53347394653355
0.44130774096679826,0.03229187719696118,1.0,-113.22731521547084
0.4440286871194935,0.03229187719696118,1.0,-113.92116822306728
0.44674967930614623,0.03229187719696118,1.0,-115.11791592159062
0.45144280753564947,0.03229187719696118,1.0,-115.81176509816756
0.4541637846986963,0.03229187719696118,1.0,-116.50562565881654
0.4568848065051629,0.03229187719696118,1.0,-117.19949740134504
0.45960587216213744,0.03229187719696118,1.0,-117.89338012831725
0.4623269808953617,0.03229187719696118,1.0,-118.5872736469153
0.46504813194868744,0.03229187719696118,1.0,-119.281177768805
0.46776932458354903,0.03229187719696118,1.0,-119.97509231000654
0.47049055807845697,0.03229187719696118,1.0,-120.66901709076919
0.47321183172850667,0.03229187719696118,1.0,-121.3629519354508
0.47593314484490506,0.03229187719696118,1.0,-122.05689667240091
0.4786544967545134,0.03229187719696118,1.0,-122.75085113384841
0.4813758867994055,0.03229187719696118,1.0,-123.44481515579218
0.48409731433643993,0.03229187719696118,1.0,-124.0531661396636
0.486483004469269,0.03229187719696118,1.0,-124.74700667271264
0.48920394773612796,0.03229187719696118,1.0,-125.94377053559185
0.49389713935526214,0.03229187719696118,1.0,-126.63760773114191
0.49661806953388987,0.03229187719696118,1.0,-127.33145547345235
0.4993390410723621,0.03229187719696118,1.0,-128.02531359104495
0.5020600532982155,0.03229187719696118,1.0,-128.71918191613656
0.5047811055534767,0.03229187719696118,1.0,-129.41306028453988
0.507502197194274,0.03229187719696118,1.0,-130.10694853556777
0.5102233275904619,0.03229187719696118,1.0,-130.80084651194056
0.5129444961252572,0.03229187719696118,1.0,-131.49475405969636
0.5156657021948876,0.03229187719696118,1.0,-132.18867102810378
0.5183869452082501,0.03229187719696118,1.0,-132.88259726957818
0.521108224586581,0.03229187719696118,1.0,-133.57653263959952
0.5238295397631354,0.03229187719696118,1.0,-134.27047699663362
0.5265508901828769,0.03229187719696118,1.0,-134.96443020205535
0.5292722753021779,0.03229187719696118,1.0,-135.65839212007438
0.531993694588527,0.03229187719696118,1.0,-136.26669825707316
0.5343792088512673,0.00903773158866753,1.0,-136.45768576898928
0.5351281794862326,0.00903773158866753,1.0,-136.64878069568908
0.5358775713556434,0.00903773158866753,1.0,-136.8399825871632
0.5366273826947576,0.00903773158866753,1.0,-136.94569714177047
0.5370419495755705,0.00903773158866753,1.0,-137.1366685084089
0.5377908568957211,0.00903773158866753,1.0,-137.32774680366398
0.5385401835437803,0.00903773158866753,1.0,-137.5189315818137
0.5392899277718184,0.00903773158866753,1.0,-137.71022239936357
0.5400400878406415,0.00903773158866753,1.0,-137.81565373558615
0.5404535440611222,0.00903773158866753,1.0,-138.50952573231928
0.5431746107149775,0.00903773158866753,1.0,-138.7006187833533
0.5439239952288365,0.00903773158866753,1.0,-138.89181722414207
0.5446737930358514,0.00903773158866753,1.0,-138.99753729980975
0.5450883815678813,0.00903773158866753,1.0,-139.18850861854395
0.5458372887001725,0.00903773158866753,1.0,-139.3795852919045
0.5465866089878608,0.00903773158866753,1.0,-139.57076688719022
0.5473363407340792,0.00903773158866753,1.0,-139.67653839032357
0.5477511309424454,0.00903773158866753,1.0,-139.86749395460592
0.5484999762925723,0.00903773158866753,1.0,-140.05855440574217
0.5492492329636948,0.00903773158866753,1.0,-140.24971931507397
0.5499988992747998,0.00903773158866753,1.0,-140.4409882560435
0.5507489735531118,0.00903773158866753,1.0,-140.54648170499937
0.5511626733529387,0.00903773158866753,1.0,-140.7375260871596
0.551911867008469,0.00903773158866753,1.0,-140.92867446783296
0.5526614685013058,0.00903773158866753,1.0,-141.1199264244184
0.5534114761741898,0.00903773158866753,1.0,-141.72837843097892
0.5557975624744272,0.00903773158866753,1.0,-141.919334176904
0.5565464085368784,0.00903773158866753,1.0,-142.11039329480107
0.5572956599796121,0.00903773158866753,1.0,-142.3015553682975
0.558045315169794,0.00903773158866753,1.0,-142.40738163275293
0.5584603201284428,0.00903773158866753,1.0,-142.5983219972564
0.5592091058715937,0.00903773158866753,1.0,-142.7893652833299
0.5599582952287447,0.00903773158866753,1.0,-142.98051107841766
0.5607078865820301,0.00903773158866753,1.0,-143.17175897194642
0.5614578783213585,0.00903773158866753,1.0,-143.27731216237774
0.5618718124014813,0.00903773158866753,1.0,-143.46833976335736
0.5626209402484602,0.00903773158866753,1.0,-143.65946943059177
0.5633704683552618,0.00903773158866753,1.0,-143.85070075724502
0.5641203951264511,-0.00026793828787870157,1.0,-143.95630463908975
0.5645345279964304,-0.00026793828787870157,1.0,-143.64452155484946
0.5633118492347038,-0.00026793828787870157,1.0,-143.83570714213235
0.5640615966358131,-0.00026793828787870157,1.0,-143.43855642141583
0.5625041428290816,-0.00026793828787870157,1.0,-143.62959430790494
0.563253311011392,-0.00026793828787870157,1.0,-143.82073411887922
0.5640028788975655,-0.00026793828787870157,1.0,-143.42369575560502
0.5624458657082549,-0.00026793828787870157,1.0,-143.61468769619066
0.5631948537105516,-0.00026793828787870157,1.0,-143.80578169391765
0.5639442419369318,-0.00026793828787870157,1.0,-143.49431262406753
0.5627227946041864,-0.00026793828787870157,1.0,-143.59980172613277
0.5631364773573835,-0.00026793828787870157,1.0,-143.79084987367355
0.5638856857791119,-0.00026793828787870157,1.0,-143.4793024911168
0.562663931337713,-0.00026793828787870157,1.0,-143.5849364041514
0.5630781819770643,-0.00026793828787870157,1.0,-143.77593866456655
0.5638272104492806,-0.00026793828787870157,1.0,-143.4643129977298
0.562605149010705,-0.00026793828787870157,1.0,-143.57009173666182
0.5630199675947523,-0.00026793828787870157,1.0,-143.76104807301297
0.5637688159726,-0.00026793828787870157,1.0,-143.4493441503789
0.5625464476485448,-0.00026793828787870157,1.0,-143.64057629228262
0.5632963776167945,-0.00026793828787870157,1.0,-143.74617810541795
0.5637105023741881,-0.00026793828787870157,1.0,-143.43439595552516
0.5624878272765693,-0.00026793828787870157,1.0,-143.62558229165143
0.5632375776143193,-0.00026793828787870157,1.0,-143.73132876818192
0.5636522696791448,-0.00026793828787870157,1.0,-143.4194684196263
0.562429287920103,-0.00026793828787870157,1.0,-143.6106089129284
0.5631788584820722,-0.00026793828787870157,1.0,-143.80185107140403
0.5639288277309962,-0.00026793828787870157,2.0,-145.4293039025861
0.5703109956964161,0.006199435852486749,1.0,-145.8749270018072
0.5720585372619891,0.0065394646348607,1.0,-146.22026580236246
0.5734128070680882,0.0065394646348607,1.0,-145.96841001042526
0.5724251372957854,0.0065394646348607,1.0,-146.31361149190693
0.5737788685957135,0.0065394646348607,1.0,-146.65890372093148
0.5751329557683589,0.0065394646348607,1.0,-146.40716455677065
0.5741457433598849,0.0065394646348607,1.0,-146.75231974206127
0.5754992931061226,0.0065394646348607,1.0,-147.0975656215519
0.5768531985158897,0.0065394646348607,1.0,-146.94220072886947
0.5762439244269391,0.010340784213809974,1.0,-147.191051539817
0.5772198099600667,0.010340784213809974,1.0,-147.53625129030985
0.5785735344718034,0.010340784213809974,1.0,-147.88154104615478
0.5799276119457051,0.010340784213809974,1.0,-148.13079735884529
0.5809050876817462,0.010340784213809974,1.0,-147.97496051581683
0.5802939628071248,0.010340784213809974,1.0,-148.32020430924257
0.5816478600362454,0.010340784213809974,1.0,-148.66553742882405
0.5830021075640158,0.010340784213809974,1.0,-148.9146468482036
0.5839790072478572,0.010340784213809974,1.0,-149.25977054277715
0.5853324335010869,0.010340784213809974,1.0,-149.60498355679024
0.5866862100266284,0.010340784213809974,1.0,-149.44955443972833
0.586076684077366,0.010340784213809974,1.0,-149.69851846995633
0.5870530136076719,0.010340784213809974,1.0,-150.04368618483971
0.5884066124895675,0.010340784213809974,1.0,-150.38894255149603
0.5897605590254746,0.010340784213809974,1.0,-150.7342869607555
0.5911148508264922,0.010340784213809974,1.0,-150.48241187823652
0.590127105404849,0.010340784213809974,1.0,-150.8276231059932
0.5914808749254636,0.010340784213809974,1.0,-151.1729223270609
0.5928349895178858,0.010340784213809974,1.0,-151.51830893984837
0.5941894468229347,0.010340784213809974,1.0,-151.7672325646489
0.595165617900584,0.010340784213809974,1.0,-152.1124137712357
0.5965192696911203,0.010340784213809974,1.0,-151.95692256184546
0.5959095002425312,0.010340784213809974,1.0,-152.20599605746827
0.5968862590488953,0.010340784213809974,1.0,-152.55113276575588
0.5982397363362976,0.010340784213809974,1.0,-152.89635681196657
0.5995935561253591,0.010340784213809974,1.0,-153.2416676058338
0.600947716101309,0.010340784213809974,1.0,-153.4908412757196
0.60192486774792,0.010340784213809974,1.0,-153.335054055865
0.6013139374739803,0.010340784213809974,1.0,-153.68032045727097
0.6026679233618468,0.010340784213809974,1.0,-154.02567297490265
0.6040222469604025,0.010340784213809974,1.0,-154.27470526053642
0.6049988441589663,0.010340784213809974,1.0,-154.61985566750215
0.6063523751666751,0.010340784213809974,1.0,-154.46430439342137
0.6057423701702798,0.010340784213809974,1.0,-154.8096981669534
0.60709685555668,0.010340784213809974,0.0,-153.0330057912265
0.600129434475398,0.0038734100734445233,0.0,-151.58448943649273
0.5944489781823245,-0.001796745213638128,0.0,-149.56523997861163
0.5865303528573005,-0.008604906722517573,0.0,-147.42963878567033
0.5781554462183152,-0.014275062009600065,0.0,-145.27035490767466
0.5696876663046065,-0.02108322351847951,0.0,-143.462891216116
0.5625995733965332,-0.01204181531580394,1.0,-142.89614068180154
0.5603770222815747,-0.012268440992436232,1.0,-142.9050099833008
0.5604118038560816,-0.012268440992436232,1.0,-142.36826004428784
0.5583069021344621,-0.012268440992436232,1.0,-142.376967618163
0.5583410494829921,-0.012268440992436232,1.0,-141.87703207359442
0.5563805179356645,-0.012268440992436232,1.0,-141.88582483127036
0.5564149993383152,-0.012268440992436232,1.0,-141.38602035149833
0.5544549817705817,-0.012268440992436232,1.0,-141.3948988712295
0.5544897994950175,-0.012268440992436232,1.0,-140.85810022307805
0.5523847067571689,-0.012268440992436232,1.0,-140.86681531843118
0.552418883601691,-0.012268440992436232,1.0,-140.36689199441628
0.5504583999781032,-0.012268440992436232,0.0,-138.2035032701107
0.541974522627885,-0.018735815132801675,0.0,-136.2177277092913
0.5341871674874169,-0.024405970419884106,0.0,-133.80137199793344
0.524711262736994,-0.031214131928763593,0.0,-131.62915617925776
0.5161927693304226,-0.03688428721584606,0.0,-129.04140907778105
0.5060447414814944,-0.04369244872472555,0.0,-126.6743989807315
0.49676234894404503,-0.04936260401180799,0.0,-123.92782876917315
0.4859914853693065,-0.056170765520687435,1.0,-122.84444201250632
0.481742909852966,-0.05651079430306138,1.0,-121.35258549929333
0.4758924921540915,-0.05651079430306138,1.0,-120.36957396898876
0.47203754497642647,-0.05651079430306138,0.0,-117.05030516533091
0.4590208045699251,-0.06297816844342682,0.0,-114.3729371876083
0.44852132230434627,-0.06864832373050925,1.0,-113.10183457825732
0.4435366061892444,-0.06887494940714155,1.0,-111.2833196220823
0.436405174988558,-0.06887494940714155,1.0,-110.02565149271693
0.4314731431086939,-0.06887494940714155,0.0,-107.01678059869074
0.4196736494066304,-0.07534232354750699,1.0,-105.00209132104047
0.41177290714133513,-0.07568235232988094,1.0,-103.08793847345305
0.4042664253860904,-0.07568235232988094,1.0,-101.67987247906741
0.3987445979571271,-0.07568235232988094,1.0,-99.76598564199206
0.39123915938036097,-0.07568235232988094,1.0,-98.35806574918098
0.38571790489874896,-0.07568235232988094,1.0,-96.37975902712436
0.37795983932205635,-0.07568235232988094,1.0,-94.97162165679147
0.37243773198741753,-0.07568235232988094,1.0,-93.05760260511451
0.36493177492201767,-0.07568235232988094,1.0,-91.14378007136932
0.35742658851517384,-0.07568235232988094,1.0,-89.73590251448852
0.3519055000568177,-0.07568235232988094,1.0,-87.75743214588371
0.34414679272895576,-0.07568235232988094,1.0,-86.34931507790414
0.3386247650113888,-0.07568235232988094,1.0,-84.43535110510174
0.33111902394157544,-0.07568235232988094,1.0,-83.53325017795508
0.32758137324688263,-0.04825031962828435,0.0,-80.35199365872613
0.3151058574852005,-0.0547176937686498,0.0,-77.80324333585563
0.30511075817982597,-0.060387849055732454,0.0,-74.80971430828971
0.29337142865995963,-0.0671960105646119,0.0,-71.94348489179937
0.282131313301174,-0.07286616585169454,1.0,-69.92522019284452
0.27421654977586085,-0.07309279152832684,1.0,-68.47365252923241
0.2685241275656173,-0.07309279152832684,1.0,-66.52319638962784
0.26087527995932486,-0.07309279152832684,1.0,-64.96761932199273
0.2547749777333048,-0.07309279152832684,1.0,-63.51589900478132
0.24908195688149534,-0.07309279152832684,1.0,-61.56514820984508
0.24143195376409837,-0.07309279152832684,2.0,-61.79820393520367
0.24234589778511242,-0.06662541738796139,1.0,-60.596924506649856
0.23763499806529356,-0.06628538860558744,1.0,-58.7942655891573
0.23056574740846,-0.06628538860558744,1.0,-57.39911036165444
0.22509455043786053,-0.06628538860558744,1.0,-56.09721997024318
0.2199890979225223,-0.06628538860558744,1.0,-54.294001635814794
0.2129176534737835,-0.06628538860558744,1.0,-52.992397052957095
0.20781332177630235,-0.06628538860558744,1.0,-51.59830354985298
0.202346288430796,-0.06628538860558744,1.0,-49.79445323727382
0.19527236563636793,-0.06628538860558744,1.0,-48.49257816782663
0.19016697320716325,-0.06628538860558744,1.0,-46.68945154908413
0.18309588842778093,-0.06628538860558744,1.0,-45.38791429252871
0.17799182075501457,-0.06628538860558744,1.0,-43.99366024116415
0.17252415780848687,-0.06628538860558744,1.0,-42.189797448468
0.1654501860724235,-0.06628538860558744,1.0,-40.887943442899434
0.16034487624666444,-0.06628538860558744,1.0,-39.58620136315015
0.15524000534568688,-0.06628538860558744,1.0,-37.78350321089417
0.14817060082703595,-0.06628538860558744,1.0,-36.3890242554159
0.14270205590359172,-0.06628538860558744,1.0,-35.08691405653544
0.1375957413981782,-0.06628538860558744,1.0,-33.28332064669558
0.13052282606547286,-0.06628538860558744,1.0,-31.981638462219863
0.12541819004792104,-0.06628538860558744,1.0,-30.68011527541368
0.12031417755064189,-0.06628538860558744,1.0,-28.784401396616655
0.11288000547692807,-0.06628538860558744,1.0,-27.48225903367963
0.10777356483795933,-0.06628538860558744,1.0,-25.678720377109983
0.10070086422396071,-0.06628538860558744,1.0,-24.37713666012587
0.09559661435343478,-0.06628538860558744,1.0,-23.075775445567313
0.09049323704144044,-0.05835976917508287,1.0,-21.77467662697155
0.08539088873322177,-0.05835976917508287,1.0,-20.37977243164428
0.0799206762025266,-0.05835976917508287,1.0,-19.077486258809973
0.07481367160317635,-0.05835976917508287,1.0,-17.775386034393257
0.06970739621330689,-0.05835976917508287,1.0,-16.47351585167728
0.06460202294775404,-0.05835976917508287,1.0,-15.171934928886452
0.05949778403484883,-0.05835976917508287,1.0,-13.870724695718295
0.054394998806738405,-0.05835976917508287,1.0,-12.570000270866998
0.04929411870928234,-0.05835976917508287,1.0,-11.17581894887671
0.0438267409759871,-0.05835976917508287,1.0,-9.873047158694206
0.03871783199487924,-0.05835976917508287,1.0,-8.570513423632809
0.033609856563265914,-0.05835976917508287,1.0,-7.268345727789994
0.0285033165795686,-0.05835976917508287,1.0,-5.966783724908953
0.02339915186238805,-0.05835976917508287,1.0,-4.666334273081613
0.01829935009051613,-0.05835976917508287,1.0,-3.368286241336429
0.01320896565229972,-0.05835976917508287,1.0,-1.9836367570947504
0.007778967674881375,-0.05835976917508287,1.0,-0.6897240274766013
0.0027048001077513775,-0.05835976917508287,1.0,-0.6443080095747247
-0.0025266980767636262,-0.05835976917508287,1.0,-1.9372804431646389
-0.00759717820848878,-0.05835976917508287,1.0,-3.2387478053835332
-0.012700971785817777,-0.05835976917508287,1.0,-4.541412589209172
-0.017809461134153617,-0.05835976917508287,1.0,-5.844474175759604
-0.02291950657160629,-0.05835976917508287,1.0,-7.147715551416124
-0.028030257064376958,-0.05835976917508287,1.0,-8.540869924306426
-0.03349360754629971,-0.05835976917508287,1.0,-9.841170970534899
-0.03859282733543097,-0.05835976917508287,1.0,-11.142232370841043
-0.04369502890525899,-0.05835976917508287,1.0,-12.443815631367977
-0.04879927698575677,-0.05835976917508287,1.0,-13.745772508530829
-0.05390499022953267,-0.05835976917508287,1.0,-15.048006026455077
-0.059011788339039514,-0.05835976917508287,1.0,-16.350450086016505
-0.06411941210202551,-0.05835976917508287,1.0,-17.74511988371247
-0.06958870542632342,-0.05835976917508287,1.0,-19.04610826717515
-0.07469062065558882,-0.05835976917508287,1.0,-20.347425136604627
-0.07979382406511618,-0.05835976917508287,1.0,-21.649011256444126
-0.08489808335860441,-0.05835976917508287,1.0,-22.95082081758083
-0.09000321889247384,-0.05835976917508287,1.0,-24.252817839313046
-0.09510908956593352,-0.05835976917508287,1.0,-25.554973668940516
-0.10021558301545301,-0.05835976917508287,1.0,-26.950031189301054
-0.10568639682078844,-0.05835976917508287,1.0,-28.25122855686426
-0.11078913159554611,-0.05835976917508287,1.0,-29.55263368918594
-0.11589268113406251,-0.05835976917508287,1.0,-30.854220296247572
-0.12099694233822578,-0.05835976917508287,1.0,-32.15596634123574
-0.12610182878915976,-0.05835976917508287,2.0,-31.3873067354215
-0.1230874773938098,-0.05189239503471742,1.0,-32.438151600305964
-0.12720843764825868,-0.05155236625234347,1.0,-33.58943105518629
-0.13172325903994625,-0.05155236625234347,1.0,-34.74076510281564
-0.13623829452084563,-0.05155236625234347,1.0,-35.892148489581
-0.1407535234885529,-0.05155236625234347,1.0,-37.0435766148258
-0.14526892790127766,-0.05155236625234347,1.0,-38.19504543249066
-0.14978449189212023,-0.05155236625234347,1.0,-39.34655137000956
-0.15430020145101786,-0.05155236625234347,1.0,-40.49809126103099
-0.15881604416090583,-0.05155236625234347,1.0,-41.731477031300145
-0.16365285110313782,-0.05155236625234347,1.0,-42.882589409623385
-0.16816701729264075,-0.05155236625234347,1.0,-44.03375359523617
-0.172681386647985,-0.05155236625234347,1.0,-45.18496562850109
-0.17719594364118074,-0.05155236625234347,1.0,-46.336221943128834
-0.18171067428677973,-0.05155236625234347,1.0,-47.487519318534446
-0.18622556595503703,-0.05155236625234347,1.0,-48.638854838952454
-0.19074060721157826,-0.05155236625234347,1.0,-49.790225858218484
-0.19525578767928817,-0.05155236625234347,1.0,-50.94162996932228
-0.1997710979189109,-0.05155236625234347,1.0,-52.09306497799412
-0.20428652932546712,-0.05155236625234347,1.0,-53.24452887971589
-0.20880207403810153,-0.05155236625234347,1.0,-54.39601983964913
-0.21331772486136913,-0.05155236625234347,1.0,-55.62940331271766
-0.21815452279497122,-0.05155236625234347,1.0,-56.7805744941703
-0.22266891958498158,-0.05155236625234347,1.0,-57.93178271724651
-0.22718346163626083,-0.05155236625234347,1.0,-59.08302581672436
-0.2316981404577426,-0.05155236625234347,1.0,-60.23430179285217
-0.2362129482072634,-0.05155236625234347,1.0,-61.385608795843105
-0.24072787763075726,-0.05155236625234347,1.0,-62.53694511208078
-0.24524292200815992,-0.05155236625234347,1.0,-63.68830915181952
-0.2497580751051746,-0.05155236625234347,1.0,-64.83969943819365
-0.25427333113017114,-0.05155236625234347,1.0,-65.99111459737638
-0.25878868469559363,-0.05155236625234347,1.0,-67.14255334975019
-0.26330413078333403,-0.05155236625234347,1.0,-68.37621985550764
-0.2681420386490496,-0.05155236625234347,1.0,-69.52739542392715
-0.27265645264285154,-0.05155236625234347,1.0,-70.67860121064051
-0.2771709851397667,-0.05155236625234347,1.0,-71.82983576273574
-0.28168563044210093,-0.05155236625234347,1.0,-72.98109771894126
-0.2862003832115344,-0.05155236625234347,1.0,-74.13238580251506
-0.2907152384412356,-0.05155236625234347,2.0,-73.06944575202296
-0.28654684608636455,-0.045084992111978014,1.0,-73.9694240161494
-0.2900761726123506,-0.044744963329604065,1.0,-74.96978268260217
-0.29399914777491043,-0.044744963329604065,1.0,-75.97014663726908
-0.2979221436755651,-0.044744963329604065,2.0,-74.78827004589085
-0.2932873335132975,-0.03827758918923862,1.0,-75.53685800235232
-0.2962229725582444,-0.037937560406864676,1.0,-76.38582068986126
-0.2995522379994559,-0.037937560406864676,1.0,-77.23478338788914
-0.30288150348191817,-0.037937560406864676,1.0,-78.08374609609285
-0.3062107690042857,-0.037937560406864676,1.0,-78.93270881414408
-0.3095400345652709,-0.037937560406864676,1.0,-79.78167154172847
-0.31286930016364106,-0.037937560406864676,1.0,-80.63063427854487
-0.3161985657982152,-0.037937560406864676,1.0,-81.47959702430471
-0.3195278314678617,-0.037937560406864676,0.0,-84.50945390598874
-0.33140962316074013,-0.044404934547230115,0.0,-87.46869420255652
-0.34301448706884907,-0.05007508983431277,2.0,-86.66704259997579
-0.33987075529402266,-0.044515157521467556,2.0,-85.72278036995512
-0.33616776615668675,-0.038845002234384945,0.0,-88.48566408699763
-0.3470026042627358,-0.04440493454723015,2.0,-87.66359189184998
-0.34377879173274495,-0.03909456857030418,0.0,-90.35320139885798
-0.35432627999552146,-0.04440493454723015,2.0,-89.53114293407563
-0.35110252131010056,-0.03909456857030418,2.0,-88.49192937168256
-0.34702717400659827,-0.03342441328322175,0.0,-91.10864081533128
-0.35728878751110305,-0.038984345596066956,2.0,-90.1911291574412
-0.3536907025782008,-0.03367397961914099,0.0,-92.73505320374268
-0.3636668753087948,-0.038984345596066956,2.0,-91.81708481079978
-0.3600669992580384,-0.03367397961914099,0.0,-94.36146776061976
-0.37004497161027355,-0.038984345596066956,2.0,-93.44305855100492
-0.36644336686668594,-0.03367397961914099,2.0,-92.30606323455557
-0.36198456170413945,-0.02800382433205856,0.0,-94.77899139910953
-0.3716823192121942,-0.03356375664490376,2.0,-93.76336049712883
-0.36769945292991696,-0.028253390667977798,0.0,-96.16385487074903
-0.3771131563558786,-0.03356375664490376,2.0,-95.14743472916436
-0.3731271950163308,-0.028253390667977798,0.0,-97.54873410870717
-0.38254405532826335,-0.03356375664490376,2.0,-96.48624882997754
-0.37837744639206883,-0.028253390667977798,0.0,-98.9336284508901
-0.3879750135329023,-0.03356375664490376,2.0,-97.87006985507908
-0.383804195510114,-0.028253390667977798,2.0,-96.63990954834959
-0.3789800374445082,-0.022583235380895367,0.0,-98.96387946060615
-0.3880936449435536,-0.028143167693740572,2.0,-97.85476847745076
-0.38374419010765004,-0.022832801716814604,0.0,-100.10664345293138
-0.3925750723644368,-0.028143167693740572,2.0,-98.99643311773502
-0.38822130634405894,-0.022832801716814604,0.0,-101.24944859050862
-0.39705666113924953,-0.028143167693740572,2.0,-100.13816443915702
-0.39269868407512554,-0.022832801716814604,0.0,-102.3922934956657
-0.40153840586535566,-0.028143167693740572,2.0,-101.24304851941183
-0.39703156282122287,-0.022832801716814604,2.0,-99.9172168615347
-0.3918322229864105,-0.017162646429732174,0.0,-102.09444165023298
-0.4003703594126783,-0.02272257874257738,2.0,-100.889450948057
-0.39564490567865496,-0.01741221276565141,2.0,-99.44356948917178
-0.38997478231047755,-0.011742057478568982,2.0,-97.56164948632879
-0.382594703867956,-0.004933895969689496,0.0,-99.32687723751879
-0.3895171656373285,-0.010244261946615504,2.0,-97.90125986368265
-0.38392650926934374,-0.004933895969689496,1.0,-97.89627247805818
-0.3839069508943458,-0.0045938671873155534,1.0,-97.9992408002614
-0.3843107482363192,-0.0045938671873155534,2.0,-96.11252904617395
-0.37691187861244685,0.0018735069530499218,0.0,-97.68941077558428
-0.38309572853170304,-0.003436859023876073,0.0,-99.54915519357789
-0.3903888438963839,-0.009107014310958552,1.0,-99.82548830419927
-0.3914725031537226,-0.009333639987590845,1.0,-100.03491137084639
-0.39229377008175054,-0.009333639987590845,2.0,-98.2170818273679
-0.3851650267739918,-0.002866265847225361,2.0,-96.53659504096194
-0.3785748825135763,0.0028038894398571095,2.0,-94.42111478648835
-0.3702788815156406,0.0096120509487366,2.0,-92.52084224748688
-0.3628268323430858,0.015282206235819034,1.0,-92.1305872723316
-0.36129642067581014,0.015508831912451325,1.0,-91.78278757769998
-0.3599325003047058,0.015508831912451325,1.0,-91.43500721266088
-0.358568655735925,0.015508831912451325,2.0,-89.22701593467144
-0.3499098664104762,0.021976206052816766,2.0,-87.11467313212638
-0.3416261691455937,0.027646361339899197,2.0,-84.55230172770084
-0.33157765383412097,0.03445452284877864,2.0,-82.2146266826367
-0.32241030071622234,0.04012467813586108,2.0,-79.50319226149982
-0.3117772245549012,0.04693283964474053,2.0,-76.87091004525924
-0.3014545491970951,0.0617298395949082,2.0,-73.96232087794124
-0.2900483171683971,0.06853800110378765,2.0,-70.59679562696225
-0.2768501789292637,0.07420815639087029,2.0,-67.38728445634617
-0.26426386061312224,0.08101631789974975,2.0,-64.28860701858036
-0.25211218438658967,0.0866864731868324,1.0,-61.875848718068255
-0.24265038712967946,0.08691309886346468,1.0,-60.148342784725706
-0.23587585405774786,0.08691309886346468,1.0,-57.802687597344004
-0.22667720626409413,0.08691309886346468,1.0,-56.07504326989266
-0.2199021304701673,0.08691309886346468,2.0,-52.62424878864332
-0.2063696030927189,0.09338047300383046,2.0,-48.66408284330754
-0.19083954056199035,0.09905062829091311,0.0,-48.090896499679516
-0.18859175097913533,0.09349069597806754,2.0,-44.25405583098809
-0.173545316984267,0.09880106195499386,0.0,-43.60647306340472
-0.1710057767192342,0.09349069597806754,2.0,-40.2603132174263
-0.157883581244809,0.09880106195499386,0.0,-39.122072211788044
-0.1534198910266198,0.09349069597806754,2.0,-35.63606642308254
-0.13974928009051976,0.09880106195499386,0.0,-34.63770271665846
-0.13583412830062142,0.09349069597806754,2.0,-31.15197978251335
-0.12216462659809157,0.09880106195499386,2.0,-27.084510410761375
-0.10621376631671127,0.1044712172420765,0.0,-26.37797920744424
-0.10344305571546761,0.09891128492923094,2.0,-22.773818110662354
-0.08930909063004845,0.10422165090615726,0.0,-21.65313321954206
-0.08491424791977278,0.09891128492923094,2.0,-18.050047668279646
-0.07078450065992017,0.10422165090615726,0.0,-16.928715486310256
-0.06638711955415787,0.09891128492923094,2.0,-13.327583762825629
-0.05226503436402208,0.10422165090615726,0.0,-12.205223326428436
-0.04786362088795465,0.09891128492923094,2.0,-8.608576869694849
-0.03375912497919548,0.10422165090615726,0.0,-7.970256614862107
-0.03125590829357689,0.09891128492923094,1.0,-5.45792653019977
-0.021403633451763805,0.09857125614685701,1.0,-3.34478151951273
-0.013116790272598941,0.09857125614685701,1.0,-0.8766990728580941
-0.0034380355798356633,0.09857125614685701,1.0,-1.2614658543515092
0.004946924919025526,0.09857125614685701,1.0,-3.2367017238767435
0.012692947936771542,0.09857125614685701,1.0,-5.846570149679818
0.022927726077175754,0.09857125614685701,1.0,-7.9728618317060755
0.031266124830219906,0.09857125614685701,1.0,-10.438430085677325
0.040935019943832654,0.09857125614685701,1.0,-13.049506414883306
0.05117453496032669,0.13400927680803423,0.0,-14.034189272295551
0.05503603636194334,0.1275419026676684,0.0,-15.249353281803323
0.05980138541883656,0.12187174738058575,0.0,-15.866130667880745
0.062220120266199,0.11506358587170631,0.0,-16.68883429269122
0.06544640899094596,0.10939343058462365,0.0,-17.041541294685906
0.06682957370465062,0.10258526907574421,1.0,-19.229889488498173
0.07541133132744382,0.10224524029337025,1.0,-21.521785629424613
0.08439915933107692,0.10224524029337025,1.0,-23.90190567163153
0.09373296341816285,0.10224524029337025,1.0,-26.284775178299775
0.10307754971882266,0.10224524029337025,1.0,-28.573924919134473
0.11205460752601755,0.10224524029337025,1.0,-30.956676686819957
0.12139873210517631,0.10224524029337025,1.0,-33.24594593910853
0.13037625858473934,0.10224524029337025,1.0,-35.62861072738995
0.13972004206819588,0.10224524029337025,1.0,-37.917968076374635
0.14869791402499857,0.10224524029337025,1.0,-40.30056598595743
0.15804143523904873,0.10224524029337025,1.0,-42.589990963239615
0.16701957240486126,0.10224524029337025,1.0,-44.97253584985127
0.17636288568569125,0.10224524029337025,1.0,-47.26201437740194
0.18534123285255663,0.10224524029337025,1.0,-49.644516195616774
0.19468437723771287,0.10224524029337025,1.0,-51.93403817655336
0.20366289481001315,0.10224524029337025,1.0,-54.31650431849033
0.2130058992881974,0.10224524029337025,1.0,-56.60606226536766
0.2219845579034026,0.10224524029337025,1.0,-58.988498370592175
0.23132744459055754,0.10224524029337025,2.0,-64.05408297641446
0.2511924822604489,0.1087126144337357,2.0,-68.54347237447097
0.26879793088027826,0.11438276972081836,0.0,-69.18506337064451
0.27131397400252755,0.10882283740797316,1.0,-71.50852340759069
0.28042558199055173,0.1084828086255992,1.0,-74.03360327146098
0.29032785596651367,0.1084828086255992,1.0,-76.55924391080949
0.300232329061998,0.1084828086255992,1.0,-78.9826339382139
0.3097358193655447,0.1084828086255992,1.0,-81.50802543205353
0.3196393154198177,0.1084828086255992,1.0,-83.93176009899793
0.3291441572509723,0.1084828086255992,1.0,-86.45692818106554
0.33904677718064913,0.1084828086255992,1.0,-88.98257373841673
0.3489512695624185,0.1084828086255992,1.0,-91.40593246729537
0.3584546371266485,0.1084828086255992,1.0,-94.43102089926161
0.3703177290167122,0.1271094930241648,0.0,-94.58261100769813
0.37091220003018877,0.12064211888379935,0.0,-94.86395950042203
0.37201552745263544,0.1149719635967167,1.0,-97.45813202990708
0.3821887530584591,0.11474533792008439,1.0,-100.20177694478565
0.3929481448815123,0.11474533792008439,1.0,-102.8631080370834
0.4033847374003271,0.11474533792008439,1.0,-105.60659495009025
0.414143509608197,0.11474533792008439,1.0,-108.2681282182955
0.4245808949737079,0.11474533792008439,1.0,-111.01147142330342
0.43533910362079775,0.11474533792008439,1.0,-113.75522871882339
0.4460989361522486,0.11474533792008439,1.0,-116.41639822093825
0.45653489498407157,0.11474533792008439,1.0,-119.16001152152897
0.4672941628295254,0.11474533792008439,1.0,-121.8213686446672
0.4777308574300675,0.11474533792008439,1.0,-124.56484948533694
0.4884896058248508,0.11474533792008439,1.0,-127.22637713437555
0.4989269691544139,0.11474533792008439,1.0,-129.46642494584648
0.5077114703758686,0.11474533792008439,1.0,-132.2102713005391
0.5184716521589767,0.11474533792008439,0.0,-131.92414968560536
0.5173496066102171,0.10827796377971893,1.0,-134.4106175544762
0.5271004609979458,0.107937934997345,1.0,-136.9258285335051
0.5369640334647258,0.107937934997345,1.0,-139.51274203705782
0.5471087923021876,0.107937934997345,1.0,-142.02789422552274
0.5569721342177362,0.107937934997345,1.0,-144.5434300878447
0.5668369807366459,0.107937934997345,1.0,-147.12997019522683
0.5769802752753993,0.107937934997345,1.0,-149.14038344545577
0.584864248805709,0.107937934997345,1.0,-151.72712754901204
0.595008343329459,0.107937934997345,1.0,-154.242426829787
0.6048722620775961,0.107937934997345,1.0,-156.82923684088675
0.615016615062301,0.107937934997345,1.0,-159.34448113251187
0.6248803181667133,0.107937934997345,1.0,-161.93135272354894
0.6350249126413684,0.107937934997345,1.0,-164.4465453373812
0.6448884130877695,0.107937934997345,1.0,-167.0334745930424
0.6550332336982054,0.107937934997345,1.0,-169.5486185504675
0.6648965433351666,0.107937934997345,1.0,-172.06408505584514
0.6747611178660594,0.107937934997345,1.0,-174.65069998229944
0.684904705812939,0.107937934997345,1.0,-176.6610794129111
0.6927885467172985,0.107937934997345,1.0,-179.247864504615
0.7029328019788823,0.10471606339615745,1.0,-181.76313377536886
0.7127966030406621,0.10471606339615745,1.0,-184.3499736471606
0.7229410731261199,0.10471606339615745,1.0,-186.86519684872584
0.732804693524415,0.10471606339615745,1.0,-188.87564907083623
0.7406888198856322,0.10471606339615745,1.0,-191.46230791193437
0.7508325800468014,0.10471606339615745,1.0,-193.97768602077036
0.7606968079245896,0.10471606339615745,1.0,-196.56439974406229
0.7708407833100482,0.10471606339615745,1.0,-198.57472682789097
0.7787244189329059,0.10471606339615745,1.0,-201.16158932428027
0.7888689777422755,0.10471606339615745,1.0,-203.67679519062355
0.798732530159308,0.10471606339615745,1.0,-206.19226870753857
0.8085971321864258,0.10471606339615745,1.0,-208.273917173989
0.8167604595058393,0.10471606339615745,1.0,-210.78926625436694
0.826624573546537,0.10471606339615745,1.0,-213.37601140160533
0.8367686721631582,0.10471606339615745,1.0,-215.89131889434844
0.8466326231150919,0.10471606339615745,1.0,-217.97320507945005
0.85479688266451,0.10471606339615745,1.0,-220.48839625320275
0.8646603774635402,0.10471606339615745,1.0,-223.00383523158635
0.8745248440454366,0.10471606339615745,1.0,-225.59047539846387
0.884668530974368,0.10471606339615745,1.0,-227.60085179874062
0.8925523599950612,0.10471606339615745,1.0,-230.18762372019165
0.9026965636085947,0.10471606339615745,1.0,-232.70290998670455
0.91256043132041,0.10471606339615745,1.0,-235.28972507199035
0.9227048042038837,0.10471606339615745,1.0,-237.2999994582208
0.9305882331694934,0.10471606339615745,1.0,-239.81540871805404
0.9404525832080551,0.10471606339615745,1.0,-242.4020817195024
0.9505963989000094,0.10471606339615745,1.0,-244.9174531896625
0.9604606007437745,0.10471606339615745,1.0,-246.9992365648427
0.9686244571170303,0.10471606339615745,1.0,-249.51450446015252
0.9784882527849119,0.10471606339615745,1.0,-252.10133923682486
0.9886327028895092,0.10471606339615745,1.0,-254.6165734130585
0.9984963663257196,0.10471606339615745,1.0,-256.62698779862205
1.006380344308322,0.10471606339615745,1.0,-259.2136893197731
1.0165242718422474,0.10471606339615745,1.0,-261.7290378536142
1.0263883837396635,0.10471606339615745,1.0,-264.31577923704924
1.0365324675962715,0.10471606339615745,1.0,-265.82112829541524
1.0424357972369225,0.07949929749711465,1.0,-267.831506097036
1.0503196317530823,0.07949929749711465,1.0,-269.4084341863802
1.0565036634760008,0.07949929749711465,1.0,-271.41865991655976
1.0643869016335676,0.07949929749711465,1.0,-273.4289837296227
1.072270524429893,0.07949929749711465,1.0,-274.93438779900936
1.0781740698000366,0.07949929749711465,1.0,-277.0162195207292
1.0863381157675653,0.07949929749711465,2.0,-282.3547097026124
1.1072733713827938,0.08596667163748009,2.0,-287.19193721129386
1.1262428910246818,0.09163682692456275,2.0,-293.30323258569706
1.1502087552380276,0.0984449884334422,2.0,-299.12227085823986
1.1730285131695681,0.10411514372052484,2.0,-305.86000694531026
1.1994510076286677,0.11092330522940429,2.0,-312.4046264872759
1.2251161823030428,0.11659346051648695,2.0,-319.8137975847963
1.2541717552344953,0.12340162202536682,2.0,-326.8661765658537
1.2818281433955048,0.12907177731244948,2.0,-334.9667962830475
1.3135952795413628,0.13587993882132937,1.0,-338.59302596251024
1.3278157880882755,0.1362199676037033,1.0,-341.9591192509006
1.3410161539251004,0.1362199676037033,1.0,-344.8409116538309
1.3523173006032585,0.1362199676037033,1.0,-348.20705826585396
1.3655178755523685,0.1362199676037033,1.0,-351.73298207997834
1.379345027764621,0.1362199676037033,1.0,-354.61478370796306
1.390646210619463,0.1362199676037033,1.0,-357.9808434046135
1.4038464447239745,0.1362199676037033,1.0,-361.3469613145943
1.4170469071160559,0.1362199676037033,1.0,-364.2287511054186
1.4283480435506613,0.1362199676037033,1.0,-367.75475313677447
1.442175502497155,0.1362199676037033,1.0,-371.12078762287194
1.4553756377367528,0.1362199676037033,1.0,-374.00258651020084
1.466676809843925,0.10390150035181275,1.0,-376.24027316386054
1.4754520516229825,0.10390150035181275,1.0,-378.63771098730973
1.4848537685776853,0.10390150035181275,1.0,-381.03523036563746
1.494255805355441,0.10390150035181275,1.0,-383.27288209702584
1.503030910184415,0.10390150035181275,1.0,-386.1546704920821
1.5143320411454202,0.10390150035181275,1.0,-388.5521360838592
1.5237338669955263,0.10390150035181275,1.0,-390.7898807139372
1.5325093361330868,0.10390150035181275,1.0,-393.18728670145447
1.541910928240998,0.10390150035181275,1.0,-395.5847716301556
1.5513128299221788,0.10390150035181275,1.0,-397.98233407339166
1.5607150355819281,0.10390150035181275,1.0,-400.21990787643705
1.569489834809557,0.10390150035181275,1.0,-402.6174114369666
1.578891809556732,0.10390150035181275,1.0,-405.01499094549007
1.5882940821391767,0.10390150035181275,1.0,-407.7368753846435
1.598968138763308,0.10390150035181275,1.0,-410.13432823211537
1.6083699146357464,0.10390150035181275,1.0,-412.5318562331601
1.6177719852280787,0.10390150035181275,1.0,-414.7694887672946
1.6265470147737044,0.10390150035181275,2.0,-422.11831927571427
1.6553659579439775,0.1103688744921786,2.0,-429.01588509178697
1.6824152356540665,0.11603902977926124,2.0,-437.9224458082787
1.7173429247383478,0.12284719128814113,2.0,-445.5693678257886
1.747330854218779,0.1285173465752238,2.0,-454.84598394186344
1.7837097409484841,0.13532550808410368,2.0,-463.48442858356685
1.8175859944453603,0.14099566337118632,1.0,-467.4598008755616
1.8331756897080846,0.1412222890478186,1.0,-470.90594404573136
1.8466899766499267,0.1412222890478186,1.0,-474.1367844458865
1.8593599390034765,0.1412222890478186,1.0,-477.58302753447026
1.8728746177822362,0.1412222890478186,1.0,-480.81381833438627
1.8855443856250442,0.13878784407711164,1.0,-484.04465909374187
1.898214349387223,0.13878784407711164,1.0,-487.4909004734765
1.9117290214646137,0.13878784407711164,1.0,-490.7216926380407
1.924398794658983,0.13878784407711164,1.0,-493.95253374208795
1.937068759772894,0.13878784407711164,1.0,-497.39877348104926
1.9505834254158796,0.13878784407711164,1.0,-500.6295669558033
1.963253203748248,0.13878784407711164,1.0,-503.86040839089657
1.9759231701603788,0.13878784407711164,1.0,-507.30664655317037
1.989437829620276,0.13878784407711164,1.0,-610.1066731494313
