Lateral Error,Yaw Error,Action,Reward
-9.12827463494454e-05,-0.0004229020420662035,1.0,-0.7299955479576615
-0.007299955479576616,-0.006890276182431681,1.0,-1.614908536658718
-0.016149085366587178,-0.012560431469514147,1.0,-2.486702401266837
-0.02486702401266837,-0.019368592978393627,3.0,-1.964126792154672
-0.019641267921546718,-0.014058227001467638,3.0,-1.5446053454196096
-0.015446053454196095,-0.008388071714385164,4.0,-0.4954205989673799
0.004954205989673799,0.008702212314659856,3.0,-1.4703762312101318
0.014703762312101317,0.015633769891370393,3.0,-2.2872635968836086
0.022872635968836087,0.02244193140024984,2.0,-2.466105384146134
0.024661053841461337,0.021785283544851472,2.0,-2.7164468682752565
0.027164468682752563,0.021785283544851472,2.0,-2.830400406805393
0.028304004068053928,0.020652696456473853,2.0,-2.871857244530069
0.02871857244530069,0.020652696456473853,3.0,-3.8900343777522215
0.03890034377752222,0.027120070596839293,3.0,-4.869986626857539
0.048699866268575386,0.03279022588392173,2.0,-4.923659361930528
0.04923659361930528,0.03199752318101416,0.0,-3.3339403011829094
0.0333394030118291,0.016059347179562734,0.0,-1.4556333401140897
0.014556333401140898,-0.0011328275439823803,3.0,-1.73397248821444
0.0173397248821444,0.0009004795087716222,3.0,-2.2837059151730803
0.022837059151730805,0.006570634795854076,3.0,-3.2202042182439166
0.03220204218243917,0.013378796304733521,3.0,-4.094196022340783
0.040941960223407826,0.019048951591815952,3.0,-4.941821641228936
0.04941821641228936,0.025857113100695397,3.0,-5.9107914073709935
0.05910791407370993,0.03152726838777783,2.0,-6.152252624997
0.06152252624997,0.030734565684870263,2.0,-6.282085637052467
0.06282085637052467,0.030734565684870263,2.0,-6.474321874874959
0.06474321874874958,0.02960197859649264,2.0,-6.793086560429808
0.06793086560429809,0.02960197859649264,3.0,-7.914548386703315
0.07914548386703316,0.03606935273685808,3.0,-8.80514559194808
0.0880514559194808,0.04173950802394074,0.0,-7.559034997453348
0.07559034997453348,0.028209533559654183,0.0,-5.7573183365018386
0.05757318336501839,0.011017358836109081,0.0,-3.6866254926675306
0.03686625492667531,-0.007351204516391448,0.0,-1.4163609966794781
0.014163609966794782,-0.02454337923993658,0.0,-0.9542796544645159
-0.009542796544645158,-0.04291194259243718,2.0,-1.610946222343328
-0.01610946222343328,-0.04564740472185571,4.0,-0.2894104323850785
-0.0028941043238507854,-0.030053948245686746,4.0,-1.5919547909476885
0.015919547909476885,-0.012861773522141632,4.0,-3.7512381079052117
0.037512381079052116,0.0055067898303589125,0.0,-2.8470858636570515
0.028470858636570517,-0.0014732642435912918,0.0,-0.8195204015383182
0.008195204015383182,-0.01866543896713644,0.0,-1.5033880391965047
-0.015033880391965047,-0.03703400231963701,1.0,-2.609325281853243
-0.02609325281853243,-0.043965559896347546,1.0,-3.954757001553771
-0.039547570015537714,-0.050773721405226985,1.0,-5.0524408397796625
-0.05052440839779663,-0.05644387669230964,0.0,-7.618484733727414
-0.07618484733727414,-0.07353416072135456,0.0,-10.560311518622651
-0.10560311518622652,-0.09072633544489976,3.0,-11.061815871125834
-0.11061815871125832,-0.08869302839214552,3.0,-11.092793905892242
-0.11092793905892243,-0.08302287310506287,4.0,-9.773946513308543
-0.09773946513308543,-0.06593258907601796,3.0,-9.418701772998633
-0.09418701772998633,-0.05900103149930723,1.0,-10.57496841122165
-0.1057496841122165,-0.06456096381215244,1.0,-11.800698805304448
-0.11800698805304448,-0.07023111909923509,4.0,-10.869864692125084
-0.10869864692125084,-0.0567011446349486,0.0,-12.152122746626342
-0.12152122746626341,-0.06368119870889875,4.0,-11.806227509020786
-0.11806227509020786,-0.0567011446349486,2.0,-12.102857119661927
-0.12102857119661928,-0.053965682505530056,2.0,-12.653358302406872
-0.12653358302406872,-0.055098269593907456,2.0,-13.077341945134718
-0.13077341945134718,-0.055098269593907456,4.0,-11.557001182750803
-0.11557001182750803,-0.03950481311773854,0.0,-12.877922206194679
-0.12877922206194678,-0.04648486719168877,2.0,-13.591109260159875
-0.13591109260159875,-0.04922032932110732,4.0,-12.02798093612994
-0.12027980936129938,-0.033626872844938344,2.0,-12.108409325490285
-0.12108409325490285,-0.030891410715519804,0.0,-14.248454192754846
-0.14248454192754845,-0.04648486719168877,2.0,-14.961945749640677
-0.14961945749640676,-0.04922032932110732,2.0,-15.47114234309138
-0.1547114234309138,-0.05035291640948472,4.0,-14.16048502821649
-0.1416048502821649,-0.03512683120036577,2.0,-14.053480813457458
-0.14053480813457458,-0.03239136907094723,2.0,-14.41552907061583
-0.14415529070615832,-0.03352395615932485,2.0,-14.850375965741723
-0.14850375965741722,-0.03352395615932485,3.0,-14.293089686588301
-0.142930896865883,-0.02705658201895941,3.0,-13.766424458044941
-0.1376642445804494,-0.02138642673187698,0.0,-15.548745210101298
-0.15548745210101297,-0.03491640119616357,4.0,-15.154366911324795
-0.15154366911324796,-0.027936347122213333,4.0,-13.242062937404048
-0.13242062937404048,-0.010744172398668208,0.0,-14.185675040847034
-0.14185675040847034,-0.01843544123413933,3.0,-14.31138022837818
-0.14311380228378182,-0.016882140906033842,2.0,-14.477885671355095
-0.14477885671355095,-0.01753878876143221,2.0,-14.572959384075354
-0.14572959384075354,-0.01753878876143221,1.0,-15.46296556668483
-0.1546296556668483,-0.024006162901797645,1.0,-16.51028106965116
-0.16510281069651161,-0.02967631818888008,4.0,-15.06643172981857
-0.1506643172981857,-0.016146343724593528,1.0,-15.320225018271108
-0.15320225018271108,-0.017699644052699033,3.0,-14.976705486800787
-0.14976705486800787,-0.012389278075773027,1.0,-15.667064315155294
-0.15667064315155294,-0.01769964405269903,4.0,-14.19794778791896
-0.14197947787918958,-0.004650443961204117,4.0,-12.128982363511906
-0.12128982363511906,0.012541730762341009,3.0,-11.376438524728162
-0.11376438524728161,0.0192428479503223,3.0,-10.347306212938776
-0.10347306212938776,0.026051009459201743,1.0,-10.674826566634936
-0.10674826566634936,0.020740643482275778,3.0,-9.818174338644873
-0.09818174338644874,0.026051009459201743,3.0,-9.068552180826247
-0.09068552180826248,0.031721164746284176,1.0,-9.37432189986909
-0.0937432189986909,0.02616123243343897,1.0,-9.751107379575917
-0.09751107379575916,0.020491077146356538,4.0,-8.13525446383726
-0.08135254463837259,0.03402105161064314,4.0,-5.76301626491015
-0.0576301626491015,0.05121322633418825,4.0,-3.1256918360012294
-0.03125691836001229,0.06958178968668864,4.0,-0.3924212231278304
-0.003924212231278304,0.0867739644102341,3.0,-1.0383947708086307
0.010383947708086306,0.09347508159821556,2.0,-1.8715213732256601
0.018715213732256604,0.0926823788953078,3.0,-3.5552546836337444
0.03555254683633745,0.09901358980549604,3.0,-5.0298907231327465
0.05029890723132746,0.10468374509257869,3.0,-6.8790338562386015
0.068790338562386,0.11149190660145858,4.0,-9.573885633468896
0.09573885633468895,0.07451598193138147,3.0,-11.107369880211078
0.11107369880211078,0.08144753950809219,4.0,-14.19545398054602
0.1419545398054602,0.09853782353713746,3.0,-15.876103452629234
0.15876103452629234,0.10546938111384747,3.0,-17.7781940549585
0.17778194054958502,0.11227754262272735,0.0,-17.033802184302072
0.17033802184302071,0.09922834253123228,4.0,-18.867484996292355
0.18867484996292355,0.1062083966051826,0.0,-18.920206360598044
0.18920206360598044,0.09922834253123228,0.0,-17.399267873505096
0.17399267873505098,0.08203616780768673,4.0,-19.24024600811281
0.1924024600811281,0.08972743664315797,0.0,-18.991873608265802
0.18991873608265802,0.08274738256920765,0.0,-17.551553889936788
0.17551553889936786,0.06555520784566211,4.0,-19.141869292411805
0.19141869292411806,0.07324647668113335,0.0,-18.767738791821383
0.1876773879182138,0.06626642260718303,4.0,-20.279217673087974
0.20279217673087974,0.07324647668113335,0.0,-20.00918273975778
0.2000918273975778,0.06626642260718303,0.0,-18.2966955464468
0.18296695546446798,0.04907424788363749,4.0,-19.72197755247769
0.19721977552477687,0.05676551671910874,0.0,-19.408200707659983
0.19408200707659984,0.04978546264515842,4.0,-20.682080402770218
0.2068208040277022,0.05676551671910874,0.0,-20.370533947371726
0.20370533947371725,0.04978546264515842,0.0,-18.503085327017743
0.18503085327017743,0.032593287921612875,4.0,-19.758713047927635
0.19758713047927634,0.040284556757084124,0.0,-19.32258023729601
0.1932258023729601,0.033304502683133806,0.0,-17.41812981423485
0.17418129814234848,0.016112327959588328,4.0,-18.457718936776864
0.18457718936776865,0.02380359679505952,0.0,-17.896420803597938
0.17896420803597937,0.01682354272110925,4.0,-18.906984606658572
0.18906984606658572,0.02380359679505952,0.0,-18.100047242120635
0.18100047242120637,0.01682354272110925,4.0,-19.110647881346146
0.19110647881346146,0.02380359679505952,0.0,-18.497797887040306
0.18497797887040307,0.01682354272110925,4.0,-19.507138111379792
0.1950713811137979,0.02380359679505952,0.0,-18.895650119604937
0.1889565011960494,0.01682354272110925,3.0,-19.211173209270395
0.19211173209270396,0.018376843049214726,2.0,-19.19409985989794
0.19194099859897937,0.017720195193816502,4.0,-21.33659478950654
0.2133659478950654,0.03294628040293561,0.0,-20.844376571678037
0.20844376571678036,0.025966226328985296,0.0,-18.84912038476292
0.18849120384762919,0.008774051605440007,2.0,-17.904129662779958
0.1790412966277996,-0.07133860132792945,3.0,-18.142885683823394
0.18142885683823395,-0.064871227187564,3.0,-18.10953207095239
0.1810953207095239,-0.05920107190048134,3.0,-18.320293334758876
0.18320293334758875,-0.05239291039160147,3.0,-18.408060483866212
0.18408060483866212,-0.046722755104518815,4.0,-19.923282739024383
0.19923282739024384,-0.029632471075473545,4.0,-21.729024194291785
0.21729024194291785,-0.012440296351928002,4.0,-23.889598249586253
0.23889598249586252,0.005928267000572834,0.0,-23.065155751577947
0.23065155751577948,-0.0010517870733774833,0.0,-21.150303688336084
0.21150303688336086,-0.018243961796923027,0.0,-18.743154494555018
0.1874315449455502,-0.03661252514942386,4.0,-19.11304873265244
0.19113048732652443,-0.029632471075473545,4.0,-20.918778261811603
0.20918778261811602,-0.012440296351928002,0.0,-19.87607122343276
0.1987607122343276,-0.020131565187399246,4.0,-20.668198914152697
0.20668198914152697,-0.01315151111344893,0.0,-19.707866709145158
0.19707866709145158,-0.020131565187399246,4.0,-20.313873635135046
0.20313873635135046,-0.01315151111344893,0.0,-19.353313570384504
0.19353313570384506,-0.020131565187399246,4.0,-19.959557171791037
0.19959557171791037,-0.01315151111344893,4.0,-21.887005123150956
0.21887005123150954,0.0040406636100966155,4.0,-24.341970627085615
0.24341970627085616,0.022409226962597433,0.0,-23.631922290381972
0.2363192229038197,0.015429172888647116,0.0,-21.717868876715606
0.21717868876715607,-0.0017630018348984288,4.0,-22.601262460756004
0.22601262460756005,0.005928267000572817,4.0,-24.667202722847954
0.24667202722847953,0.02312044172411836,0.0,-23.875355416318982
0.23875355416318983,0.00861750952817758,4.0,-24.85149607185518
0.2485149607185518,0.015597563602127898,0.0,-24.139998939142373
0.24139998939142374,0.00861750952817758,4.0,-25.11643314044617
0.2511643314044617,0.015597563602127898,0.0,-24.40465324329609
0.2440465324329609,0.00861750952817758,0.0,-22.401414938089044
0.22401414938089043,-0.008574665195367965,4.0,-23.103471639091847
0.23103471639091847,-0.0008833963598967194,4.0,-25.26740712703014
0.2526740712703014,0.016308778363648826,0.0,-24.55504393978963
0.2455504393978963,0.00861750952817758,0.0,-22.45960174849052
0.22459601748490518,-0.008574665195367965,4.0,-23.345209172229076
0.23345209172229078,-0.0008833963598967194,4.0,-25.4144510236285
0.25414451023628504,0.016308778363648826,0.0,-24.621519914532644
0.24621519914532644,0.00861750952817758,0.0,-22.616298348076498
0.22616298348076497,-0.008574665195367965,4.0,-23.49916264138059
0.2349916264138059,-0.0008833963598967194,4.0,-25.659227521046624
0.25659227521046624,0.016308778363648826,0.0,-24.77177705405652
0.24771777054056524,0.00861750952817758,0.0,-22.856329488595016
0.22856329488595017,-0.008574665195367965,4.0,-23.561193558775507
0.23561193558775506,-0.0008833963598967194,4.0,-25.631848308109713
0.2563184830810971,0.016308778363648826,0.0,-25.01519785277411
0.2501519785277411,0.00861750952817758,0.0,-22.83124997302143
0.2283124997302143,-0.008574665195367965,4.0,-23.71498066665247
0.2371498066665247,-0.0008833963598967194,3.0,-24.618792797852546
0.24618792797852546,0.0060481612168140015,3.0,-25.39927765871214
0.2539927765871214,0.012856322725693889,3.0,-26.19182693362709
0.2619182693362709,0.018526478012775762,3.0,-27.378899793878887
0.27378899793878886,0.02533463952165565,0.0,-25.873973889749273
0.2587397388974927,0.012285439430160564,3.0,-26.22641056236953
0.2622641056236953,0.013838739758266298,3.0,-27.12605053875203
0.2712605053875203,0.019508895045348067,0.0,-25.5349479792564
0.255349479792564,0.00597892058106133,4.0,-26.929784516284215
0.26929784516284216,0.08707051552012225,0.0,-26.825901206907727
0.26825901206907726,0.08009046144617193,0.0,-25.07968039721004
0.2507968039721004,0.06289828672262639,0.0,-23.298625329866738
0.23298625329866737,0.04452972337012555,4.0,-24.508769404254373
0.2450876940425437,0.051509777444075866,4.0,-27.27823704273088
0.2727823704273088,0.06870195216762141,0.0,-26.87878189996973
0.26878781899969734,0.061010683332150165,0.0,-25.043129730299817
0.2504312973029982,0.043818508608604624,4.0,-26.333411446299255
0.26333411446299254,0.051509777444075866,4.0,-29.363755051822483
0.2936375505182248,0.06870195216762141,0.0,-28.78203907222895
0.2878203907222895,0.061010683332150165,0.0,-27.055255126267426
0.27055255126267425,0.043818508608604624,0.0,-24.93736789115264
0.2493736789115264,0.025449945256103786,0.0,-23.133836328957052
0.23133836328957053,0.00825777053255824,0.0,-20.922352825113077
0.20922352825113077,-0.010110792819942154,4.0,-21.761808627266745
0.21761808627266746,-0.003130738745992004,4.0,-23.744748911024946
0.23744748911024946,0.014061435977553249,0.0,-22.999894612968504
0.22999894612968505,0.006370167142082048,0.0,-20.960209926763355
0.20960209926763357,-0.010822007581463055,4.0,-21.685708177521352
0.2168570817752135,-0.0031307387459919953,4.0,-23.812720792225065
0.23812720792225064,0.014061435977553266,0.0,-22.92604314962307
0.22926043149623068,0.006370167142082065,4.0,-23.93518915535224
0.23935189155352238,0.013350221216032339,0.0,-23.12911211772677
0.2312911211772677,0.006370167142082065,0.0,-21.281360425943753
0.21281360425943752,-0.010822007581463037,4.0,-22.008031183682597
0.22008031183682597,-0.0031307387459919775,0.0,-21.08244073510072
0.21082440735100721,-0.010110792819942127,4.0,-21.924842710406214
0.21924842710406214,-0.0031307387459919775,0.0,-20.99913788774346
0.20999137887743458,-0.010110792819942127,0.0,-18.87023065870137
0.1887023065870137,-0.027302967543487232,0.0,-16.71627728419284
0.1671627728419284,-0.02221255818333068,0.0,-14.430287582553644
0.14430287582553644,-0.03940473290687579,4.0,-15.01219548638678
0.15012195486386778,-0.03171346407140468,0.0,-13.935305568798725
0.13935305568798725,-0.03869351814535487,4.0,-14.438325898033941
0.1443832589803394,-0.03171346407140468,4.0,-16.1195419763601
0.161195419763601,-0.01452128934785957,1.0,-15.764770029033688
0.15764770029033687,-0.016554596400613544,1.0,-14.923715772480893
0.14923715772480892,-0.022224751687695974,0.0,-12.855341964740536
0.12855341964740535,-0.03931503571674099,3.0,-12.502354458762861
0.1250235445876286,-0.037761735388635476,3.0,-12.88257352836056
0.12882573528360558,-0.032091580101553045,3.0,-13.45377875632353
0.13453778756323528,-0.025283418592673603,3.0,-13.951785865498415
0.13951785865498417,-0.019613263305591173,3.0,-14.463292178357115
0.14463292178357115,-0.012805101796711727,0.0,-12.960603894760911
0.1296060389476091,-0.025854301888206675,4.0,-13.386651828575879
0.1338665182857588,-0.018874247814256433,4.0,-15.387715627288593
0.15387715627288592,-0.00168207309071133,0.0,-14.445731158285714
0.14445731158285713,-0.009373341926182407,0.0,-12.240535945638815
0.12240535945638815,-0.02656551664972751,4.0,-12.943968185838743
0.12943968185838745,-0.01887424781425636,4.0,-14.769932209918622
0.1476993220991862,-0.0016820730907112593,0.0,-14.02371841390989
0.14023718413909889,-0.009373341926182336,0.0,-11.814533301811327
0.11814533301811328,-0.02656551664972744,1.0,-10.770075754133115
0.10770075754133115,-0.03326663383770872,1.0,-9.67314769445599
0.0967314769445599,-0.04007479534658818,1.0,-8.656881562780592
0.08656881562780591,-0.04574495063367066,1.0,-7.457730354116915
0.07457730354116915,-0.05255311214255014,4.0,-8.576666633785853
0.08576666633785854,-0.03950391205105522,4.0,-10.148047322050823
0.10148047322050824,-0.02231173732751011,4.0,-12.258152475053967
0.12258152475053967,-0.003943173975009544,4.0,-14.225323646545927
0.14225323646545926,0.013249000748535559,0.0,-13.789702875799883
0.13789702875799884,0.09810150264666108,0.0,-12.299426665004463
0.12299426665004462,0.08090932792311596,0.0,-10.734002513255287
0.10734002513255288,0.06254076457061537,0.0,-9.005573665217302
0.09005573665217301,0.045348589847070235,3.0,-9.643738600915462
0.09643738600915461,0.04738189689982423,0.0,-8.519418734342516
0.08519418734342517,0.03433269680832932,1.0,-7.999267163624135
0.07999267163624135,0.027401139231618788,3.0,-8.903438287389116
0.08903438287389116,0.03296107154446399,3.0,-9.880238009656816
0.09880238009656815,0.03863122683154646,3.0,-11.048644605734353
0.11048644605734352,0.04543938834042594,1.0,-10.821616450454204
0.10821616450454204,0.040129022363499946,3.0,-11.816863386508132
0.11816863386508132,0.04543938834042595,0.0,-10.476191671153114
0.10476191671153115,0.03239018824893104,3.0,-10.93972462999443
0.1093972462999443,0.03394348857703653,4.0,-13.526998863096171
0.1352699886309617,0.051264980642953976,0.0,-13.170383163372072
0.13170383163372074,0.04428492656900378,1.0,-12.530511384876768
0.1253051138487677,0.037353368992293204,0.0,-10.852484930592837
0.10852484930592836,0.02026308496324818,3.0,-11.208253646110592
0.11208253646110591,0.021816385291353668,3.0,-12.076899914066336
0.12076899914066337,0.027486540578436098,3.0,-13.136943409444745
0.13136943409444746,0.03429470208731554,0.0,-11.911035169829232
0.11911035169829232,0.02124550199582064,4.0,-12.906928058202624
0.12906928058202624,0.028225556069770855,0.0,-12.772757028744678
0.1277275702874468,0.10707099905600614,0.0,-11.569209471239203
0.11569209471239203,0.08987882433246104,0.0,-9.914282953960072
0.09914282953960071,0.07151026097996065,0.0,-8.4304190573967
0.084304190573967,0.05431808625641554,4.0,-9.880112252727551
0.0988011225272755,0.062009355091886605,4.0,-12.454348157977027
0.12454348157977027,0.0792015298154317,0.0,-12.35833381653499
0.1235833381653499,0.07151026097996065,0.0,-10.721062446636168
0.10721062446636168,0.05431808625641554,0.0,-8.829289057396284
0.08829289057396285,0.035949522903914795,4.0,-9.973646160152589
0.09973646160152588,0.04292957697786511,3.0,-11.212456130250052
0.11212456130250052,0.04986113455457584,0.0,-10.077744210190122
0.10077744210190123,0.03633116009028908,4.0,-11.224203959307935
0.11224203959307935,0.0433112141642394,4.0,-13.796405062540206
0.13796405062540207,0.060503388887784684,0.0,-13.400433769720246
0.13400433769720246,0.05281212005231363,0.0,-11.642213757086243
0.11642213757086242,0.03561994532876814,4.0,-12.869393470704315
0.12869393470704316,0.04331121416423938,4.0,-15.39471360989509
0.1539471360989509,0.06050338888778467,0.0,-14.801708667224094
0.14801708667224095,-0.013479481437849999,3.0,-14.879284731841448
0.1487928473184145,-0.01192618110974452,3.0,-15.438428711167704
0.15438428711167704,-0.006256025822661869,3.0,-16.189227017344727
0.16189227017344726,0.0005521356862175753,3.0,-16.867299936884905
0.16867299936884905,0.006222290973300227,3.0,-17.704420622416997
0.17704420622416997,0.01303045248217967,3.0,-18.503691686808324
0.18503691686808327,0.01870060776926232,0.0,-17.01461721230003
0.17014617212300032,0.005170633304975834,0.0,-15.028056241896063
0.15028056241896065,-0.01202154141856927,3.0,-15.17784588582625
0.1517784588582625,-0.0099882343658153,3.0,-15.7553615078652
0.157553615078652,-0.004318079078732649,0.0,-14.122038507697763
0.14122038507697762,-0.01784805354301919,3.0,-14.159884758082828
0.14159884758082827,-0.016294753214913457,2.0,-13.963862318584043
0.13963862318584044,-0.016951401070312015,3.0,-14.553343970833879
0.1455334397083388,-0.010620190160124091,4.0,-16.64273757034443
0.1664273757034443,0.006701301905793242,0.0,-15.798436440482764
0.15798436440482763,-0.0002787521681569075,0.0,-13.736788658768706
0.13736788658768706,-0.017470926891702054,4.0,-14.45953873742348
0.1445953873742348,-0.00977965805623095,4.0,-16.508831541732373
0.16508831541732374,0.007412516667314152,2.0,-16.900499396916505
0.16900499396916505,0.009804135302261801,2.0,-16.5201878176623
0.16520187817662302,-0.06259457819718052,4.0,-17.536549872867607
0.17536549872867607,-0.0473684929880617,3.0,-17.975127899658034
0.17975127899658033,-0.040436935411351155,3.0,-18.46376162252017
0.18463761622520172,-0.03362877390247171,4.0,-20.054357150321188
0.20054357150321186,-0.016307281836554263,4.0,-22.041574162222496
0.22041574162222494,0.0008848928869908901,0.0,-21.205320079167343
0.21205320079167342,-0.006806375948480226,0.0,-18.971109411150834
0.18971109411150835,-0.02399855067202536,4.0,-19.69728263855982
0.19697282638559818,-0.01630728183655425,4.0,-21.68868532589268
0.21688685325892681,0.0008848928869909055,0.0,-20.65309209967239
0.20653092099672388,-0.006806375948480211,0.0,-18.610178094093925
0.18610178094093924,-0.023998550672025342,4.0,-19.345929651284578
0.1934592965128458,-0.016307281836554232,4.0,-21.135875492588237
0.21135875492588235,0.000884892886990921,0.0,-20.300907763580188
0.20300907763580187,-0.006806375948480195,4.0,-21.11930743473885
0.21119307434738852,0.00017367812547001437,0.0,-20.367621196236293
0.2036762119623629,-0.006806375948480189,4.0,-20.987623809361647
0.20987623809361647,0.0001736781254700199,0.0,-20.2346062190559
0.202346062190559,-0.006806375948480183,0.0,-18.196369318752016
0.18196369318752018,-0.023998550672025314,4.0,-18.729946477953433
0.18729946477953435,-0.016307281836554208,0.0,-17.854118823435744
0.17854118823435744,-0.0232873359105044,4.0,-18.108551319511083
0.18108551319511082,-0.054311195448197194,4.0,-19.49836706016542
0.19498367060165422,-0.037119020724652035,4.0,-21.43546490338435
0.2143546490338435,-0.01875045737215149,0.0,-20.428179540543088
0.20428179540543087,-0.025730511446101712,4.0,-21.041652803575673
0.21041652803575675,-0.018750457372151478,0.0,-20.019876902855014
0.20019876902855013,-0.025730511446101705,0.0,-17.88629439078922
0.1788629439078922,-0.04292268616964683,0.0,-15.513187709158125
0.15513187709158124,-0.061291249522147366,4.0,-15.569696671289236
0.15569696671289238,-0.054311195448197166,4.0,-17.163208493319225
0.17163208493319224,-0.037119020724652015,4.0,-18.906553973216493
0.18906553973216494,-0.018750457372151464,0.0,-17.883754281224874
0.17883754281224873,-0.02573051144610169,4.0,-18.496154693398857
0.18496154693398859,-0.018750457372151457,0.0,-17.48761589865139
0.17487615898651393,-0.02573051144610168,4.0,-18.086084402562218
0.18086084402562216,-0.018750457372151447,0.0,-17.27878076311769
0.1727878076311769,-0.025730511446101674,4.0,-17.692406301570408
0.17692406301570407,-0.01875045737215144,0.0,-16.882730529713832
0.16882730529713835,-0.025730511446101664,4.0,-17.28214956677391
0.1728214956677391,-0.01875045737215143,4.0,-19.29870232887459
0.1929870232887459,-0.0015582826486063275,0.0,-18.310170281127697
0.18310170281127697,-0.009249551484077436,0.0,-16.270526516849944
0.16270526516849945,-0.02644172620762254,0.0,-13.796131878135647
0.13796131878135648,-0.04481028956012307,4.0,0.0
