Lateral Error,Yaw Error,Action,Reward
-0.008669095873823553,-0.009895333434669857,3.0,-0.21781034732845148
-0.0021781034732845147,-0.003427959294304053,2.0,-0.28237164968666434
-0.0028237164968666433,-0.0030879305119301467,3.0,-0.544751951002388
0.00544751951002388,0.0033794436284356574,3.0,-1.3328247927782182
0.013328247927782182,0.009049598915517425,3.0,-2.1433678072844424
0.021433678072844426,0.01585776042439731,3.0,-3.0398862043398065
0.03039886204339807,0.02152791571147908,2.0,-3.1709021278632004
0.031709021278632,0.02175454138811135,3.0,-4.213082633981359
0.04213082633981359,0.028221915528477155,3.0,-5.059023698307712
0.050590236983077116,0.03389207081555892,3.0,-6.249303508422593
0.062493035084225934,0.04070023232443881,3.0,-7.333208228539957
0.07333208228539957,0.046370387611520576,0.0,-5.946261522125194
0.059462615221251944,0.03284041314723384,3.0,-6.478432271186301
0.064784322711863,0.03439371347533957,0.0,-5.179406494525512
0.051794064945255125,0.02134451338384449,3.0,-5.611772327742529
0.05611772327742529,0.022897813711950224,3.0,-6.408300859786883
0.06408300859786883,0.02856796899903199,0.0,-5.00142899948562
0.0500142899948562,0.015037994534745256,0.0,-3.1939631089859315
0.03193963108985932,-0.0021541801888002882,3.0,-3.312312655331562
0.03312312655331562,-0.00012087313604604484,3.0,-4.069728818798932
0.040697288187989324,0.005549282151035723,0.0,-2.473113033420518
0.02473113033420518,-0.007980692313251013,2.0,-2.140261159804232
0.02140261159804232,-0.01071615444266952,3.0,-2.730525680159848
0.027305256801598482,-0.004248780302303715,2.0,-2.7074165230366676
0.027074165230366674,-0.003908751519929809,4.0,-4.55517201739206
0.0455517201739206,0.011684704956239283,3.0,-5.572316635292763
0.055723166352927636,0.018616262532949297,2.0,-5.6746029369786495
0.056746029369786496,0.030129720149405344,3.0,-6.809943078641403
0.06809943078641403,0.03659709428977115,3.0,-7.9099992018685805
0.07909999201868581,0.04226724957685291,3.0,-9.198839571696944
0.09198839571696943,0.0490754110857328,3.0,-10.130294284015847
0.10130294284015846,0.054745566372814566,0.0,-9.002091573044858
0.09002091573044858,0.04121559190852783,0.0,-7.193747082700605
0.07193747082700605,0.024023417184982288,3.0,-7.610221154880313
0.07610221154880313,0.02605672423773653,0.0,-6.315913470252468
0.06315913470252468,0.013007524146241447,4.0,-7.328200368971327
0.07328200368971327,0.019987578220191766,2.0,-7.818711424786403
0.07818711424786404,0.02272304034961027,2.0,-8.130557031749694
0.08130557031749694,0.023855627437988112,2.0,-8.315880503975778
0.08315880503975778,0.023855627437988112,0.0,-6.692487456393995
0.06692487456393995,0.008262170961819021,4.0,-7.553800473431962
0.07553800473431962,0.015242225035769339,0.0,-6.852038014160133
0.06852038014160133,0.008262170961819021,0.0,-4.802556390401901
0.048025563904019006,-0.008930003761726523,0.0,-2.5805489042182477
0.025805489042182477,-0.02729856711422736,1.0,-1.4805991551734945
0.014805991551734945,-0.03423012469093808,1.0,-0.3403704367752457
0.0034037043677524565,-0.04103828619981797,1.0,-0.7233936736994053
-0.007233936736994054,-0.04670844148690062,0.0,-3.135440160289871
-0.031354401602898714,-0.06379872551594588,0.0,-5.9142005025725854
-0.05914200502572585,-0.08099090023949143,0.0,-8.901653264792564
-0.08901653264792564,-0.09935946359199195,4.0,-8.81410632541784
-0.08814106325417839,-0.09237940951804179,0.0,-10.549376669135519
-0.1054937666913552,-0.09935946359199195,0.0,-13.744998066566396
-0.13744998066566397,-0.11655163831553704,4.0,-13.895501918187259
-0.13895501918187259,-0.10886036948006599,4.0,-12.51100952514022
-0.1251100952514022,-0.09166819475652088,2.0,-13.026184539844943
-0.13026184539844943,-0.08927657612157323,3.0,-12.84669026872421
-0.1284669026872421,-0.08280920198120759,3.0,-12.953401325189418
-0.12953401325189418,-0.07713904669412494,3.0,-12.688440630487765
-0.12688440630487766,-0.07033088518524505,0.0,-15.092893358639367
-0.15092893358639367,-0.08338008527674014,4.0,-14.883354263090213
-0.14883354263090215,-0.07640003120278982,3.0,-14.592506159278319
-0.14592506159278318,-0.0694684736260791,3.0,-14.457647619180472
-0.14457647619180472,-0.0626603121171992,3.0,-14.215936260665698
-0.14215936260665699,-0.05699015683011656,2.0,-14.516700445218596
-0.14516700445218594,-0.03280129889530763,2.0,-14.639919511792051
-0.14639919511792052,-0.03166871180692979,2.0,-14.957383809332692
-0.14957383809332692,-0.03166871180692979,0.0,-17.20671615554838
-0.1720671615554838,-0.04726216828309891,4.0,-16.773018316977392
-0.16773018316977392,-0.040282114209148595,2.0,-16.635170707961613
-0.16635170707961616,-0.037546652079730056,0.0,-18.948768185066584
-0.18948768185066583,-0.05314010855589918,2.0,-19.921709346302634
-0.19921709346302635,-0.055875570685317726,4.0,-18.366191045929575
-0.18366191045929575,-0.040282114209148595,0.0,-19.636265259565747
-0.19636265259565747,-0.04726216828309891,2.0,-20.307192041496705
-0.20307192041496705,-0.04999763041251746,2.0,-20.641069176623013
-0.20641069176623014,-0.048865043324139615,4.0,-19.06264850986217
-0.1906264850986217,-0.03292686732268803,4.0,-17.237215560457106
-0.17237215560457106,-0.015734692599142484,4.0,-14.996626728972853
-0.14996626728972853,0.002633870753358353,1.0,-15.288313803816544
-0.15288313803816544,0.0010805704252526186,0.0,-17.184935765104868
-0.17184935765104867,-0.016240921640665068,0.0,-19.64665431571386
-0.1964665431571386,-0.033433096364210615,2.0,-20.209144624842533
-0.20209144624842534,-0.03582471499915824,4.0,-18.599331598603094
-0.18599331598603094,-0.020231258522989116,4.0,-16.703478686042736
-0.16703478686042736,-0.0030390837994435727,0.0,-17.43175702766092
-0.17431757027660924,-0.010730352634914817,3.0,-17.40266552480135
-0.17402665524801347,-0.009177052306809083,4.0,-15.433429615813626
-0.15433429615813626,0.008144439759108604,4.0,-13.28510928752543
-0.1328510928752543,0.025336614482654132,4.0,-11.061243471567481
-0.1106124347156748,0.043705177835154964,2.0,-10.295673488423809
-0.1029567348842381,0.046440639964573475,2.0,-9.81952546913475
-0.09819525469134749,0.04757322705295131,3.0,-8.516015944372542
-0.08516015944372543,0.05415411268172716,3.0,-7.430896826250201
-0.07430896826250202,0.05982426796880893,3.0,-6.1617089176006
-0.061617089176006,0.06663242947768881,2.0,-5.490219652366747
-0.05490219652366747,0.06697245826006272,4.0,-3.113533504242843
-0.03113533504242843,0.08256591473623182,4.0,-0.4050679447813652
-0.004050679447813652,0.09975808945977735,4.0,-2.8643143361859473
0.028643143361859476,0.11812665281227819,4.0,-6.170706704902617
0.061707067049026176,0.13531882753582375,3.0,-8.219585656350477
0.08219585656350477,0.14201994472380447,3.0,-10.49367385396298
0.10493673853962979,0.14882810623268436,3.0,-13.13292360591877
0.1313292360591877,0.1928206204521053,0.0,-12.981356184800404
0.12981356184800402,0.17929064598781858,0.0,-12.285754088903719
0.12285754088903719,0.16209847126427301,0.0,-11.182974323767386
0.11182974323767385,0.14372990791177218,1.0,-11.597344157901038
0.11597344157901038,0.13679835033506216,1.0,-11.830764370867135
0.11830764370867135,0.12999018882618227,1.0,-12.426675483614186
0.12426675483614187,0.12432003353910051,0.0,-11.097417569563362
0.11097417569563361,0.10722974951005523,0.0,-9.923536185193235
0.09923536185193235,0.09003757478650969,3.0,-10.929060547166605
0.10929060547166605,0.09207088183926393,2.0,-11.765665900332928
0.11765665900332929,0.09241091062163784,2.0,-12.862753989046514
0.12862753989046513,0.09354349771001569,0.0,-11.674159702389701
0.11674159702389701,0.0783174125008966,4.0,-13.268665001968756
0.13268665001968755,0.08529746657484692,4.0,-16.26289968096178
0.1626289968096178,0.10248964129839247,4.0,-19.83178130383662
0.1983178130383662,0.12085820465089331,1.0,-20.710784519923877
0.20710784519923875,0.11930490432278758,0.0,-19.229688680915626
0.19229688680915627,0.10198341225686988,1.0,-19.196554038420285
0.19196554038420285,0.09505185468015988,4.0,-21.955063231923333
0.21955063231923333,0.10858182914444661,0.0,-21.998556548153797
0.21998556548153797,0.1016017750704963,1.0,-22.005003872320174
0.22005003872320175,0.09467021749378628,1.0,-21.823218578836297
0.21823218578836298,0.08786205598490639,2.0,-22.65646746418884
0.2265646746418884,0.08851870384030498,2.0,-23.418662852334368
0.23418662852334368,0.08851870384030498,3.0,-25.189471248248275
0.25189471248248274,0.09498607798067078,0.0,-24.21606140971218
0.2421606140971218,0.08193687788917571,3.0,-25.089873066309313
0.2508987306630931,0.08349017821728144,4.0,-28.374428894759347
0.2837442889475935,0.10081167028319912,0.0,-28.28684496476344
0.2828684496476344,0.0938316162092488,0.0,-26.742542283660413
0.2674254228366041,0.07663944148570326,2.0,-26.887151718506352
0.2688715171850635,0.07424782285075567,0.0,-25.45506740508835
0.2545506740508835,0.058654366374586576,0.0,-23.756457549054673
0.23756457549054674,0.041462191651041036,0.0,-21.656606823402594
0.21656606823402594,0.023093628298540197,3.0,-22.1718258445067
0.22171825844506698,0.02464692862664593,0.0,-20.78476902576393
0.2078476902576393,0.011597728535150847,3.0,-20.93728586944906
0.2093728586944906,0.013151028863256583,3.0,-21.761028673535098
0.21761028673535096,0.018821184150339235,3.0,-23.48649725143924
0.2348649725143924,0.07990499854335911,0.0,-22.292836064424748
0.22292836064424745,0.06685579845186401,0.0,-20.638348201533347
0.20638348201533346,0.04966362372831847,0.0,-18.759946146898915
0.18759946146898915,0.031295060375817634,0.0,-16.777344575101473
0.16777344575101474,0.014102885652272521,0.0,-14.752136684241382
0.14752136684241382,-0.004265677700227873,0.0,-12.586506943967091
0.1258650694396709,-0.021457852423772975,0.0,-10.378785918863231
0.10378785918863231,-0.03982641577627353,2.0,-9.714148095381415
0.09714148095381414,-0.04256187790569207,2.0,-9.306676914392863
0.09306676914392864,-0.04142929081731445,0.0,-7.347419463830562
0.07347419463830562,-0.056655376026433356,0.0,-4.827031678811683
0.04827031678811683,-0.07384755074997847,0.0,-2.0184718990326416
0.020184718990326415,-0.09221611410247904,0.0,-1.0250235129095542
-0.010250235129095541,-0.10940828882602413,0.0,-4.2410498586137395
-0.04241049858613739,-0.12777685217852455,2.0,-5.703801474534025
-0.057038014745340246,-0.13051231430794308,0.0,-9.025651927417307
-0.09025651927417307,-0.14610577078411222,0.0,-12.762483613016206
-0.12762483613016207,-0.16329794550765775,3.0,-14.032045605023436
-0.14032045605023435,-0.16126463845490352,3.0,-14.69381049302672
-0.1469381049302672,-0.15559448316782087,3.0,-15.173926220458004
-0.15173926220458003,-0.14878632165894098,3.0,-15.868029668287686
-0.15868029668287686,-0.1431161663718583,3.0,-16.24967035148238
-0.1624967035148238,-0.13630800486297845,2.0,-17.405672580978646
-0.17405672580978646,-0.13596797608060449,3.0,-17.717884777289772
-0.17717884777289772,-0.12950060194023866,4.0,-16.30903324494042
-0.16309033244940419,-0.11217910987432132,3.0,-16.37868927563421
-0.1637868927563421,-0.1052475522976106,3.0,-16.41254346846479
-0.1641254346846479,-0.09843939078873114,3.0,-16.528595419483544
-0.16528595419483544,-0.09276923550164849,3.0,-16.437656227201266
-0.16437656227201267,-0.08596107399276906,3.0,-16.45545878720856
-0.1645545878720856,-0.08029091870568662,3.0,-16.27335719818353
-0.1627335719818353,-0.07348275719680718,4.0,-14.764077651534341
-0.1476407765153434,-0.05616126513088974,4.0,-12.955934083251295
-0.12955934083251294,-0.038969090407344587,3.0,-12.473059715052246
-0.12473059715052245,-0.032267973219363304,0.0,-14.523325308762125
-0.14523325308762125,-0.045797947683649864,4.0,-14.091032513619279
-0.14091032513619278,-0.03881789360969966,0.0,-15.209812141187458
-0.15209812141187457,-0.04579794768364987,0.0,-17.871861723895456
-0.17871861723895455,-0.06299012240719501,4.0,-17.277011826493506
-0.17277011826493507,0.007798033975837039,0.0,-17.95685674437476
-0.17956856744374763,0.0008179799018868361,0.0,-20.015379196695914
-0.20015379196695915,-0.016374194821658267,4.0,-19.33550619016609
-0.1933550619016609,-0.008682925986187123,4.0,-17.22345564750207
-0.1722345564750207,0.008509248737357995,0.0,-18.18343779567607
-0.18183437795676072,0.000817979901886878,2.0,-18.449429631875343
-0.18449429631875344,-0.0019174822275316566,3.0,-17.596476055668504
-0.17596476055668503,0.004549891912833786,2.0,-17.638874200210218
-0.1763887420021022,0.00488992069520773,1.0,-18.30641675341366
-0.18306416753413662,-0.001577453445157717,1.0,-18.951339500821664
-0.18951339500821665,-0.00724760873224015,2.0,-19.045595385100505
-0.19045595385100506,-0.006454906029332584,4.0,-17.07176905767065
-0.17071769057670652,0.009483269972118779,2.0,-16.771610835025424
-0.16771610835025424,0.012218732101537318,2.0,-16.45246924075121
-0.16452469240751208,0.013351319189914928,2.0,-16.45918659549637
-0.1645918659549637,0.013351319189914928,3.0,-15.490280587542802
-0.154902805875428,0.0198186933302804,3.0,-14.768006773905206
-0.14768006773905207,0.025488848617362867,2.0,-14.44040753933587
-0.1444040753933587,0.02571547429399516,2.0,-14.002644030123417
-0.14002644030123418,0.026848061382372782,2.0,-13.89128519238885
-0.1389128519238885,0.026848061382372782,2.0,-13.452169615951377
-0.13452169615951376,0.027980648470750404,2.0,-13.130939531655265
-0.13130939531655267,0.027980648470750404,2.0,-12.873057047523586
-0.12873057047523587,0.029113235559128026,2.0,-12.541947788538415
-0.12541947788538416,0.029113235559128026,2.0,-12.274205273892244
-0.12274205273892244,0.030245822647505645,2.0,-11.933219485536444
-0.11933219485536443,0.030245822647505645,2.0,-11.466534239548132
-0.11466534239548132,0.03137840973588327,2.0,-11.31519586840674
-0.1131519586840674,0.03137840973588327,2.0,-10.827820553594744
-0.10827820553594744,0.03251099682426089,2.0,-10.466973116099265
-0.10466973116099265,0.03251099682426089,0.0,-12.156015919731596
-0.12156015919731596,0.01691754034809198,2.0,-12.271011952289875
-0.12271011952289874,0.014182078218673441,0.0,-13.953965476744674
-0.13953965476744673,-0.001411378257495469,0.0,-16.222950896938606
-0.16222950896938607,-0.01860355298104057,3.0,-16.062432437638062
-0.16062432437638063,-0.016570245928286598,0.0,-17.7832164344094
-0.17783216434409402,-0.0296194460197815,2.0,-18.110312661077156
-0.18110312661077158,0.028011584661921808,4.0,-15.93520643570036
-0.1593520643570036,0.04360504113809075,2.0,-15.252711432758492
-0.15252711432758492,0.04634050326750927,2.0,-14.76620185477989
-0.1476620185477989,0.047473090355886906,4.0,-12.644577916876496
-0.12644577916876495,0.06341126635733826,4.0,-10.065142517910079
-0.10065142517910079,0.08060344108088341,1.0,-9.641799275591305
-0.09641799275591305,0.07857013402812942,4.0,-7.464881929266056
-0.07464881929266057,0.09161933411962431,4.0,-4.660233233087094
-0.046602332330870945,0.10881150884316941,3.0,-2.752348678870655
-0.027523486788706548,0.11551262603115076,3.0,-0.9771035490350637
-0.009771035490350636,0.12232078754003017,3.0,-0.7213077157787716
0.007213077157787716,0.12799094282711282,3.0,-2.8268368402995714
0.028268368402995715,0.1347991043359923,3.0,-4.898185052840405
0.04898185052840405,0.14046925962307494,3.0,-6.922582672885204
0.06922582672885204,0.14727742113195438,3.0,-9.109989732624404
0.09109989732624404,0.15294757641903703,0.0,-8.721540540087245
0.08721540540087244,0.13941760195475053,1.0,-9.234662836453177
0.09234662836453177,0.13248604437803982,1.0,-9.512676605462477
0.09512676605462478,0.12567788286916037,1.0,-9.840528302447288
0.09840528302447288,0.12000772758207773,1.0,-10.013852144055257
0.10013852144055257,0.11319956607319827,1.0,-10.243010151192433
0.10243010151192433,0.10752941078611584,1.0,-10.491262066878324
0.10491262066878324,0.1007212492772364,1.0,-10.623413343448252
0.10623413343448251,0.09505109399015396,1.0,-10.57349459991767
0.1057349459991767,0.08824293248127454,1.0,-10.605143328910518
0.10605143328910518,0.08257277719419208,3.0,-12.145774816394006
0.12145774816394006,0.0881327095070373,1.0,-12.225205874900471
0.12225205874900472,0.08282234353011131,3.0,-13.53736009301298
0.1353736009301298,0.08813270950703729,3.0,-15.15858794659713
0.1515858794659713,0.09380286479411973,1.0,-15.25088926362
0.1525088926362,0.08824293248127452,1.0,-15.273842507046002
0.15273842507046004,0.08257277719419208,0.0,-13.693090425743918
0.1369309042574392,0.06548249316514704,3.0,-14.583780564432589
0.14583780564432589,0.06703579349325255,1.0,-14.48962731368476
0.1448962731368476,0.06172542751632656,0.0,-12.744558570907266
0.12744558570907266,0.04440393545040908,3.0,-13.248278964328914
0.13248278964328913,0.045957235778514564,3.0,-14.462771260628568
0.14462771260628568,0.05162739106559699,0.0,-13.51612066969843
0.1351612066969843,0.0860435291408571,3.0,-14.559621420446716
0.14559621420446717,0.08759682946896259,3.0,-16.130116344449263
0.1613011634444926,0.09326698475604503,3.0,-17.856825679581064
0.17856825679581062,0.10007514626492445,0.0,-16.970881619569454
0.16970881619569456,0.08702594617342951,0.0,-15.31689238741743
0.1531689238741743,0.06983377144988441,3.0,-16.30206407244588
0.1630206407244588,0.07186707850263838,4.0,-19.222041416027206
0.19222041416027208,0.0891885705685558,0.0,-19.18112847548883
0.1918112847548883,0.08220851649460556,4.0,-20.785532721361108
0.20785532721361108,0.0891885705685558,0.0,-20.544065146491903
0.20544065146491902,0.08220851649460556,4.0,-22.369914211553766
0.22369914211553765,0.0891885705685558,4.0,-25.649222002112538
0.25649222002112537,0.1063807452921009,1.0,-26.287008121722547
0.26287008121722544,0.10434743823934692,1.0,-26.282207637800408
0.2628220763780041,0.09867728295226448,1.0,-26.30036987536033
0.2630036987536033,0.09186912144338505,1.0,-26.20668778500297
0.2620668778500297,0.08619896615630261,0.0,-24.623038050291388
0.24623038050291388,0.06910868212725768,0.0,-22.94021362139531
0.22940213621395306,0.051916507403712585,0.0,-21.09050217098638
0.2109050217098638,0.03354794405121197,1.0,-20.41928575227757
0.2041928575227757,0.026616386474501246,1.0,-19.716653624513285
0.19716653624513283,0.01980822496562136,1.0,-19.289512892287306
0.19289512892287303,0.01413806967853871,1.0,-18.496214325590007
0.18496214325590007,0.007329908169658822,0.0,-16.548313611368922
0.16548313611368923,-0.009991583896258866,2.0,-16.154138340293123
0.16154138340293123,-0.012727046025677407,2.0,-16.13011561279114
0.1613011561279114,-0.011594458937299565,2.0,-15.979564832029585
0.15979564832029586,-0.011594458937299565,2.0,-16.147933094595672
0.1614793309459567,-0.010461871848921722,4.0,-17.796446059248808
0.17796446059248808,0.005476304152529864,3.0,-18.682806961851803
0.18682806961851803,0.012407861729240584,3.0,-19.684900825841623
0.19684900825841625,0.01921602323812047,3.0,-20.55133403675283
0.2055133403675283,0.024886178525203122,4.0,-23.072768312143598
0.230727683121436,0.04197646255424839,0.0,-22.489859253475313
0.22489859253475314,0.03499640848029807,3.0,-22.917340477135
0.22917340477134998,0.03654970880840381,0.0,-21.671230898660095
0.21671230898660093,0.023500508716908723,1.0,-20.92414105699344
0.20924141056993442,0.016568951140198,1.0,-20.40224537494911
0.2040224537494911,0.04091002523731328,1.0,-19.898856130375695
0.19898856130375694,0.03523986995023063,1.0,-19.400415523582442
0.19400415523582443,0.028431708441350748,1.0,-18.98383226223351
0.18983832262233508,0.022761553154268095,0.0,-17.13326130199496
0.1713326130199496,0.0056712691252228265,0.0,-14.99315282221658
0.1499315282221658,-0.0115209055983227,4.0,-15.723791250874
0.15723791250874,-0.003829636762851455,4.0,-17.88481445032061
0.1788481445032061,0.01336253796069409,3.0,-18.77146142812419
0.18771461428124192,0.02006365514867555,3.0,-19.916291359097013
0.19916291359097013,0.02687181665755544,0.0,-18.416907035695367
0.18416907035695368,0.013822616566060354,0.0,-16.416983117564165
0.16416983117564163,-0.00336955815748519,0.0,-14.353982250766029
0.1435398225076603,-0.021738121509986007,0.0,-12.211809687473917
0.12211809687473915,-0.03893029623353155,2.0,-11.53786732362881
0.1153786732362881,-0.04132191486847915,2.0,-11.161369371239829
0.1116136937123983,-0.04018932778010131,2.0,-10.9369744878779
0.109369744878779,-0.04018932778010131,2.0,-10.735156596898745
0.10735156596898746,-0.03905674069172346,0.0,-8.607266488783456
0.08607266488783455,-0.05428282590084254,2.0,-7.764144463536252
0.07764144463536252,-0.057018288030261044,2.0,-7.40690500454524
0.0740690500454524,-0.0558857009418832,2.0,-6.889136924653023
0.06889136924653023,-0.0558857009418832,4.0,-8.315822324257455
0.08315822324257455,-0.04029224446571411,3.0,-8.705517331667064
0.08705517331667065,-0.0333606868890041,3.0,-9.252925518616344
0.09252925518616344,-0.02655252538012421,3.0,-9.554845207286661
0.09554845207286662,-0.020882370093042443,0.0,-7.823080724406889
0.07823080724406889,-0.03441234455732918,3.0,-7.819668396970028
0.07819668396970028,-0.03285904422922344,3.0,-8.065201753867377
0.08065201753867378,-0.02718888894214168,3.0,-8.667116942954788
0.08667116942954789,-0.020380727433261792,4.0,-10.573926851548238
0.10573926851548239,-0.0030592353673441035,1.0,-10.326221821931682
0.10326221821931683,-0.004612535695449838,3.0,-10.95257854691166
0.1095257854691166,0.0006978302814764733,0.0,-9.54549430031072
0.09545494300310721,-0.01235136981001861,2.0,-9.05185850525068
0.09051858505250679,-0.015086831939437117,4.0,-10.625831725352374
0.10625831725352372,0.0005066245367319741,1.0,-10.5856215462819
0.10585621546281901,-0.0010466757913737605,1.0,-9.93694743737092
0.0993694743737092,-0.006716831078456235,0.0,-7.807919281524017
0.07807919281524016,-0.023807115107501504,1.0,-6.718054502178214
0.06718054502178214,-0.012569431040376246,1.0,-5.86699294479374
0.0586699294479374,-0.019377592549256133,1.0,-5.098678358741723
0.05098678358741723,-0.0250477478363379,1.0,-4.028170890194962
0.04028170890194962,-0.03185590934521779,1.0,-3.035391507505751
0.030353915075057507,-0.03752606463229956,1.0,-1.9822593332941003
0.019822593332941,-0.04433422614117944,1.0,-0.8862160107634004
0.008862160107634003,-0.05000438142826121,2.0,-0.38119633193657476
0.003811963319365748,-0.049211678725353425,3.0,-0.8744553826611422
0.008744553826611422,-0.04263079309657758,3.0,-1.1509744935488093
0.011509744935488094,-0.03696063780949581,3.0,-1.6159503083073048
0.016159503083073047,-0.030152476300615922,0.0,-0.2385620401323117
-0.002385620401323117,-0.043201676392111005,3.0,-0.47291642515502286
-0.004729164251550229,-0.041648376064005274,3.0,-0.12169262654634298
-0.0012169262654634298,-0.0359782207769235,3.0,-0.46163988425668123
0.004616398842566812,-0.02917005926804362,3.0,-0.8521707411784935
0.008521707411784934,-0.02349990398096185,2.0,-0.6429418410899341
0.006429418410899342,-0.02327327830432958,3.0,-1.1836712364855349
0.01183671236485535,-0.016805904163963777,4.0,-3.258418974752799
0.03258418974752799,0.0005155879019539117,4.0,-5.205393841302702
0.05205393841302702,0.017707762625499456,0.0,-4.523905861427176
0.04523905861427176,0.01001649379002821,4.0,-5.566156652289567
0.05566156652289567,0.01699654786397853,1.0,-5.511288622030484
0.055112886220304844,0.015443247535872794,4.0,-7.077303081944686
0.07077303081944686,0.028492447627367877,2.0,-7.812098829232258
0.07812098829232259,0.03122790975678642,2.0,-8.188414721682848
0.08188414721682849,0.03236049684516426,4.0,-10.367173603982556
0.10367173603982556,0.04829867284661585,4.0,-12.983472786268155
0.12983472786268155,0.0654908475701614,0.0,-12.688863647795072
0.12688863647795073,0.057799578734690146,0.0,-10.942560411574684
0.10942560411574684,0.040607404011144606,0.0,-9.12915482059809
0.09129154820598091,0.022238840658643767,0.0,-7.237002524583945
0.07237002524583944,0.005046665935098222,4.0,-8.04860885545813
0.08048608855458131,0.012737934770569467,4.0,-10.372354568869625
0.10372354568869624,0.029930109494115013,0.0,-9.61064139257493
0.0961064139257493,0.022238840658643767,0.0,-7.714480558036136
0.07714480558036137,0.005046665935098222,0.0,-5.550681352215828
0.055506813522158284,-0.013321897417402613,3.0,-5.572736891837985
0.05572736891837985,-0.01176859708929688,3.0,-6.28898858605957
0.0628898858605957,0.0005517211122981578,1.0,-5.6470581260059465
0.05647058126005946,-0.005008211200547387,2.0,-5.590147253491029
0.05590147253491029,-0.0043515633451487925,3.0,-6.314843361583388
0.06314843361583387,0.0022293222836270526,3.0,-7.098669219504369
0.0709866921950437,0.00789947757070882,0.0,-5.6729464838517485
0.056729464838517485,-0.005630496893577916,3.0,-5.704077952930482
0.05704077952930482,-0.004077196565472181,3.0,-6.429411937767929
0.06429411937767929,0.0015929587216095868,0.0,-4.681815474164891
0.04681815474164891,-0.01193701574267715,3.0,-4.82325194420042
0.0482325194420042,-0.010383715414571415,3.0,-5.3251431628817345
0.05325143162881735,-0.004713560127489648,0.0,-3.6930076022369103
0.0369300760223691,-0.018243534591776384,3.0,-3.7782098649908553
0.03778209864990855,-0.01669023426367065,3.0,-4.225104776920729
0.04225104776920729,-0.011020078976588882,3.0,-5.025175683829927
0.050251756838299265,-0.004211917467708995,0.0,-3.454322049178944
0.03454322049178944,-0.01726111755920408,0.0,-1.261927925598265
0.012619279255982649,-0.034453292282749626,0.0,-1.3396526097426404
-0.013396526097426403,-0.05282185563525046,0.0,-3.809488391896619
-0.03809488391896619,-0.070014030358796,0.0,-6.862201896100062
-0.06862201896100062,-0.08838259371129684,4.0,-6.6173965989275505
-0.06617396598927551,-0.08140253963734652,4.0,-5.338244715860013
-0.05338244715860012,-0.06421036491380099,4.0,-3.6376592887837793
-0.036376592887837796,-0.04584180156130014,1.0,-4.146421079008789
-0.04146421079008789,-0.04739510188940588,0.0,-6.720047484668621
-0.0672004748466862,-0.06471659395532356,0.0,-9.584098824255719
-0.09584098824255718,-0.0819087686788691,3.0,-9.866458468936683
-0.09866458468936683,-0.07987546162611486,4.0,-8.424911318095186
-0.08424911318095185,-0.06255396956019718,3.0,-8.082487599787795
-0.08082487599787794,-0.05562241198348716,0.0,-10.251190711377552
-0.10251190711377552,-0.0691523864477739,4.0,-9.986877086555179
-0.09986877086555179,-0.06217233237382358,0.0,-11.421966039398804
-0.11421966039398804,-0.0691523864477739,4.0,-11.302747424822872
-0.11302747424822872,-0.06217233237382358,0.0,-12.5927456209451
-0.125927456209451,-0.0691523864477739,4.0,-12.473225914124395
-0.12473225914124395,-0.06217233237382358,4.0,-10.78146492125311
-0.1078146492125311,-0.04498015765027804,3.0,-10.323665054557623
-0.10323665054557622,-0.0382790404622973,0.0,-12.316496284732434
-0.12316496284732434,-0.0576149952830988,4.0,-12.063114386170483
-0.12063114386170484,-0.05063494120914848,3.0,-11.448357922042247
-0.11448357922042247,-0.04370338363243846,4.0,-9.89113995370526
-0.09891139953705261,-0.026613099603393194,0.0,-10.932979665354882
-0.10932979665354883,-0.033593153677343515,0.0,-13.2726008046789
-0.132726008046789,-0.050785328400889056,3.0,-13.52378291485077
-0.1352378291485077,-0.04875202134813481,4.0,-11.849381643543207
-0.11849381643543207,-0.03143052928221713,4.0,-9.912679937857694
-0.09912679937857695,-0.014238354558671583,4.0,-7.821943004669388
-0.07821943004669388,0.004130208793829253,1.0,-7.996466198516268
-0.07996466198516268,0.0025769084657235185,3.0,-7.279724177206809
-0.07279724177206809,0.00788727444264983,3.0,-6.567767440606662
-0.06567767440606662,0.013557429729731615,3.0,-5.573560102322082
-0.05573560102322082,0.0203655912386115,0.0,-7.08681976208184
-0.07086819762081839,0.007316391147116436,3.0,-6.8920410112027595
-0.0689204101120276,0.00886969147522217,4.0,-4.584308709401087
-0.04584308709401087,0.02619118354113986,4.0,-2.4256359976665602
-0.024256359976665604,0.0433833582646854,4.0,-0.12410099341468818
0.0012410099341468818,0.06175192161718624,4.0,-2.8785781316637493
0.028785781316637494,0.07894409634073178,1.0,-3.2942810584565803
0.0329428105845658,0.07691078928797754,2.0,-4.127793157063376
0.04127793157063376,0.07756743714337609,2.0,-4.759161636787868
0.04759161636787868,0.07756743714337609,2.0,-5.7184666379343865
0.057184666379343864,0.07870002423175394,1.0,-5.600200129343023
0.05600200129343023,0.0723688133215657,0.0,-3.986238518624663
0.03986238518624663,0.05504732125564801,0.0,-2.4339608433850017
0.024339608433850017,0.037855146532102465,1.0,-1.9132099316447968
0.019132099316447968,0.031154029344121002,0.0,-0.11499937320995729
0.0011499937320995728,0.014063745315075735,0.0,-1.9029314195443066
-0.019029314195443063,-0.0031284294084697917,1.0,-2.6152777728752987
-0.026152777728752984,-0.00982954659645053,4.0,-1.190620493493523
-0.011906204934935228,0.0037004278678362066,2.0,-0.6857277889274126
-0.006857277889274126,0.006435889997254712,2.0,-0.5332334019306442
-0.005332334019306442,0.0075684770856325545,2.0,-0.5069510695714063
-0.005069510695714064,0.0075684770856325545,2.0,-0.34493077303430075
-0.003449307730343008,0.008701064174010396,2.0,-0.3088683589402796
-0.0030886835894027957,0.008701064174010396,2.0,-0.13907252161585054
-0.0013907252161585054,0.009833651262388238,2.0,-0.09494830851254972
-0.0009494830851254972,-0.005885569708497018,2.0,-0.1009618965504003
0.001009618965504003,-0.004752982620119176,2.0,-0.15421613951110916
0.0015421613951110914,-0.004752982620119176,4.0,-1.8992056367464052
0.018992056367464052,0.010840473856049915,2.0,-2.340712989619063
0.023407129896190627,0.013575935985468456,2.0,-2.512088773264586
0.02512088773264586,0.014708523073846298,2.0,-2.7377675172976246
0.027377675172976245,0.014708523073846298,2.0,-3.015084576764596
0.030150845767645963,0.01584111016222414,2.0,-3.0679080836782124
0.030679080836782124,0.01584111016222414,2.0,-3.4396887001920797
0.0343968870019208,0.016973697250601983,2.0,-3.5056760710369286
0.035056760710369284,0.016973697250601983,3.0,-4.4420612117591105
0.04442061211759111,0.02344107139096782,3.0,-5.3470490841012825
0.05347049084101283,0.029111226678050474,3.0,-6.443171904410602
0.06443171904410602,0.03591938818693036,3.0,-7.535162396297044
0.07535162396297043,0.04158954347401301,3.0,-8.675917184671261
0.08675917184671261,0.0483977049828929,0.0,-7.59097031038119
0.0759097031038119,0.03534850489139781,0.0,-5.638719244935113
0.05638719244935113,0.01815633016785227,0.0,-3.5926266074911424
0.03592626607491142,-0.00021223318464856834,3.0,-3.8588705713281106
0.03858870571328111,0.0013410671434571663,3.0,-4.560078542312623
0.04560078542312623,0.0070112224305398175,3.0,-5.359429295273128
0.053594292952731284,0.013819383939419705,2.0,-5.5318255965531655
0.05531825596553166,0.014159412721793645,3.0,-6.530066654702349
0.06530066654702349,0.020626786862159484,0.0,-5.071767914786223
0.050717679147862224,0.0075775867706644,0.0,-3.0794203402731277
0.030794203402731278,-0.009614587952881145,3.0,-3.3226707572372383
0.03322670757237238,-0.007581280900126901,3.0,-3.765789852734117
0.03765789852734117,-0.0019111256130450798,0.0,-2.1591841770966362
0.02159184177096636,-0.015441100077331835,3.0,-2.292313996767233
0.022923139967672326,-0.013887799749226099,3.0,-2.849321173784112
0.028493211737841122,-0.008217644462144331,4.0,-4.836707714440274
0.048367077144402734,0.008872639566900938,4.0,-6.996771900843905
0.06996771900843905,0.02606481429044648,4.0,-9.494379581837693
0.09494379581837693,0.044433377642947317,0.0,-9.049062408278385
0.09049062408278385,0.037453323568997,3.0,-9.570291928121824
0.09570291928121824,0.03900662389710274,3.0,-10.619525928090896
0.10619525928090896,0.04467677918418539,3.0,-11.66840586446586
0.11668405864465861,0.020926056063543523,2.0,-11.999501577061597
0.11999501577061597,0.021266084845917466,3.0,-13.006404775653486
0.13006404775653485,0.027733458986283304,3.0,-13.788839242100323
0.13788839242100323,0.03340361427336596,0.0,-12.57110335288388
0.12571103352883878,0.0198736398090792,1.0,-11.89012559477597
0.11890125594775972,0.012942082232368483,1.0,-10.984675384279903
0.10984675384279903,0.006133920723488596,1.0,-10.347125469569576
0.10347125469569576,0.0004637654364059442,3.0,-11.118197906526841
0.11118197906526842,0.006023697749251506,3.0,-11.88428004172775
0.1188428004172775,0.011693853036334158,3.0,-12.84288678873686
0.1284288678873686,0.018502014545214045,3.0,-13.729216747638215
0.13729216747638215,0.024172169832296697,3.0,-14.806933161616588
0.14806933161616587,0.030980331341176583,1.0,-14.421312306908698
0.14421312306908698,0.025669965364250272,3.0,-15.13626780149699
0.1513626780149699,0.030980331341176583,3.0,-16.140730506212012
0.16140730506212012,0.03665048662825923,0.0,-14.75300193072088
0.1475300193072088,0.02312051216397248,1.0,-14.1649568585316
0.141649568585316,0.01618895458726176,3.0,-15.010008332652285
0.15010008332652286,0.02174888690010732,3.0,-15.926122731702229
0.15926122731702227,0.027419042187189973,3.0,-16.975028218590705
0.16975028218590704,0.03422720369606986,4.0,-19.45160116706788
0.19451601167067883,0.05154869576198743,0.0,-19.105226685244357
0.19105226685244356,0.04456864168803723,1.0,-18.678397882400308
0.18678397882400308,0.037637084111326505,0.0,-16.728001000309234
0.16728001000309234,0.020546800082281238,3.0,-17.18491951748971
0.1718491951748971,0.022100100410386975,3.0,-18.106019146213242
0.18106019146213242,0.027770255697469624,3.0,-19.159986759320947
0.1915998675932095,0.034578417206349514,0.0,-17.87496067961972
0.17874960679619717,0.021529217114854428,3.0,-18.150939046166744
0.18150939046166742,0.023082517442960162,3.0,-19.018583977516776
0.19018583977516776,0.028752672730042814,3.0,-20.13959191272711
0.2013959191272711,0.0355608342389227,0.0,-18.8026442013913
0.188026442013913,0.022511634147427614,3.0,-19.277056441597217
0.19277056441597215,0.02406493447553335,3.0,-20.21633852184625
0.2021633852184625,0.029735089762616,3.0,-21.288380684855845
0.21288380684855843,0.03654325127149589,1.0,-21.006385897394686
0.2100638589739469,0.031232885294569575,3.0,-21.714812349362326
0.21714812349362328,-0.008864886627604594,3.0,-22.27996648473659
0.22279966484736588,-0.0031947313405219424,3.0,-23.091729896145328
0.23091729896145327,0.003613430168357794,3.0,-23.78525854248724
0.2378525854248724,0.009283585455440446,2.0,-24.012711958417302
0.24012711958417304,0.009510211132072743,1.0,-23.094223567548752
0.2309422356754875,0.003042836991707292,3.0,-23.78064581564844
0.2378064581564844,0.00835320296863326,0.0,-22.419025431215125
0.22419025431215128,-0.004695997122861711,1.0,-21.576432037507956
0.21576432037507956,-0.011627554699572431,3.0,-22.150909884084662
0.22150909884084663,-0.006067622386726869,3.0,-22.796692783413427
0.22796692783413425,-0.00039746709964421777,3.0,-23.586284108799145
0.23586284108799144,0.0064106944092353416,0.0,-22.022128756649852
0.22022128756649853,-0.0066385056822596804,3.0,-22.202175814951786
0.22202175814951786,-0.005085205354153946,4.0,-24.263876787820372
0.24263876787820374,0.012236286711763475,0.0,-23.378764135226852
0.2337876413522685,0.005256232637813326,0.0,-21.351016274432475
0.21351016274432472,-0.01193594208573212,3.0,-21.541872274928245
0.21541872274928245,-0.009902635032977877,3.0,-22.150434497993437
0.22150434497993438,-0.004232479745895227,3.0,-22.900844156828626
0.22900844156828626,0.0025756817629845803,3.0,-23.63063966286516
0.2363063966286516,0.008245837050067232,3.0,-24.50898222199845
0.24508982221998452,0.015053998558946676,0.0,-23.18986508107526
0.23189865081075262,0.0020047984674518484,3.0,-23.255007968002044
0.23255007968002045,0.0035580987955574593,0.0,-21.673355309388768
0.2167335530938877,-0.009491101295937625,0.0,-19.75632076996398
0.1975632076996398,-0.02668327601948317,0.0,-17.419110368867386
0.17419110368867388,-0.04505183937198401,4.0,-17.815679350660872
0.1781567935066087,-0.038071785298033685,3.0,-18.237015391482526
0.18237015391482525,-0.031140227721322966,3.0,-18.777074246632452
0.1877707424663245,-0.02433206621244308,0.0,-16.966168769002184
0.16966168769002185,-0.03738126630393816,3.0,-16.86536971411693
0.16865369714116932,-0.03582796597583243,3.0,-17.222232420247547
0.17222232420247546,-0.03015781068874978,4.0,-18.82091538209747
0.18820915382097472,-0.013067526659704511,3.0,-19.555028783069414
0.19555028783069411,-0.0061359690829937905,0.0,-17.993782183445262
0.17993782183445262,-0.019665943547280546,0.0,-15.767596575880166
0.15767596575880166,-0.036858118270826086,3.0,-15.730810068863708
0.15730810068863707,-0.03482481121807185,0.0,-13.592312735017252
0.1359231273501725,-0.10785769742263561,3.0,-12.76556878231488
0.1276556878231488,-0.10630439709452986,3.0,-12.38930643576082
0.1238930643576082,-0.10063424180744722,3.0,-12.392951606726898
0.12392951606726899,-0.09382608029856733,3.0,-12.205672304725352
0.12205672304725353,-0.08815592501148468,4.0,-13.257420686763513
0.13257420686763513,-0.07106564098243941,4.0,-14.516709500807858
0.1451670950080786,-0.05387346625889399,4.0,-16.109536409985242
0.16109536409985242,-0.035504902906393604,1.0,-15.641377309907645
0.15641377309907645,-0.03705820323449908,3.0,-15.930815491293162
0.15930815491293163,-0.03174783725757312,1.0,-15.101753343524367
0.15101753343524366,-0.03705820323449908,3.0,-15.35569357357237
0.1535569357357237,-0.03174783725757312,4.0,-17.0670965317155
0.170670965317155,-0.014426345191655728,3.0,-17.756440791808416
0.17756440791808417,-0.007494787614945192,3.0,-18.51018747388357
0.18510187473883571,-0.0006866261060657473,3.0,-19.17829017599913
0.1917829017599913,0.004983529181016683,2.0,-19.26562587962576
0.19265625879625758,0.005210154857648974,3.0,-20.089950198403393
0.20089950198403392,0.011677528998014417,3.0,-20.88710890489869
0.20887108904898688,0.017347684285096896,3.0,-21.87528127142609
0.2187528127142609,0.024155845793976373,3.0,-22.790126666847954
0.2279012666684795,0.029826001081058852,3.0,-23.910368355751814
0.23910368355751813,0.036634162589938304,3.0,-24.95423934350533
0.24954239343505327,0.04230431787702074,4.0,-27.72516348861985
0.27725163488619853,0.05939460190606582,0.0,-27.383713818529568
0.27383713818529565,0.052414547832115584,3.0,-28.049740566661153
0.2804974056666115,0.05396784816022107,0.0,-26.683537271909774
0.26683537271909774,0.04091864806872611,3.0,-27.242362517062663
0.2724236251706266,0.0424719483968316,0.0,-26.017727094596825
0.26017727094596826,0.029422748305336706,1.0,-25.243146938563473
0.25243146938563477,0.02249119072862612,1.0,-24.64085913358676
0.24640859133586757,0.01568302921974664,1.0,-24.121849618868087
0.24121849618868088,0.010012873932664165,3.0,-24.88002352102134
0.24880023521021338,0.015572806245509406,3.0,-25.71196334040002
0.2571196334040002,0.02124296153259187,3.0,-26.741288654859435
0.26741288654859435,-0.034962620103632346,3.0,-27.099249532950896
0.270992495329509,-0.029292464816549884,1.0,-26.133364565024202
0.26133364565024203,-0.03485239712939511,3.0,-26.44455144602205
0.2644455144602205,-0.029542031152469124,2.0,-26.197126941864024
0.26197126941864024,-0.029202002370095185,0.0,-24.21728123021345
0.2421728123021345,-0.044795458846264104,3.0,-23.96262200144342
0.2396262200144342,-0.04324215851815861,0.0,-22.21807306004515
0.22218073060045151,-0.05629135860965351,4.0,-22.49184062935266
0.2249184062935266,-0.049311304535703315,4.0,-23.903079661290406
0.23903079661290408,-0.032119129812158156,4.0,-25.688545076820617
0.2568854507682062,-0.013750566459657604,4.0,-27.774651123142093
0.2777465112314209,0.0034416082638874987,0.0,-26.7733343090963
0.26773334309096297,-0.0042496605715835875,4.0,-27.597984474584262
0.27597984474584264,0.00273039350236658,4.0,-29.70369454423738
0.2970369454423738,0.019922568225911683,0.0,-29.006040858915387
0.2900604085891539,0.012231299390440624,4.0,-30.006113717655936
0.30006113717655936,0.019211353464390773,0.0,-29.228169982440605
0.29228169982440605,0.012231299390440624,4.0,-30.231028688056103
0.30231028688056105,0.019211353464390773,0.0,-29.61350847780065
0.29613508477800654,0.012231299390440624,0.0,-27.593323478898583
0.27593323478898585,-0.00496087533310448,0.0,-25.36885845179823
0.25368858451798226,-0.023329438685605088,4.0,-25.98812844536895
0.2598812844536895,-0.01634938461165486,0.0,-24.959648954813076
0.24959648954813077,-0.02332943868560509,0.0,-22.80618208306109
0.22806182083061088,-0.040521613409150226,0.0,-20.43217011190931
0.20432170111909312,-0.05889017676165075,0.0,-18.107111727442803
0.181071117274428,-0.07608235148519586,0.0,-15.53532570159214
0.1553532570159214,-0.09445091483769633,0.0,-12.923325632914954
0.12923325632914956,-0.11164308956124142,0.0,-9.860620930310173
0.09860620930310172,-0.130011652913742,2.0,-8.374644682069883
0.08374644682069884,-0.13274711504316053,4.0,-8.860711628238295
0.08860711628238295,-0.11715365856699154,3.0,-8.610665795665057
0.08610665795665055,-0.11022210099028082,1.0,-6.9613458985108725
0.06961345898510872,-0.11578203330312603,4.0,-7.395892689380109
0.0739589268938011,-0.1027328332116312,4.0,-8.44337433558973
0.0844337433558973,-0.0855406584880861,4.0,-9.83337465106646
0.09833374651066461,-0.06717209513558553,4.0,-11.05010741749685
0.1105010741749685,-0.04997992041204041,4.0,-12.593213281074206
0.12593213281074206,-0.0871314335338273,4.0,-13.590802997395022
0.1359080299739502,-0.06993925881028219,4.0,-15.145061922932811
0.15145061922932812,-0.05157069545778165,4.0,-16.539976291051605
0.16539976291051606,-0.03437852073423655,4.0,-18.508832580035918
0.1850883258003592,-0.016009957381736113,4.0,-20.356610411346608
0.20356610411346607,0.001182217341809433,4.0,-22.61890354782757
0.2261890354782757,0.01955078069431027,4.0,-25.046740636593235
0.25046740636593234,0.03674295541785581,3.0,-26.177509678185345
0.26177509678185346,0.043444072605837276,3.0,-27.55800497148161
0.2755800497148161,0.050252234114717166,4.0,-30.316447503168472
0.30316447503168475,0.06757372618063485,0.0,-29.982160252300506
0.29982160252300505,0.06059367210668453,0.0,-28.170543306572092
0.28170543306572093,0.04340149738313899,0.0,-26.072519816905206
0.26072519816905204,0.02503293403063815,0.0,-24.192842898732096
0.24192842898732098,0.007840759307092608,0.0,-22.09264007821408
0.22092640078214082,-0.01052780404540823,0.0,-19.855883874156063
0.19855883874156063,-0.027719978768953518,2.0,-19.344687054113944
0.19344687054113943,-0.030111597403901166,1.0,-18.44915111198621
0.18449151111986212,-0.03657897154426661,4.0,-19.486705473709364
0.19486705473709365,-0.023529771452771787,4.0,-21.490444453820864
0.21490444453820862,-0.006337596729226384,4.0,-23.660160056157093
0.23660160056157092,0.012030966623274452,3.0,-24.643972107740804
0.24643972107740802,0.018962524199985172,3.0,-25.68182084685576
0.25681820846855763,0.02577068570886506,0.0,-24.19701396203209
0.24197013962032093,0.012721485617369974,0.0,-22.26235762791424
0.22262357627914242,-0.00447068910617557,3.0,-22.34210523835609
0.22342105238356091,-0.002437382053421327,3.0,-22.95577054126356
0.2295577054126356,0.0032327732336613246,3.0,-23.82846279540712
0.2382846279540712,0.01004093474254121,3.0,-24.754318448962472
0.2475431844896247,0.015711090029623863,0.0,-23.160829517940925
0.23160829517940926,0.0021811155653371083,2.0,-22.862468896459106
0.22862468896459104,-0.0005543465640814329,2.0,-23.01576412549515
0.23015764125495147,0.000578240524296409,1.0,-22.223379565990804
0.22223379565990803,-0.005752970385891833,2.0,-22.272857052473647
0.22272857052473646,-0.005096322530493274,2.0,-22.251034530068182
0.2225103453006818,-0.005096322530493274,2.0,-22.040343103336603
0.22040343103336602,-0.04435491185514649,0.0,-20.12742598349042
0.20127425983490416,-0.05958099706426557,2.0,-19.2096229174702
0.19209622917470198,-0.062316459193684115,2.0,-18.791811129161083
0.18791811129161082,-0.061183872105306715,1.0,-17.589084126048807
0.17589084126048807,-0.06751508301549458,1.0,-16.458648912893004
0.16458648912893004,-0.07318523830257723,1.0,-14.910646215675875
0.14910646215675877,-0.07999339981145667,3.0,-14.873117156909801
0.14873117156909801,-0.0746830338345307,3.0,-14.738097625337975
0.14738097625337976,-0.06901287854744806,3.0,-15.035504964415482
0.15035504964415483,-0.06220471703856861,0.0,-12.989639953675029
0.1298963995367503,-0.07525391713006344,3.0,-12.492341176602679
0.1249234117660268,-0.07370061680195795,3.0,-12.367410815142241
0.12367410815142241,-0.06803046151487531,3.0,-12.628743149776847
0.12628743149776847,-0.061222300005995864,3.0,-12.623260237649976
0.12623260237649975,-0.055552144718913225,3.0,-13.002960459097553
0.1300296045909755,-0.048743983210033336,3.0,-13.3096307216535
0.133096307216535,-0.04307382792295068,1.0,-12.147061652478094
0.12147061652478093,-0.04863376023579625,3.0,-12.404287520059459
0.12404287520059458,-0.043323394258869934,3.0,-12.571794951827549
0.12571794951827547,-0.03765323897178728,3.0,-13.12233109010127
0.1312233109010127,-0.0308450774629074,3.0,-13.531369755353671
0.1353136975535367,-0.025174922175824746,3.0,-14.010878485828634
0.14010878485828634,-0.01836676066694486,3.0,-14.605912446942263
0.14605912446942262,-0.012696605379862207,4.0,-16.5135869975482
0.16513586997548196,0.00439367864918306,3.0,-17.485740578556616
0.17485740578556613,0.011325236225893782,3.0,-18.32592056292993
0.18325920562929932,0.018133397734773668,3.0,-19.095232765236204
0.19095232765236206,0.02380355302185593,3.0,-20.331013166192612
0.20331013166192613,0.030611714530735818,2.0,-20.65111357609798
0.20651113576097982,0.030951743313109722,3.0,-21.641696057934475
0.21641696057934476,0.03741911745347553,1.0,-21.311193642116194
0.21311193642116194,0.032108751476549215,1.0,-20.892079461650354
0.20892079461650354,0.026438596189467447,4.0,-22.813379052681043
0.22813379052681043,0.039968570653754185,4.0,-25.41423940620513
0.2541423940620513,0.057160745377299725,4.0,-28.224222930872504
0.28224222930872506,0.05020399607390951,4.0,-30.97758666396072
0.3097758666396072,0.06739617079745505,0.0,-30.531998161119503
0.305319981611195,0.05970490196198381,2.0,-30.695222551663374
0.30695222551663376,0.056969439832565305,2.0,-31.41242493669298
0.3141242493669298,0.05810202692094315,2.0,-31.875377690222173
0.31875377690222173,0.05810202692094315,2.0,-32.602743021817105
0.32602743021817104,0.059234614009320986,0.0,-31.12918166485555
0.31129181664855554,0.04400852880020192,1.0,-30.432313507502617
0.3043231350750262,0.0370769712234919,1.0,-29.8710539915484
0.298710539915484,0.030268809714612013,2.0,-30.28458391038604
0.30284583910386037,0.030925457570010608,1.0,-29.742917500261022
0.29742917500261024,0.024594246659822402,2.0,-30.10392045330303
0.3010392045330303,0.025250894515220997,0.0,-28.31531136741518
0.2831531136741518,0.010024809306101922,2.0,-28.089497148030564
0.2808949714803056,0.007289347176683417,1.0,-27.37825523481341
0.2737825523481341,0.0008219730363176127,3.0,-28.002991460947072
0.28002991460947074,0.006132339013243924,3.0,-28.834286585524552
0.2883428658552455,0.011802494300325692,3.0,-29.697306643791105
0.29697306643791105,0.018610655809205578,0.0,-28.31565930055714
0.2831565930055714,0.005561455717710494,3.0,-28.421701660081617
0.28421701660081616,0.007114756045816228,3.0,-29.160501334620736
0.29160501334620736,0.012784911332897997,3.0,-30.200537348967664
0.30200537348967665,0.019593072841777883,3.0,-31.175320670326514
0.3117532067032651,0.02526322812885965,2.0,-31.381827506477297
0.313818275064773,0.025489853805491923,1.0,-30.790001277534742
0.3079000127753474,0.01902247966512612,3.0,-31.54242018444762
0.3154242018444762,0.02433284564205243,3.0,-32.455702066579576
0.3245570206657958,0.0300030009291342,4.0,-35.15136754564835
0.3515136754564835,0.047093284958179465,3.0,-36.419377652068576
0.3641937765206858,0.054024842534889476,3.0,-37.870449049145385
0.3787044904914538,0.060833004043769366,3.0,-39.129459789924766
0.39129459789924764,0.06650315933085113,3.0,-40.856628409170064
0.40856628409170065,0.07331132083973102,3.0,-42.25091464132245
0.42250914641322457,0.07898147612681279,3.0,-44.122407617610726
0.44122407617610726,0.08578963763569268,3.0,-45.65194194777927
0.45651941947779273,0.07848368130347447,4.0,-49.12346473647952
0.4912346473647952,0.09557396533251974,4.0,-53.065781224132294
0.530657812241323,0.11276614005606528,0.0,-52.79458947414988
0.5279458947414988,0.10507487122059404,0.0,-50.79888517265018
0.5079888517265018,0.0878826964970485,3.0,-51.73278089072237
0.5173278089072236,0.08991600354980274,0.0,-50.39679230982812
0.5039679230982812,0.07686680345830765,0.0,-48.53660745285518
0.48536607452855185,0.059674628734762106,0.0,-46.39901945529091
0.46399019455290913,0.041306065382261274,0.0,-44.36293679813413
0.4436293679813413,0.024113890658715727,4.0,-45.54102053719557
0.4554102053719557,0.031805159494186976,4.0,-48.25536208003382
0.4825536208003382,0.048997334217732516,4.0,-51.38940453841175
0.5138940453841175,0.06736589757023335,4.0,-54.83797599149054
0.5483797599149054,0.0845580722937789,0.0,-54.28718744625557
0.5428718744625558,0.07686680345830765,0.0,-52.2905068330575
0.5229050683305749,0.059674628734762106,4.0,-53.877583469708846
0.5387758346970885,0.06736589757023335,0.0,-53.47175535430715
0.5347175535430715,0.06038584349628304,0.0,-51.473865537670626
0.5147386553767063,0.04319366877273749,3.0,-52.12368691865383
0.5212368691865383,0.04522697582549173,3.0,-53.33113847336527
0.5333113847336527,0.050897131112573504,0.0,-51.87876215143569
0.5187876215143569,0.03736715664828676,0.0,-49.88720249800437
0.4988720249800437,0.020174981924741223,3.0,-50.433335435947555
0.5043333543594756,0.022208288977495466,2.0,-50.57804694139929
0.5057804694139929,0.02254831775986937,0.0,-48.722572489520495
0.48722572489520494,0.00695486128370028,1.0,-47.987207697543035
0.47987207697543033,2.330370699026617e-05,1.0,-47.16794402562133
0.47167944025621333,-0.00678485780188962,2.0,-47.25706190378128
0.47257061903781283,-0.006128209946491026,1.0,-46.46030412785747
0.46460304127857466,-0.012459420856679232,1.0,-45.70316421839144
0.4570316421839144,-0.018129576143761178,1.0,-44.77700179415061
0.4477700179415061,-0.024937737652641064,2.0,-44.52996486404169
0.44529964864041693,-0.024281089797242503,2.0,-44.38922925172704
0.44389229251727036,-0.024281089797242503,2.0,-44.29981579589655
0.4429981579589655,-0.023148502708864663,2.0,-44.16894393304007
0.4416894393304007,-0.023148502708864663,2.0,-43.99743636334315
0.4399743636334315,-0.02201591562048682,2.0,-43.87644796099309
0.4387644796099309,-0.02201591562048682,2.0,-43.71500421629129
0.4371500421629129,-0.020883328532108978,2.0,-43.60389957904195
0.4360389957904195,-0.020883328532108978,2.0,-43.54677609951832
0.4354677609951832,-0.019750741443731137,2.0,-43.44554150990571
0.43445541509905705,-0.019750741443731137,2.0,-43.30460934293606
0.4330460934293606,-0.018618154355353293,2.0,-43.21325991547795
0.4321325991547795,-0.018618154355353293,2.0,-43.08240823341003
0.4308240823341003,-0.017485567266975453,4.0,-44.873370050014486
0.4487337005001448,-0.0015473912655238665,4.0,-46.92040338441971
0.46920403384419707,0.01564478345802168,4.0,-49.50849800868429
0.49508498008684293,0.03401334681052252,1.0,-49.58275805644007
0.4958275805644007,0.03246004648241678,3.0,-50.59110564001884
0.5059110564001884,0.03777041245934309,2.0,-51.0328449668514
0.510328449668514,0.038110441241716995,3.0,-52.25198335698938
0.5225198335698937,0.0445778153820828,2.0,-52.598651123700634
0.5259865112370063,0.04491784416445671,3.0,-54.02738724638284
0.5402738724638284,0.05138521830482251,2.0,-54.43541122150825
0.5443541122150825,0.05172524708719642,2.0,-55.07236151090883
0.5507236151090883,0.05285783417557426,3.0,-56.61294923992091
0.5661294923992091,0.0594387198043501,3.0,-58.122894100551754
0.5812289410055176,0.06510887509143187,0.0,-56.55318154990322
0.5655318154990322,0.05157890062714514,0.0,-54.42790816814636
0.5442790816814636,0.03438672590359959,3.0,-54.99396729504396
0.5499396729504396,0.036420032956353834,0.0,-53.69711975037689
0.536971197503769,0.02337083286485875,3.0,-53.98082189584461
0.5398082189584461,0.024924133192964486,4.0,-56.67448389892918
0.5667448389892918,0.042245625258882175,4.0,-59.51904490783132
0.5951904490783132,0.059437799982427715,4.0,-63.10292119538979
0.6310292119538979,0.07780636333492855,3.0,-64.99814754532393
0.6499814754532394,0.08473792091163856,4.0,-68.78585300698154
0.6878585300698155,0.10182820494068384,0.0,-68.52618552161348
0.6852618552161348,0.09484815086673351,0.0,-66.21494151894771
0.6621494151894771,0.07765597614318798,0.0,-63.956406100924745
0.6395640610092475,0.05928741279068714,3.0,-64.69899821820282
0.6469899821820282,0.06084071311879287,3.0,-66.07898789345603
0.6607898789345603,0.06651086840587464,3.0,-67.94929215292365
0.6794929215292365,0.07331902991475453,0.0,-66.4503032127294
0.664503032127294,0.060269829823259444,3.0,-67.05542495750352
0.6705542495750352,0.061823130151365174,0.0,-65.55612346457687
0.6555612346457687,0.04877393005987009,4.0,-67.04810864351884
0.6704810864351884,0.055753984133820406,3.0,-68.79315571082232
0.6879315571082232,0.06268554171053042,0.0,-67.10578205940065
0.6710578205940065,0.04915556724624369,4.0,-68.7347665651622
0.687347665651622,0.05613562132019401,0.0,-68.00949189834049
0.6800949189834048,0.04915556724624369,0.0,-65.97791741075355
0.6597791741075355,0.03196339252269814,3.0,-66.4841755485768
0.664841755485768,0.033996699575452385,2.0,-66.89333636695758
0.6689333636695759,0.03433672835782629,4.0,-69.35549227600654
0.6935549227600655,0.04993018483399538,2.0,-70.28995248546212
0.7028995248546213,0.05266564696341389,2.0,-70.93586657503968
0.7093586657503969,0.05379823405179173,4.0,-74.09608976431134
0.7409608976431135,0.06973641005324328,4.0,-77.88884399118982
0.7788884399118982,0.08692858477678883,0.0,-77.19323994153818
0.7719323994153818,0.07923731594131758,0.0,-74.92552923764049
0.7492552923764049,0.062045141217772035,1.0,-74.37308688581894
0.7437308688581894,0.0553440240297913,1.0,-73.63677003674886
0.7363677003674887,0.04853586252091141,2.0,-74.33608075063549
0.7433608075063549,0.049192510376310006,2.0,-74.68205536739946
0.7468205536739946,0.049192510376310006,2.0,-75.29511407018798
0.7529511407018797,0.05032509746468785,1.0,-74.74998929903143
0.7474998929903143,0.043993886554499644,1.0,-74.35507997010889
0.743550799701089,0.03832373126741787,3.0,-75.4347733292097
0.754347733292097,0.04388366358026342,2.0,-75.77528088639879
0.7577528088639879,0.044223692362637325,2.0,-76.3409962099507
0.7634099620995071,0.04535627945101516,1.0,-75.9041920456311
0.759041920456311,0.039025068540826956,0.0,-73.64859683830512
0.7364859683830512,0.02170357647490927,3.0,-74.15135956688513
0.7415135956688513,0.023256876803015008,3.0,-75.05880971245432
0.7505880971245432,0.028927032090096776,3.0,-76.42042400522392
0.7642042400522392,0.03573519359897666,3.0,-77.61011324480373
0.7761011324480374,0.04140534888605843,3.0,-78.98861612254467
0.7898861612254466,0.04821351039493831,4.0,-179.00579284904893
