Lateral Error,Yaw Error,Action,Reward
-0.0016873108340727094,-0.0021388955184703682,3.0,-0.6501785881522144
0.006501785881522145,0.0043284786218951155,3.0,-1.231255472205849
0.01231255472205849,0.009998633908977548,1.0,-0.7153478917346556
0.007153478917346556,0.004438701596132341,3.0,-1.4471885568404637
0.014471885568404636,0.00974906757305831,3.0,-2.076121544237969
0.02076121544237969,0.01541922286014074,2.0,-2.2992373864412934
0.022992373864412934,0.015645848536773033,2.0,-2.482141974839954
0.02482141974839954,0.015645848536773033,3.0,-3.2716226579508416
0.032716226579508415,0.022113222677138476,3.0,-4.20793042033563
0.042079304203356295,0.027783377964220906,3.0,-5.3308039595313526
0.05330803959531353,0.03459153947310035,3.0,-6.402385970177989
0.0640238597017799,0.04026169476018301,2.0,-6.644562964110255
0.06644562964110255,0.0404883204368153,1.0,-6.253671252785422
0.06253671252785423,0.03402094629644985,2.0,-6.568707888885349
0.06568707888885349,0.0336809175140759,3.0,-7.529704232185438
0.07529704232185438,0.04014829165444135,2.0,-7.982741399683962
0.07982741399683962,0.0404883204368153,1.0,-7.591533029404091
0.0759153302940409,0.03402094629644985,1.0,-7.243748683324388
0.07243748683324389,0.028350791009367382,2.0,-7.324291938741614
0.07324291938741614,0.02812416533273509,2.0,-7.630108743906732
0.07630108743906731,0.02812416533273509,2.0,-7.935929595071549
0.07935929595071549,0.02812416533273509,2.0,-8.04284571807573
0.08042845718075729,0.02812416533273509,3.0,-9.149874334015903
0.09149874334015903,0.034591539473100535,3.0,-10.222996058965453
0.10222996058965453,0.040261694760183195,3.0,-11.28898626007249
0.1128898626007249,0.047069856269062633,1.0,-11.093990991106491
0.11093990991106491,0.04175949029213667,1.0,-10.807664201842687
0.10807664201842689,0.03608933500505401,3.0,-11.876121609835158
0.11876121609835158,0.041649267317899225,2.0,-12.14452811835592
0.1214452811835592,0.041989296100273174,1.0,-11.765373277113971
0.1176537327711397,0.03552192195990772,1.0,-11.427833056544346
0.11427833056544345,0.0298517666728252,4.0,-13.218869636799074
0.13218869636799074,0.043381741137111685,2.0,-14.028465897523589
0.14028465897523587,0.04611720326653024,2.0,-14.354657788950902
0.14354657788950903,0.04498461617815284,3.0,-15.405209023640145
0.15405209023640146,0.0513158270883407,3.0,-16.671537020772245
0.16671537020772245,0.05698598237542335,3.0,-18.132072777003
0.18132072777003,0.0637941438843028,4.0,-20.879901035686196
0.20879901035686194,0.08111563595022034,0.0,-20.728155031505622
0.20728155031505624,0.07413558187627002,2.0,-21.093053631597385
0.21093053631597386,0.07140011974685147,2.0,-21.636814156686228
0.21636814156686227,0.07026753265847406,2.0,-22.11318562700063
0.22113185627000628,0.07026753265847406,2.0,-22.64728146438841
0.22647281464388408,0.06913494557009667,2.0,-23.308070577956546
0.23308070577956547,0.06913494557009667,2.0,-23.63821257498688
0.23638212574986878,0.06800235848171926,2.0,-24.28929093479944
0.2428929093479944,0.06800235848171926,2.0,-24.804086778892437
0.24804086778892437,0.06686977139334187,2.0,-25.250921925344155
0.25250921925344155,0.06686977139334187,2.0,-25.75597342160863
0.2575597342160863,0.06573718430496446,1.0,-25.466096795883463
0.25466096795883464,0.059156298676188976,2.0,-25.99910832805701
0.2599910832805701,0.05881626989381502,0.0,-24.28889123140337
0.2428889123140337,0.043222813417646194,0.0,-22.472966569644484
0.22472966569644487,0.02603063869410109,2.0,-22.44456411997996
0.22444564119979962,0.02363902005915346,3.0,-23.55245051615753
0.2355245051615753,0.0301063941995189,3.0,-24.411297091408706
0.24411297091408707,0.03577654948660144,3.0,-25.66155792703288
0.2566155792703288,0.04258471099548089,0.0,-24.405918662519504
0.24405918662519505,0.02953551090398601,4.0,-25.413199923288595
0.254131999232886,0.036515564977936205,0.0,-24.904217843488045
0.24904217843488047,0.02953551090398601,2.0,-24.86112455840268
0.2486112455840268,0.026800048774567476,4.0,-27.181375932427
0.27181375932427,0.04239350525073633,0.0,-26.515705933395196
0.26515705933395195,0.03541345117678618,0.0,-24.664496997709946
0.24664496997709948,0.018221276453241078,4.0,-25.838321897088615
0.2583832189708862,0.02591254528871223,4.0,-28.181639521372773
0.2818163952137277,0.04310472001225734,0.0,-27.604518826745455
0.27604518826745456,0.03541345117678628,0.0,-25.7569626117824
0.25756962611782397,0.018221276453241175,3.0,-26.222495317942677
0.2622249531794268,0.02025458350599515,4.0,-28.50222931121116
0.2850222931121116,0.03757607557191261,0.0,-28.0011700883391
0.280011700883391,0.03059602149796243,0.0,-26.11284529818306
0.2611284529818306,0.013403846774417328,4.0,-27.033414438289945
0.27033414438289943,0.021095115609888474,4.0,-29.53199876312476
0.2953199876312476,0.03828729033343358,0.0,-28.92432557480161
0.2892432557480161,0.03059602149796249,0.0,-27.03915856135128
0.2703915856135128,0.013403846774417388,3.0,-27.259149060591035
0.27259149060591037,0.015437153827171366,3.0,-28.167457590193106
0.28167457590193107,0.0211073091142538,0.0,-26.721871273277262
0.26721871273277265,0.007577334649967226,4.0,-27.691520597004413
0.2769152059700441,0.014557388723917427,4.0,-29.900103162167962
0.2990010316216796,0.03174956344746253,0.0,-29.251875840914145
0.29251875840914143,0.02405829461199138,0.0,-27.34169260578205
0.2734169260578205,0.006866119888446276,4.0,-28.191680888606577
0.2819168088860658,0.014557388723917387,0.0,-27.534256068883142
0.27534256068883145,0.0075773346499671945,4.0,-28.50493673916997
0.2850493673916997,0.014557388723917396,0.0,-27.846188179225923
0.2784618817922592,0.007577334649967203,4.0,-28.61879331559344
0.2861879331559344,0.014557388723917404,0.0,-27.94952261452872
0.2794952261452872,0.007577334649967213,0.0,-25.980680405642072
0.2598068040564207,-0.009614840073577928,4.0,-26.65624994916743
0.2665624994916743,-0.0019235712381068081,4.0,-28.828010734388293
0.28828010734388293,0.015268603485438311,0.0,-28.087760676188847
0.28087760676188844,0.007577334649967203,0.0,-26.111535946249532
0.2611153594624953,-0.009614840073577937,4.0,-26.786477138951234
0.2678647713895123,-0.001923571238106817,4.0,-28.95662990217644
0.2895662990217644,0.015268603485438301,0.0,-28.217035958628003
0.28217035958628,0.0075773346499671945,4.0,-28.98986311613657
0.2898986311613657,0.014557388723917396,4.0,-31.401374889719182
0.3140137488971918,0.0317495634474625,0.0,-30.75216541792498
0.3075216541792498,0.02405829461199135,4.0,-31.700295963665237
0.31700295963665237,0.03103834868594159,0.0,-31.154374163214356
0.31154374163214354,0.024058294611991354,4.0,-31.706674959836025
0.31706674959836023,-0.023259068050053202,1.0,-31.224902263005543
0.31224902263005544,-0.02481236837815869,0.0,-29.123625097805686
0.2912362509780569,-0.04213386044407619,1.0,-28.020117877979672
0.2802011787797967,-0.049065418020786726,1.0,-26.883716140833634
0.26883716140833636,-0.055873579529666206,1.0,-25.84352378561068
0.25843523785610684,-0.06154373481674867,1.0,-24.626447170645474
0.24626447170645474,-0.06835189632562816,1.0,-23.292231704984992
0.23292231704984992,-0.07402205161271062,1.0,-21.978149175005953
0.2197814917500595,-0.08083021312159007,1.0,-20.749157312023726
0.20749157312023728,-0.08650036840867248,1.0,-19.14292663474663
0.19142926634746632,-0.09330852991755192,1.0,-17.82336229560829
0.17823362295608292,-0.09897868520463436,2.0,-16.842323049005767
0.16842323049005767,-0.09920531088126666,2.0,-15.774956219971195
0.15774956219971195,-0.10033789796964426,2.0,-15.032896903783497
0.15032896903783496,-0.10033789796964426,2.0,-13.956235983108689
0.1395623598310869,-0.10147048505802175,4.0,-14.745845799905373
0.14745845799905372,-0.08624439984890281,4.0,-15.756459016298765
0.15756459016298766,-0.06905222512535769,4.0,-17.10055195360959
0.17100551953609588,-0.05068366177285715,4.0,-18.722206155598734
0.18722206155598736,-0.03349148704931205,3.0,-19.196902354844678
0.19196902354844678,-0.02679036986133076,3.0,-19.767092006942633
0.19767092006942635,-0.019982208352451316,2.0,-19.45477950265611
0.19454779502656108,-0.020638856207849478,2.0,-19.188435504799614
0.1918843550479961,-0.020638856207849478,2.0,-19.009351541057594
0.19009351541057593,-0.02177144329622699,1.0,-18.097345222483515
0.18097345222483513,-0.028352328925002467,2.0,-17.74472002413703
0.1774472002413703,-0.02869235770737641,0.0,-15.697549098523172
0.15697549098523172,-0.04428581418354535,2.0,-15.095763209942772
0.15095763209942772,-0.047021276312963885,2.0,-14.47451553635537
0.1447451553635537,-0.04815386340134151,3.0,-14.757937017209152
0.1475793701720915,-0.04182265249115365,1.0,-13.88320990295172
0.13883209902951718,-0.047133018468079615,2.0,-13.363509784531459
0.1336350978453146,-0.04747304725045356,2.0,-12.738682667983879
0.12738682667983878,-0.04860563433883118,2.0,-12.44795170874179
0.12447951708741792,-0.04860563433883118,0.0,-10.080659916292236
0.10080659916292237,-0.0641990908150001,2.0,-9.313645284535783
0.09313645284535783,-0.06693455294441862,4.0,-10.135444013979935
0.10135444013979936,-0.12906213076667153,4.0,-10.718466445743145
0.10718466445743144,-0.11186995604312641,2.0,-10.055985243209998
0.10055985243209997,-0.10947833740817876,4.0,-10.813804295440601
0.10813804295440602,-0.09388488093200988,2.0,-10.160184659077965
0.10160184659077964,-0.09114941880259131,2.0,-9.224344377963709
0.09224344377963709,-0.09228200589096872,2.0,-8.415132893801422
0.08415132893801422,-0.09228200589096872,1.0,-6.803027046397924
0.06803027046397923,-0.09874938003133416,1.0,-5.2563023908098225
0.05256302390809823,-0.1044195353184166,1.0,-3.524023502405615
0.03524023502405615,-0.11122769682729605,1.0,-1.8720525955402547
0.018720525955402547,-0.11689785211437846,1.0,-0.07043706845076823
0.0007043706845076824,-0.12370601362325791,1.0,-1.7151319464102102
-0.017151319464102102,-0.12937616891034034,3.0,-2.3648452668903674
-0.023648452668903676,-0.12381623659749515,3.0,-2.760613108937134
-0.027606131089371343,-0.11814608131041271,3.0,-2.9732800848387564
-0.029732800848387565,-0.11133791980153328,3.0,-3.2442786685507388
-0.03244278668550739,-0.10566776451445084,3.0,-3.371413814207827
-0.03371413814207827,-0.0988596030055714,2.0,-4.28863602496284
-0.0428863602496284,-0.09951625086096967,2.0,-5.1597105612188905
-0.05159710561218891,-0.09951625086096967,1.0,-6.984873926713945
-0.06984873926713944,-0.1059836250013351,1.0,-8.575568819757743
-0.08575568819757742,-0.11165378028841755,1.0,-10.553786450912346
-0.10553786450912346,-0.11846194179729698,2.0,-11.81498739668852
-0.11814987396688521,-0.11880197057967093,1.0,-13.606425317642639
-0.1360642531764264,-0.12526934472003637,2.0,-14.937604224364469
-0.1493760422436447,-0.1256093735024103,2.0,-16.357184382471978
-0.16357184382471976,-0.13355362395125747,2.0,-17.45073760044638
-0.1745073760044638,-0.13355362395125747,2.0,-18.880824771926765
-0.18880824771926766,-0.13468621103963507,4.0,-18.018340627667587
-0.1801834062766759,-0.11946012583051617,2.0,-18.66281518086186
-0.18662815180861858,-0.11672466370109762,0.0,-22.024210559699632
-0.2202421055969963,-0.13231812017726655,4.0,-22.12584204009991
-0.22125842040099913,-0.12533806610331635,2.0,-22.81984082857758
-0.2281984082857758,-0.12260260397389781,4.0,-21.657465565177397
-0.21657465565177397,-0.10700914749772886,1.0,-22.903869822100233
-0.22903869822100234,-0.10856244782583435,1.0,-24.8106983481436
-0.248106983481436,-0.11423260311291678,4.0,-23.85553875182398
-0.2385553875182398,-0.10070262864863024,3.0,-23.732673359756188
-0.23732673359756187,-0.09377107107191952,1.0,-25.295456601484506
-0.25295456601484506,-0.09933100338476471,1.0,-27.10339462648678
-0.27103394626486776,-0.10500115867184735,1.0,-29.111105636921337
-0.29111105636921336,-0.11180932018072683,4.0,-28.230677868762193
-0.28230677868762194,-0.09876012008923195,1.0,-29.17850676765323
-0.2917850676765323,-0.10031342041733744,1.0,-30.99758133319691
-0.3099758133319691,-0.10598357570442007,4.0,-29.831310720545684
-0.29831310720545684,-0.09245360124013358,1.0,-30.950991244858358
-0.30950991244858356,-0.09400690156823906,1.0,-32.70166629363494
-0.32701666293634946,-0.0996770568553217,4.0,-31.507089672246504
-0.315070896722465,-0.08614708239103522,0.0,-33.30567175610794
-0.33305671756107935,-0.09312713646498537,4.0,-33.194955912101435
-0.3319495591210143,-0.08614708239103522,1.0,-34.02553171846881
-0.3402553171846881,-0.0877003827191407,4.0,-33.028504496050594
-0.330285044960506,-0.07465118262764588,4.0,-31.220298678590876
-0.31220298678590874,-0.05745900790410055,0.0,-32.79169200247935
-0.3279169200247935,-0.0651502767395718,0.0,-35.753315912614205
-0.35753315912614203,-0.08234245146311692,4.0,-35.09710854221392
-0.3509710854221392,-0.0005396417625352543,1.0,-35.43000522030919
-0.3543000522030919,-0.0020929420906407327,1.0,-35.97033017919414
-0.35970330179194143,-0.007763097377723384,1.0,-36.906600438201764
-0.36906600438201764,-0.01457125888660283,2.0,-37.04188224558669
-0.37041882245586694,-0.014911287668976779,2.0,-37.4713658808708
-0.374713658808708,-0.01604387475735418,2.0,-37.577612370610815
-0.3757761237061082,-0.01604387475735418,2.0,-37.82045482737728
-0.3782045482737728,-0.01717646184573158,2.0,-37.97080980939865
-0.37970809809398653,-0.01717646184573158,1.0,-38.934774304806304
-0.3893477430480631,-0.02364383598609703,3.0,-38.6005877077877
-0.38600587707787704,-0.018333470009171064,3.0,-37.987546142670894
-0.3798754614267089,-0.012663314722088412,2.0,-38.15733081977621
-0.38157330819776214,-0.013456017424995774,2.0,-38.240112643786155
-0.38240112643786156,-0.013456017424995774,2.0,-38.45949192381577
-0.3845949192381577,-0.014588604513373175,2.0,-38.55251901563778
-0.38552519015637776,-0.014588604513373175,2.0,-38.97906750480213
-0.3897906750480213,-0.015721191601750575,3.0,-38.27107852671385
-0.38271078526713853,-0.009389980691562713,3.0,-37.59977187436194
-0.3759977187436194,-0.0037198254044800614,1.0,-38.335020831467666
-0.38335020831467664,-0.00927975771732527,1.0,-39.15001010755041
-0.39150010107550404,-0.014949913004407922,1.0,-40.16442369617464
-0.40164423696174634,-0.021758074513287366,2.0,-40.36415146125046
-0.40364151461250464,-0.022098103295661316,0.0,-42.73041749134074
-0.4273041749134074,-0.03769155977183022,4.0,-42.13463951280491
-0.42134639512804906,-0.030711505697879993,4.0,-40.07696380303328
-0.4007696380303328,-0.01351933097433489,2.0,-39.9380701350188
-0.39938070135018794,-0.011127712339387242,2.0,-39.90258962384035
-0.3990258962384035,0.011198673284892475,2.0,-39.97484934323666
-0.3997484934323666,0.011198673284892475,2.0,-39.98699443102757
-0.39986994431027567,0.010066086196515075,2.0,-39.87266431616435
-0.39872664316164347,0.010066086196515075,2.0,-39.89480786424661
-0.39894807864246606,0.008933499108137675,2.0,-39.79047704939303
-0.39790477049393036,0.008933499108137675,2.0,-39.82262046274103
-0.3982262046274103,0.007800912019760274,2.0,-39.72829050117458
-0.3972829050117458,0.007800912019760274,1.0,-40.47761406690217
-0.4047761406690217,0.001333537879394824,1.0,-41.23457505893438
-0.41234575058934386,-0.004336617407687827,1.0,-42.16521809449255
-0.4216521809449255,-0.011144778916567273,1.0,-42.837046088731384
-0.4283704608873139,-0.0168149342036497,4.0,-41.35928850182515
-0.4135928850182514,-0.003284959739363152,0.0,-42.27238418265471
-0.4227238418265471,-0.010265013813313328,4.0,-41.45628700954957
-0.41456287009549564,-0.003284959739363152,0.0,-42.36794278585457
-0.4236794278585457,-0.010265013813313328,2.0,-42.72792166779654
-0.4272792166779654,-0.01300047594273186,2.0,-42.95497968867706
-0.42954979688677053,-0.01413306303110948,1.0,-43.968846540543694
-0.439688465405437,-0.02071394865988496,4.0,-42.56629493563032
-0.42566294935630317,-0.007664748568390012,1.0,-42.755319746332425
-0.42755319746332426,-0.00921804889649549,4.0,-41.31408381278384
-0.4131408381278384,0.0038311511949993466,2.0,-40.98266824303276
-0.4098266824303276,0.006566613324417897,3.0,-40.06892975368417
-0.4006892975368418,0.013033987464783348,3.0,-39.404010958297704
-0.394040109582977,0.018704142751866,1.0,-39.758247886833516
-0.3975824788683352,0.01314421043902079,2.0,-39.65885304229906
-0.3965885304229905,0.012804181656646839,2.0,-39.81559404772924
-0.3981559404772924,0.011671594568269439,0.0,-41.50623713521447
-0.4150623713521447,-0.0042665814331818465,4.0,-40.82453892805081
-0.40824538928050813,0.0027134726407683036,0.0,-41.47154686508188
-0.4147154686508189,0.08827718930041474,2.0,-40.779753316722065
-0.40779753316722067,0.08554172717099617,4.0,-38.85624325461019
-0.38856243254610195,0.101135183647165,4.0,-36.500681299382286
-0.36500681299382287,0.11832735837071011,3.0,-34.99576235867178
-0.34995762358671784,0.12502847555869157,3.0,-33.244512946461704
-0.332445129464617,0.13183663706757145,2.0,-32.12443446415533
-0.32124434464155327,0.1311799892121729,0.0,-32.257723708628106
-0.32257723708628105,0.11524181321072154,0.0,-32.536591432136476
-0.3253659143213648,0.09804963848717643,0.0,-33.40910269346882
-0.3340910269346882,0.079681075134676,2.0,-33.00031792585479
-0.3300031792585479,0.07694561300525744,2.0,-32.45442095765207
-0.32454420957652064,0.07581302591687984,2.0,-31.762464951021236
-0.31762464951021235,0.07581302591687984,2.0,-31.226324536535678
-0.31226324536535677,0.07468043882850221,2.0,-30.563686767892314
-0.3056368676789231,0.07468043882850221,2.0,-30.018613254374664
-0.3001861325437466,0.0735478517401246,2.0,-29.365729202437677
-0.2936572920243768,0.0735478517401246,2.0,-28.831367876157074
-0.2883136787615707,0.07241526465174697,2.0,-28.188241255376397
-0.28188241255376395,0.07241526465174697,2.0,-27.465340137830395
-0.27465340137830396,0.07128267756336935,2.0,-26.831990386890624
-0.26831990386890625,0.07128267756336935,2.0,-25.720979956567977
-0.2572097995656798,0.15597558753517723,3.0,-23.773820978390884
-0.23773820978390883,0.16230679844536508,2.0,-22.17764662630254
-0.2217764662630254,0.16165015058996673,3.0,-20.17009738739504
-0.20170097387395042,0.16798136150015458,3.0,-17.991611553882738
-0.1799161155388274,0.17365151678723717,1.0,-16.837572988631003
-0.16837572988631005,0.16809158447439193,2.0,-15.333754156551823
-0.1533375415655182,0.167751555692018,1.0,-14.348031513729714
-0.14348031513729714,0.16128418155165253,2.0,-12.706143484970129
-0.12706143484970128,0.1609441527692786,4.0,-9.62281740787013
-0.0962281740787013,0.17653760924544748,0.0,-8.590764693341272
-0.08590764693341271,0.16955755517149734,0.0,-8.87137422299636
-0.08871374222996362,0.15236538044795223,2.0,-7.7771699242792645
-0.07777169924279265,0.1499737618130046,2.0,-6.332498769778566
-0.06332498769778566,0.148841174724627,2.0,-4.971942154863795
-0.04971942154863795,0.148841174724627,1.0,-4.381263551231374
-0.04381263551231374,0.07608219909409794,2.0,-3.718725390212654
-0.03718725390212654,0.075742170311724,1.0,-3.794442347265857
-0.03794442347265857,0.06927479617135851,2.0,-3.191411725875616
-0.03191411725875616,0.06893476738898457,0.0,-4.423112146931895
-0.04423112146931894,0.05334131091281566,0.0,-6.00652907999517
-0.060065290799951696,0.03614913618927055,0.0,-7.893561094464204
-0.07893561094464203,0.01778057283677001,0.0,-9.84710662248023
-0.0984710662248023,0.0005883981132249064,2.0,-10.110831097562185
-0.10110831097562185,-0.0018032205217227415,0.0,-12.061282374568636
-0.12061282374568635,-0.01739667699789162,0.0,-14.237279037780965
-0.14237279037780964,-0.034588851721437164,2.0,-14.816764258653558
-0.1481676425865356,-0.0369804703563848,2.0,-15.257386681283114
-0.15257386681283114,-0.038113057444762635,1.0,-16.49486923295236
-0.16494869232952364,-0.044693943073538515,1.0,-17.620951260241217
-0.17620951260241216,-0.05036409836062117,2.0,-18.07302117037491
-0.1807302117037491,-0.050590724037253454,1.0,-19.42348786676709
-0.1942348786676709,-0.057058098177619296,1.0,-20.66635366940217
-0.2066635366940217,-0.06272825346470194,1.0,-22.178134450063492
-0.2217813445006349,-0.06953641497358183,4.0,-21.08991497615522
-0.21089914976155222,-0.05648721488208675,4.0,-19.268529428098994
-0.19268529428098996,-0.039295040158541204,1.0,-20.455885412578976
-0.20455885412578975,-0.11259447362236036,4.0,-19.820833643078394
-0.19820833643078392,-0.09954527353086527,4.0,-18.290372647463872
-0.18290372647463873,-0.08235309880731985,4.0,-16.5244893766673
-0.165244893766673,-0.06398453545481946,2.0,-16.647650984684095
-0.16647650984684095,-0.0612490733254009,2.0,-17.48907051302819
-0.17489070513028188,-0.06238166041377831,2.0,-17.972273608129417
-0.17972273608129416,-0.06238166041377831,2.0,-18.591927689427415
-0.18591927689427415,-0.0635142475021557,2.0,-19.282084223813943
-0.19282084223813942,-0.0635142475021557,3.0,-18.964569982736194
-0.18964569982736193,-0.057046873361790255,3.0,-18.658651665694503
-0.18658651665694503,-0.0513767180747076,3.0,-18.174775209095518
-0.18174775209095517,-0.04456855656582816,3.0,-17.976160876103005
-0.17976160876103006,-0.03889840127874573,1.0,-18.962514482489947
-0.18962514482489948,-0.044458333591590925,1.0,-20.023811322560867
-0.20023811322560867,-0.050128488878673494,0.0,-22.849022848890375
-0.22849022848890374,-0.06721877290771841,4.0,-22.455829692503514
-0.22455829692503512,-0.06023871883376826,4.0,-20.684358232767117
-0.20684358232767117,-0.043046544110223156,1.0,-21.450803491218437
-0.21450803491218434,-0.04507985116297712,1.0,-22.517853344285783
-0.22517853344285782,-0.050750006450059705,1.0,-23.809894036407453
-0.23809894036407453,-0.05755816795893915,4.0,-22.753372096244572
-0.22753372096244573,-0.044508967867444287,0.0,-23.944514459278437
-0.23944514459278438,-0.05148902194139446,4.0,-23.668129663157515
-0.23668129663157514,-0.08251288147908727,4.0,-21.99765956129429
-0.21997659561294292,-0.06532070675554216,4.0,-20.12246431172748
-0.20122464311727478,-0.04695214340304164,2.0,-20.199027632692314
-0.20199027632692315,-0.0442166812736231,2.0,-20.727071015970672
-0.20727071015970672,-0.04534926836200071,2.0,-21.128608618196072
-0.2112860861819607,-0.04534926836200071,2.0,-21.66729826350137
-0.2166729826350137,-0.04648185545037833,2.0,-22.078055100705896
-0.22078055100705898,-0.04648185545037833,2.0,-22.627005093567888
-0.2262700509356789,-0.04761444253875593,2.0,-23.048557492993066
-0.23048557492993066,-0.04761444253875593,2.0,-23.60654058322577
-0.23606540583225769,-0.04874702962713355,4.0,-22.031085267975662
-0.22031085267975664,-0.03352094441801464,2.0,-21.99786821632994
-0.2199786821632994,-0.03078548228859611,2.0,-22.407373481361358
-0.22407373481361356,-0.03191806937697373,2.0,-22.690407331307526
-0.22690407331307524,-0.03191806937697373,3.0,-22.216330308545928
-0.22216330308545928,-0.02545069523660829,3.0,-21.786199759670733
-0.21786199759670732,-0.019780539949525854,2.0,-22.056157872361823
-0.22056157872361823,-0.020573242652433422,1.0,-23.005442106328363
-0.23005442106328364,-0.0271541282812089,0.0,-25.496073932106704
-0.254960739321067,-0.044475620347126335,4.0,-24.885865456537882
-0.2488586545653788,-0.03749556627317613,4.0,-23.020373501370862
-0.23020373501370864,-0.02030339154963102,0.0,-24.25949607910859
-0.24259496079108592,-0.027994660385102146,0.0,-26.746410081577455
-0.26746410081577454,-0.04518683510864727,4.0,-26.055694536262436
-0.26055694536262436,-0.037495566273176156,4.0,-24.188070931691673
-0.24188070931691671,-0.020303391549631046,2.0,-24.087968180887668
-0.24087968180887667,-0.017911772914683412,2.0,-24.383552588166562
-0.24383552588166563,-0.019044360003061034,2.0,-24.55268624072549
-0.2455268624072549,-0.019044360003061034,1.0,-25.471077989176983
-0.2547107798917698,-0.025511734143426473,2.0,-25.73983368529059
-0.2573983368529059,-0.025851762925800416,1.0,-26.917604492768152
-0.26917604492768155,-0.032319137066165855,4.0,-25.51917404298695
-0.2551917404298695,-0.01926993697467093,1.0,-25.861100241695098
-0.25861100241695095,-0.02082323730277641,1.0,-26.70108203295692
-0.2670108203295692,-0.02649339258985884,4.0,-25.400716002368505
-0.25400716002368506,-0.012963418125572229,1.0,-25.686826191363572
-0.2568682619136357,-0.014516718453677711,1.0,-26.4643034790585
-0.264643034790585,-0.020186873740760142,2.0,-26.671809952049927
-0.2667180995204993,-0.020413499417392435,2.0,-26.989556115485996
-0.26989556115485996,-0.021546086505770057,2.0,-27.180840116214316
-0.27180840116214317,-0.021546086505770057,2.0,-27.508608686502395
-0.27508608686502395,-0.022678673594147675,2.0,-27.70991216596994
-0.2770991216596994,-0.022678673594147675,1.0,-28.653642339819395
-0.28653642339819396,-0.02914604773451312,2.0,-28.95469764825714
-0.28954697648257144,-0.02948607651688706,1.0,-30.178383584485715
-0.30178383584485713,-0.0359534506572525,4.0,-28.80301575845765
-0.2880301575845765,-0.0229042505657576,0.0,-29.782936856674116
-0.29782936856674114,-0.029884304639707805,2.0,-30.378237083543553
-0.3037823708354355,-0.03261976676912634,4.0,-28.68717941024954
-0.2868717941024954,-0.017026310292957397,2.0,-28.53618469271477
-0.28536184692714767,-0.01429084816353886,2.0,-28.78082846745162
-0.2878082846745162,-0.015423435251916482,2.0,-28.936379769500718
-0.2893637976950072,-0.015423435251916482,2.0,-29.191676953337627
-0.2919167695333763,-0.016556022340294102,2.0,-29.356643690007896
-0.29356643690007894,-0.016556022340294102,2.0,-29.622575407549174
-0.29622575407549173,-0.017688609428671724,2.0,-29.796967293398417
-0.29796967293398413,-0.017688609428671724,4.0,-28.042416579819896
-0.28042416579819895,-0.0020951529525027957,4.0,-26.052633526467904
-0.26052633526467905,0.015097021771042307,2.0,-25.66063650727648
-0.2566063650727648,0.017488640405989957,2.0,-25.60331822145041
-0.2560331822145041,0.016356053317612557,3.0,-24.620650365294164
-0.24620650365294164,0.022687264227800416,3.0,-23.868793596640792
-0.23868793596640794,0.02835741951488307,2.0,-23.665729446073346
-0.23665729446073347,0.027564716811975705,2.0,-23.466370458085496
-0.23466370458085498,0.027564716811975705,2.0,-23.313292798320546
-0.23313292798320545,0.026432129723598305,2.0,-23.1233121251668
-0.231233121251668,0.026432129723598305,2.0,-22.980905350332325
-0.22980905350332326,0.025299542635220905,2.0,-22.800286787249
-0.22800286787249,0.025299542635220905,2.0,-22.668581419464395
-0.22668581419464395,0.024166955546843505,1.0,-23.164837701243037
-0.23164837701243038,0.017586069918068013,1.0,-23.81497960272132
-0.2381497960272132,0.011915914630985363,4.0,-22.13628099233507
-0.22136280992335072,0.025445889095271852,2.0,-21.61655713383894
-0.21616557133838937,0.028181351224690402,2.0,-21.50284427075701
-0.2150284427075701,0.027048764136313002,2.0,-21.26266904323095
-0.21262669043230947,0.027048764136313002,3.0,-20.14474547072773
-0.20144745470727732,0.03351613827667845,3.0,-19.26594768496515
-0.1926594768496515,0.039186293563761104,2.0,-19.012715636654217
-0.19012715636654215,0.03839359086085333,2.0,-18.672340312581397
-0.18672340312581398,0.03839359086085333,2.0,-18.4684254244197
-0.184684254244197,0.037261003772475494,2.0,-18.1380256604813
-0.181380256604813,0.037261003772475494,2.0,-17.944090639312073
-0.17944090639312074,0.03612841668409765,2.0,-17.623675620214442
-0.17623675620214443,0.03612841668409765,2.0,-17.439730184960904
-0.17439730184960905,0.034995829595719806,3.0,-16.473360620111098
-0.16473360620111097,0.04132704050590805,1.0,-16.637137645563737
-0.16637137645563735,0.03601667452898174,1.0,-16.952687236432013
-0.16952687236432012,0.030346519241899086,2.0,-16.711694077586593
-0.16711694077586595,0.03011989356526679,0.0,-18.343114324589898
-0.183431143245899,0.014526437089097965,0.0,-20.328268866761103
-0.20328268866761104,-0.0026657376344471385,0.0,-22.462639301426247
-0.22462639301426246,-0.021034300986947724,4.0,-21.87144200166089
-0.2187144200166089,-0.014054246912997484,4.0,-19.870586090714614
-0.19870586090714612,0.0031379278105476225,2.0,-19.576501791185024
-0.19576501791185025,0.005529546445495271,2.0,-19.664013319624424
-0.19664013319624424,0.004396959357117871,2.0,-19.625114856043467
-0.19625114856043469,0.004396959357117871,2.0,-19.722753995397465
-0.19722753995397463,0.00326437226874047,2.0,-19.724082427645996
-0.19724082427645998,0.00326437226874047,1.0,-20.415316931695436
-0.20415316931695435,-0.0032030018716249806,1.0,-21.07818767333442
-0.2107818767333442,-0.008873157158707495,4.0,-19.675728509296544
-0.19675728509296544,0.0046568173055789985,1.0,-19.80511201317708
-0.1980511201317708,0.0031035169774735203,2.0,-19.8197859645226
-0.19819785964522602,0.00276348819509957,2.0,-19.931635228892524
-0.19931635228892525,0.0016309011067221699,1.0,-20.65405546600975
-0.20654055466009752,-0.004949984522053322,4.0,-19.06052223994576
-0.19060522239945762,0.008099215569441506,2.0,-18.683188096860242
-0.18683188096860243,0.010834677698860056,2.0,-18.723545061407208
-0.1872354506140721,0.009702090610482656,2.0,-18.63749295268225
-0.18637492952682252,0.009702090610482656,1.0,-119.23209663222822
