Lateral Error,Yaw Error,Action,Reward
-0.0012435110021349835,-0.000580451133451387,3.0,-0.7632187831042642
0.007632187831042641,0.005886923006914417,4.0,-2.7987889129529684
0.027987889129529687,0.023208415072832105,4.0,-5.108855079519067
0.05108855079519067,0.04040058979637765,4.0,-7.859145811060068
0.07859145811060067,0.058769153148878484,0.0,-7.497848441593192
0.07497848441593191,0.051789099074928166,4.0,-8.684628611307891
0.08684628611307892,0.058769153148878484,0.0,-8.457472703579432
0.08457472703579433,0.051789099074928166,0.0,-6.807026927516225
0.06807026927516226,0.034596924351382626,2.0,-6.76474684271164
0.0676474684271164,0.032205305716435026,2.0,-6.825383283502254
0.06825383283502254,0.031072718628057185,3.0,-7.931943958695208
0.07931943958695208,0.037403929538245395,4.0,-10.360610706395528
0.10360610706395527,0.05472542160416308,0.0,-9.968529648853787
0.09968529648853787,0.04774536753021276,0.0,-8.2934526841287
0.082934526841287,0.03055319280666722,4.0,-9.500541098390098
0.09500541098390097,0.03824446164213846,0.0,-8.97193099351751
0.0897193099351751,0.03126440756818814,3.0,-9.490144993229844
0.09490144993229845,0.03281770789629388,3.0,-10.37698215896203
0.1037698215896203,0.038487863183375645,0.0,-9.09048663827366
0.09090486638273661,0.02495788871908891,4.0,-10.154800680223694
0.10154800680223694,0.03193794279303923,0.0,-9.57587323310971
0.09575873233109711,0.02495788871908891,0.0,-7.730680128756257
0.07730680128756257,0.007765713995543366,0.0,-5.617458116628659
0.05617458116628658,-0.01060284935695747,4.0,-6.241457909097643
0.06241457909097643,-0.003622795283007152,1.0,-6.114851923554525
0.06114851923554525,-0.005176095611112886,1.0,-5.359909013293183
0.05359909013293183,-0.010846250898194654,1.0,-4.423945172054488
0.04423945172054487,-0.006367580467250764,1.0,-3.66263896428023
0.03662638964280231,-0.012037735754333416,1.0,-2.8928481531311014
0.02892848153131101,-0.018845897263213302,0.0,-0.5475508667154321
0.005475508667154321,-0.03616738932913099,0.0,-1.7935751373988584
-0.017935751373988583,-0.053359564052676535,1.0,-3.089663887129128
-0.030896638871291283,-0.060060681240658,1.0,-4.389411826735184
-0.04389411826735184,-0.06686884274953789,3.0,-4.357194490750734
-0.04357194490750734,-0.06155847677261157,3.0,-4.230541216746032
-0.042305412167460324,-0.05588832148552892,3.0,-3.9180334180536387
-0.03918033418053639,-0.04908015997664903,3.0,-3.755943106598422
-0.037559431065984215,-0.043410004689566385,0.0,-5.6971350290275655
-0.056971350290275655,-0.05693997915385314,4.0,-5.402553216131549
-0.05402553216131549,-0.049959925079902816,4.0,-3.6794782201844614
-0.03679478220184461,-0.032767750356357275,4.0,-1.6858781810976358
-0.01685878181097636,-0.014399187003856439,4.0,-0.2378503000956263
0.002378503000956263,0.002792987719689106,4.0,-2.4489008045680905
0.024489008045680903,0.021161551072189942,4.0,-4.791942639589858
0.04791942639589858,0.03835372579573549,0.0,-4.204619447309491
0.042046194473094906,0.03066245696026424,0.0,-2.2658849021807943
0.022658849021807946,0.013470282236718697,0.0,-0.3198455569120289
0.0031984555691202893,-0.004898281115782139,0.0,-1.8214350855602017
-0.018214350855602017,-0.022090455839327682,2.0,-2.333265717885407
-0.02333265717885407,-0.024482074474275313,4.0,-0.7042638977516057
-0.007042638977516056,-0.008888617998106188,4.0,-1.2808354139696214
0.012808354139696216,0.008303556725439356,0.0,-0.5994581389001047
0.005994581389001047,0.0006122878899681116,0.0,-1.4922960062488853
-0.014922960062488852,-0.01657988683357743,3.0,-1.429961098524153
-0.014299610985241532,-0.01454657978082319,3.0,-0.8972441158034216
-0.008972441158034215,-0.008876424493740539,2.0,-1.0911096451064257
-0.010911096451064257,-0.009669127196648308,3.0,-0.4406108834684092
-0.004406108834684092,-0.0033379162864600838,2.0,-0.5682874976886425
-0.005682874976886425,-0.003994564141858678,1.0,-1.4157364984435041
-0.014157364984435043,-0.010575449770634524,1.0,-2.2135595365716494
-0.022135595365716493,-0.016245605057717175,0.0,-4.347811243711156
-0.04347811243711156,-0.033335889086762445,3.0,-4.4901305661759405
-0.04490130566175941,-0.03178258875865671,3.0,-4.106810567475305
-0.04106810567475305,-0.02611243347157406,3.0,-3.4434020195787998
-0.03443402019578799,-0.01930427196269417,1.0,-4.179835891733256
-0.041798358917332565,-0.0006524056814438431,1.0,-4.835033298544969
-0.0483503329854497,-0.006322560968526495,1.0,-5.678255001614174
-0.05678255001614174,-0.013130722477406381,1.0,-6.4450895037191085
-0.06445089503719108,-0.01880087776448903,1.0,-7.585959517213425
-0.07585959517213425,-0.025609039273368918,1.0,-8.464508884538734
-0.08464508884538735,-0.03127919456045157,1.0,-9.46437931347672
-0.0946437931347672,-0.03808735606933146,4.0,-8.34920170996113
-0.08349201709961131,-0.025038155977836374,4.0,-6.510281888350196
-0.06510281888350196,-0.007845981254290828,4.0,-4.327720798699612
-0.043277207986996115,0.010522582098210009,0.0,-5.009557872262702
-0.05009557872262702,0.0035425280242596907,0.0,-7.111869731688369
-0.0711186973168837,-0.013649646699285855,3.0,-6.970218724542291
-0.0697021872454229,-0.011616339646531611,3.0,-6.252310042375301
-0.062523100423753,-0.0059461843594489595,0.0,-8.070678478302359
-0.08070678478302358,-0.019476158823735712,3.0,-8.03985355787053
-0.08039853557870529,-0.017922858495629978,1.0,-8.801133516937492
-0.08801133516937491,-0.02323322447255629,3.0,-8.41445945539364
-0.08414459455393639,-0.017922858495629978,3.0,-7.749713985272293
-0.07749713985272293,-0.012252703208547327,3.0,-7.084718774796749
-0.07084718774796749,-0.005444541699667441,3.0,-6.498648869095309
-0.0649864886909531,0.0002256135874152104,3.0,-5.547538750915652
-0.05547538750915652,0.007033775096295097,1.0,-6.26562444357249
-0.0626562444357249,0.0017234091193687854,0.0,-8.220560208618723
-0.08220560208618723,-0.015598082946548903,3.0,-8.23280399669284
-0.0823280399669284,-0.014044782618443167,3.0,-7.720487052727179
-0.07720487052727179,-0.008374627331360516,3.0,-7.022844223639607
-0.07022844223639607,-0.0015664658224806296,0.0,-8.479363061278944
-0.08479363061278944,-0.014615665913975714,3.0,-8.483108945463076
-0.08483108945463076,-0.013062365585869979,0.0,-10.232100617428877
-0.10232100617428877,-0.026111565677365063,0.0,-12.496974432918426
-0.12496974432918426,-0.04330374040091061,4.0,-11.886445228024412
-0.11886445228024412,-0.03561247156543936,0.0,-13.111584287555331
-0.1311158428755533,-0.04259252563938968,4.0,-12.582428609892382
-0.12582428609892382,-0.03561247156543936,0.0,-13.806923389952143
-0.13806923389952144,-0.04259252563938968,0.0,-16.443583868876004
-0.16443583868876005,-0.05978470036293523,0.0,-19.127113941074363
-0.19127113941074364,-0.039830904783096505,3.0,-19.422479186991588
-0.19422479186991587,-0.038277604454991024,3.0,-18.88569885529233
-0.18885698855292327,-0.03260744916790837,3.0,-18.320959987792545
-0.18320959987792546,-0.02579928765902893,3.0,-17.888544681983316
-0.17888544681983315,-0.020129132371946277,3.0,-17.224742232651586
-0.17224742232651585,-0.013320970863066389,3.0,-16.700955014251882
-0.16700955014251884,-0.007650815575983738,3.0,-15.93836985620759
-0.1593836985620759,-0.0008426540671038519,3.0,-15.257266407916546
-0.15257266407916545,0.0048275012199788,3.0,-14.463599219313323
-0.14463599219313322,0.011635662728858687,0.0,-15.834332979379457
-0.15834332979379456,-0.0014135373626363984,3.0,-15.606166251036843
-0.15606166251036843,0.00013976296546933613,3.0,-14.918839869223925
-0.14918839869223927,0.005809918252551988,3.0,-14.049115867397168
-0.1404911586739717,0.012618079761431873,0.0,-15.602756340862054
-0.15602756340862053,-0.00043112033006321044,0.0,-17.758377841546338
-0.17758377841546338,-0.017623295053608753,0.0,-20.201098090207875
-0.20201098090207875,-0.035991858406109294,0.0,-22.680675490678922
-0.22680675490678923,-0.0531840331296544,4.0,-22.23251509425876
-0.2223251509425876,-0.045492764294183335,4.0,-20.337398318519945
-0.20337398318519945,-0.028300589570638232,0.0,-21.46889763011019
-0.2146889763011019,-0.035991858406109294,4.0,-20.982604110875084
-0.20982604110875083,-0.02901180433215914,0.0,-22.078711941924976
-0.22078711941924975,-0.035991858406109294,4.0,-21.593593132388094
-0.21593593132388095,-0.02901180433215914,0.0,-22.64662511253881
-0.2264662511253881,-0.035991858406109294,4.0,-22.204699678091934
-0.22204699678091933,-0.02901180433215914,0.0,-23.256247393484824
-0.23256247393484825,-0.035991858406109294,4.0,-22.76955878360535
-0.2276955878360535,-0.02901180433215914,4.0,-20.7989221406652
-0.20798922140665202,-0.011819629608613729,0.0,-21.75761217893371
-0.2175761217893371,-0.019510898444084972,0.0,-24.229494336934522
-0.24229494336934523,-0.036703073167630176,4.0,-23.511113890836356
-0.23511113890836355,-0.029011804332159115,4.0,-21.738135510008
-0.21738135510008,-0.011819629608613711,4.0,-19.4899635455913
-0.19489963545591302,0.006548933743887125,0.0,-20.233308869924535
-0.20233308869924532,-0.00043112033006319277,0.0,-22.27050534203293
-0.22270505342032929,-0.017623295053608736,4.0,-21.619007242886937
-0.21619007242886937,-0.009932026218137492,0.0,-22.47109110681513
-0.22471091106815128,-0.01691208029208781,4.0,-21.651908301770384
-0.2165190830177038,0.044343626666002486,3.0,-20.565173700570178
-0.20565173700570177,0.051275184242713205,3.0,-19.19754434233005
-0.1919754434233005,0.058083345751593095,3.0,-18.10516596883598
-0.1810516596883598,0.06375350103867575,3.0,-16.834718093479097
-0.16834718093479095,0.07056166254755564,3.0,-15.573541032735463
-0.15573541032735463,0.07623181783463828,3.0,-14.129056028997898
-0.14129056028997897,0.08303997934351816,4.0,-11.626923816869459
-0.11626923816869458,0.10036147140943585,4.0,-8.838619850321127
-0.08838619850321126,0.11755364613298139,3.0,-6.975493437195497
-0.06975493437195497,0.12425476332096214,0.0,-7.280835242860042
-0.07280835242860043,0.11072478885667539,0.0,-8.3469160768843
-0.083469160768843,0.09353261413312985,4.0,-6.598034527757584
-0.06598034527757583,0.10122388296860109,4.0,-3.7068332058874653
-0.03706833205887465,0.11841605769214664,0.0,-3.446846544030486
-0.03446846544030486,0.11072478885667539,0.0,-4.605323332865049
-0.04605323332865049,0.09353261413312985,4.0,-2.8566879567694774
-0.028566879567694776,0.10122388296860109,1.0,-2.0218169988952797
-0.020218169988952796,0.09967058264049536,0.0,-3.1166012792778144
-0.03116601279277814,0.08234909057457768,4.0,-1.636440571729664
-0.01636440571729664,0.089329144648528,0.0,-1.7282518092641854
-0.017282518092641856,0.08234909057457768,4.0,-0.1624786669721276
-0.0016247866697212759,0.089329144648528,0.0,-0.1559391141048235
-0.001559391141048235,0.08234909057457768,1.0,-0.24547485845932732
-0.002454748584593273,0.07541753299786694,0.0,-1.5935393925524948
-0.015935393925524947,0.058327248968821674,3.0,-1.0606675224429514
-0.010606675224429514,0.05988054929692741,2.0,-0.5771450604948452
-0.005771450604948452,0.05922390144152885,2.0,-0.05286358784449569
-0.0005286358784449569,0.05922390144152885,1.0,-0.2452815925192259
-0.0024528159251922593,0.05275652730116301,2.0,-0.2214863171772209
0.002214863171772209,0.052416498518789066,4.0,-2.580857283133588
0.02580857283133588,0.0680099549949582,0.0,-2.212917244115856
0.02212917244115856,0.06102990092100788,0.0,-0.6542325593555655
0.006542325593555655,0.04383772619746233,4.0,-1.9715918061130464
0.019715918061130464,0.05152899503293358,2.0,-2.798804638007943
0.02798804638007943,0.05426445716235212,2.0,-3.1748818295017607
0.031748818295017606,0.053131870073974276,2.0,-3.6775047151526623
0.03677504715152662,0.053131870073974276,2.0,-4.0437512848403765
0.04043751284840376,0.11509617053315738,0.0,-3.200272259456013
0.03200272259456013,0.09915799453170579,0.0,-1.869822946723581
0.01869822946723581,0.08196581980816055,0.0,-0.4084292769244533
0.004084292769244533,0.06359725645566015,4.0,-1.8822311399410705
0.018822311399410704,0.0705773105296103,0.0,-1.5309417126006908
0.015309417126006909,0.06359725645566015,2.0,-1.8244030404919531
0.01824403040491953,0.06086179432624161,2.0,-2.125176292788945
0.021251762927889446,0.05972920723786421,2.0,-2.7209934059609617
0.02720993405960962,0.05972920723786421,1.0,-2.5403487426172635
0.025403487426172634,0.053261833097498754,4.0,-4.438320376002768
0.044383203760027676,0.06631103318899359,0.0,-4.2807417546597835
0.04280741754659783,0.059330979115043446,0.0,-2.7803830103953917
0.02780383010395392,0.04213880439149834,3.0,-3.2558725332307485
0.032558725332307484,0.044172111444252316,3.0,-4.40133143168742
0.0440133143168742,0.049842266731334746,0.0,-3.0853948341094406
0.030853948341094405,0.036312292267048144,1.0,-2.6397164872882852
0.02639716487288285,0.02938073469033761,3.0,-3.6380832836240713
0.03638083283624071,0.03494066700318282,1.0,-3.186272880881953
0.03186272880881953,0.02963030102625685,1.0,-2.839135766637217
0.028391357666372168,0.02396014573917441,3.0,-3.790244786729839
0.03790244786729839,0.02952007805201962,1.0,-3.2840656962461785
0.03284065696246179,0.024209712075093655,1.0,-2.8889008083014183
0.028889008083014183,0.018539556788011176,0.0,-0.8791377469462676
0.008791377469462677,0.0014492727589661475,3.0,-1.1360191776048076
0.011360191776048077,0.0030025730870716348,3.0,-1.9199672786075532
0.019199672786075532,0.00867272837415411,1.0,-1.206282287585322
0.01206282287585322,0.0031127960613088696,1.0,-0.6277111376965471
0.00627711137696547,-0.002557359225773561,1.0,-0.3534173217004726
-0.0035341732170047256,-0.009365520734653007,1.0,-1.040973709223147
-0.01040973709223147,-0.015035676021735438,1.0,-1.9186567587127552
-0.01918656758712755,-0.021843837530614883,3.0,-1.5784395953505896
-0.0157843959535059,-0.016533471553688915,0.0,-3.228367893702142
-0.03228367893702142,-0.029582671645183814,0.0,-5.522588618680927
-0.05522588618680927,-0.04677484636872892,1.0,-6.866172837582192
-0.06866172837582192,-0.05347596355671039,0.0,-9.457524981428865
-0.09457524981428865,-0.07056624758575543,3.0,-9.830374138107597
-0.09830374138107598,-0.0690129472576497,0.0,-11.838402237074476
-0.11838402237074477,-0.02169565453802292,3.0,-11.868801712684851
-0.11868801712684851,-0.020142354209917186,3.0,-11.318893815856399
-0.11318893815856398,-0.014472198922834533,4.0,-9.50501020133759
-0.09505010201337591,0.0026180851062105504,4.0,-7.358040632363033
-0.07358040632363033,0.019810259829755653,4.0,-4.974648574121494
-0.04974648574121494,0.03817882318225609,3.0,-3.8368772047079758
-0.03836877204707976,0.04511038075896664,3.0,-2.66349919050864
-0.0266349919050864,0.051918542267846084,0.0,-3.8371943617774735
-0.03837194361777473,0.03886934217635113,3.0,-3.162062964195461
-0.03162062964195461,0.04042264250445662,3.0,-2.182696229785239
-0.02182696229785239,0.04609279779153905,2.0,-1.909960121296614
-0.01909960121296614,0.04530009508863148,2.0,-1.568762624215213
-0.01568762624215213,0.04530009508863148,2.0,-1.169226513668685
-0.011692265136686851,0.04416750800025386,2.0,-0.8174114261876674
-0.008174114261876673,0.04416750800025386,0.0,-2.3547237575671143
-0.02354723757567114,0.028574051524084973,4.0,-1.3288137753182458
-0.013288137753182458,0.03555410559803514,4.0,-1.1984360984729971
0.011984360984729972,0.05274628032158024,0.0,-0.7269158925332069
0.007269158925332068,0.045055011486109096,0.0,-1.010288774237292
-0.01010288774237292,0.02786283676256399,4.0,-0.13147226761141562
0.0013147226761141564,0.03555410559803506,0.0,-0.45866537204629415
-0.0045866537204629415,0.02857405152408491,4.0,-0.7732594230303793
0.007732594230303794,0.035554105598035075,1.0,-0.8516838311109243
0.008516838311109243,0.03400080526992959,1.0,-0.4167245620374449
0.004167245620374449,0.02833064998284694,1.0,-0.19647477166398675
-0.0019647477166398674,0.021522488473967493,3.0,-0.7700723402796928
0.007700723402796929,0.02683285445089346,1.0,-0.3366642217512969
0.003366642217512969,0.021522488473967493,1.0,-0.2309846818366715
-0.002309846818366715,0.01585233318688484,0.0,-2.159692879342111
-0.021596928793421108,-0.0012379508421600728,4.0,-1.2315504350866688
-0.01231550435086669,0.005742103231790077,4.0,-0.873019643974017
0.00873019643974017,0.02293427795533518,1.0,-0.8201389113523883
0.008201389113523883,0.02090097090258121,1.0,-0.25493047491279924
0.0025493047491279923,0.015230815615498558,1.0,-0.4661251899648639
-0.004661251899648639,0.008422654106619114,1.0,-0.9334820251434097
-0.009334820251434098,0.002752498819536463,1.0,-1.7981952380944888
-0.01798195238094489,-0.004055662689342982,4.0,-0.2962919551545074
-0.002962919551545074,0.008993537402151846,0.0,-0.6600890735069478
-0.006600890735069478,0.049959595867748424,0.0,-2.3433031962688844
-0.023433031962688845,0.032767421144203064,0.0,-4.188204252862559
-0.04188204252862559,0.014398857791702227,0.0,-6.254520745350522
-0.06254520745350522,-0.0027933169318433175,3.0,-6.0983095286919635
-0.06098309528691963,-0.0007600098790890744,3.0,-5.397808018922406
-0.053978080189224065,0.004910145407993577,3.0,-4.583912608501191
-0.04583912608501191,0.011718306916873464,3.0,-3.5912938157539456
-0.03591293815753945,0.017388462203956116,3.0,-2.6685313372615993
-0.026685313372615992,0.024196623712836002,0.0,-4.061390165638894
-0.04061390165638894,0.011147423621340916,3.0,-3.842213789699814
-0.038422137896998144,0.012700723949446652,4.0,-1.6346469985177219
-0.01634646998517722,0.03002221601536434,0.0,-2.233136085894298
-0.022331360858942977,0.02304216194141402,0.0,-4.032198480411187
-0.040321984804111866,0.005849987217868477,4.0,-3.0597455982494832
-0.03059745598249483,0.013541256053339721,4.0,-0.8595982905192823
-0.008595982905192822,0.030733430776885267,0.0,-1.5373393172073873
-0.015373393172073873,0.02304216194141402,1.0,-2.2236719173131467
-0.022236719173131466,0.0161106043647033,1.0,-2.760812035521447
-0.027608120355214472,0.009302442855823413,4.0,-1.1733105694614212
-0.01173310569461421,0.0223516429473185,1.0,-1.1978655692262927
-0.011978655692262927,0.020798342619212765,0.0,-3.1474577901307583
-0.03147457790130758,0.0034768505532950765,4.0,-2.168383109204522
-0.021683831092045216,0.010456904627245394,1.0,-2.2971286538492963
-0.022971286538492963,0.00890360429913966,4.0,-0.6427198675803969
-0.006427198675803969,0.021952804390634743,1.0,-0.670530407326087
-0.00670530407326087,0.02039950406252901,1.0,-1.2241618348189889
-0.01224161834818989,0.014729348775446358,4.0,-0.47150568809489524
0.004715056880948952,0.02825932323973311,0.0,-0.12059527068850441
0.0012059527068850441,0.021279269165782794,0.0,-1.8963944291015278
-0.018963944291015278,0.00408709444223725,4.0,-0.9381985961838304
-0.009381985961838304,0.011778363277708495,0.0,-1.695322921604809
-0.01695322921604809,0.004798309203758178,3.0,-1.5315288957345319
-0.01531528895734532,0.0063516095318639125,3.0,-0.6579013834512876
-0.006579013834512875,0.012021764818946564,0.0,-2.215236505604819
-0.022152365056048187,-0.0015082096453401905,2.0,-2.6166377109295738
-0.026166377109295737,-0.004243671774758731,2.0,-2.8393682866298975
-0.028393682866298973,-0.005376258863136574,0.0,-4.484104648956233
-0.04484104648956233,0.009834800741407008,3.0,-4.281961583809046
-0.04281961583809046,0.011388101069512742,3.0,-3.5563708770292735
-0.03556370877029273,0.017058256356595393,3.0,-2.4622184919117465
-0.024622184919117465,0.02386641786547528,0.0,-3.947443632812766
-0.03947443632812766,0.010817217773980196,0.0,-5.88623504387265
-0.05886235043872649,-0.006374956949565348,4.0,-5.094686974313446
-0.05094686974313446,0.0013163118859058972,0.0,-5.862195238940329
-0.058621952389403285,-0.005663742188044421,4.0,-5.149593568438069
-0.05149593568438069,0.0013163118859058972,0.0,-5.824001789661918
-0.05824001789661918,-0.005663742188044421,0.0,-8.01657120169831
-0.08016571201698311,-0.022855916911589964,0.0,-10.465671751218476
-0.10465671751218478,-0.0412244802640908,0.0,-12.968900733731491
-0.12968900733731492,-0.058416654987636346,0.0,-15.920709510667576
-0.15920709510667577,-0.07678521834013718,0.0,-18.916805399724687
-0.18916805399724687,-0.09397739306368273,4.0,-18.711735768256677
-0.18711735768256677,-0.08628612422821148,4.0,-17.18032849276935
-0.17180328492769348,-0.06909394950466594,1.0,-18.01378226735659
-0.1801378226735659,-0.07112725655742018,4.0,-16.882192389633303
-0.16882192389633302,-0.05807805646592509,4.0,-15.316680776708811
-0.1531668077670881,-0.04088588174237955,3.0,-14.787776306500472
-0.14787776306500472,-0.03418476455439881,3.0,-14.196784019813473
-0.14196784019813474,-0.027376603045518925,3.0,-13.688828493341338
-0.13688828493341337,-0.021706447758437157,4.0,-11.918174145217868
-0.11918174145217868,-0.004616163729391889,4.0,-9.938023200687002
-0.09938023200687003,0.012576010994153656,0.0,-10.688656140040449
-0.10688656140040449,0.00488474215868241,0.0,-12.697042515389763
-0.12697042515389761,-0.012307432564863136,0.0,-14.969948581950913
-0.14969948581950915,-0.03067599591736397,0.0,-17.475752807623937
-0.1747575280762394,-0.047868170640909515,0.0,-20.27678132460046
-0.2027678132460046,-0.06623673399341035,4.0,-19.94483310871061
-0.1994483310871061,-0.059256679919460035,4.0,-18.144893760887207
-0.18144893760887207,-0.04206450519591449,0.0,-19.635686987127308
-0.19635686987127307,-0.04975577403138574,4.0,-19.05863144520227
-0.1905863144520227,-0.04277571995743542,4.0,-17.289486284205495
-0.17289486284205494,-0.025583545233889872,3.0,-16.811878616115795
-0.16811878616115794,-0.018882428045909134,0.0,-18.555720873064686
-0.18555720873064688,-0.03241240251019587,3.0,-18.598556977670803
-0.18598556977670805,-0.012689860538254865,3.0,-18.119818806259843
-0.1811981880625984,-0.007019705251173096,0.0,-19.657268565607776
-0.19657268565607777,-0.02054967971545983,4.0,-18.99881941102844
-0.1899881941102844,-0.013569625641509516,3.0,-18.262184064018506
-0.18262184064018505,-0.006638068064799501,3.0,-17.598169895875607
-0.17598169895875607,0.0001700934440803853,3.0,-16.91613134158936
-0.1691613134158936,0.0058402487311621535,0.0,-18.476726342764124
-0.18476726342764122,-0.007689725733124583,0.0,-20.7058306436959
-0.20705830643695902,-0.024881900456670127,3.0,-20.609778076872534
-0.20609778076872534,-0.022848593403915884,3.0,-20.097192720853524
-0.20097192720853524,-0.017178438116834116,3.0,-19.408097522147926
-0.19408097522147924,-0.01037027660795423,4.0,-17.376774765625843
-0.1737677476562584,0.006951215457963457,3.0,-16.489449842902587
-0.16489449842902587,0.013882773034673666,3.0,-15.664266781107411
-0.1566426678110741,0.02069093454355355,3.0,-14.74244528731048
-0.1474244528731048,0.026361089830636203,3.0,-13.731165199520607
-0.13731165199520606,0.03316925133951609,3.0,-12.708879615030625
-0.12708879615030627,0.03883940662659874,0.0,-14.004735160958063
-0.14004735160958065,0.025309432162311987,3.0,-13.645711799641138
-0.1364571179964114,0.02686273249041772,3.0,-12.674724503838796
-0.12674724503838797,0.03253288777750037,3.0,-11.702724854507222
-0.11702724854507222,0.03934104928638026,4.0,-9.269555174615899
-0.09269555174615898,0.056662541352297945,0.0,-9.506557069328318
-0.09506557069328318,0.04968248727834763,0.0,-11.233971330822834
-0.11233971330822834,0.03249031255480209,0.0,-13.112418083312898
-0.131124180833129,0.014121749202301248,4.0,-12.200148768280032
-0.12200148768280032,0.021101803276251548,0.0,-12.775072638786408
-0.12775072638786408,0.01412174920230123,3.0,-12.51354225780329
-0.12513542257803292,0.015675049530406982,0.0,-13.811708976191232
-0.13811708976191234,0.0026258494389118986,0.0,-15.870898279873503
-0.15870898279873502,-0.014566325284633646,0.0,-18.373536824829372
-0.1837353682482937,-0.03293488863713448,1.0,-19.456555028166793
-0.19456555028166794,-0.0398664462138445,0.0,-22.066439716546263
-0.22066439716546263,-0.05695673024288976,4.0,-21.672371737552744
-0.21672371737552742,-0.04997667616893944,0.0,-23.058702471025853
-0.23058702471025852,-0.05695673024288976,4.0,-22.66586275337927
-0.22665862753379268,-0.04997667616893944,4.0,-20.911075538435597
-0.20911075538435595,-0.02613433853088063,0.0,-22.05499221728325
-0.2205499221728325,-0.03382560736635188,0.0,-24.53782217278549
-0.2453782217278549,-0.05101778208989742,4.0,-23.932073724153014
-0.23932073724153016,-0.04332651325442618,4.0,-22.053941628635005
-0.22053941628635004,-0.02613433853088063,0.0,-23.31997092230738
-0.23319970922307381,-0.03382560736635188,0.0,-25.954621068585134
-0.2595462106858514,-0.05101778208989742,0.0,-28.919341643571734
-0.28919341643571733,-0.06938634544239826,4.0,-28.524111890026163
-0.2852411189002616,-0.06240629136844794,4.0,-26.750289079340543
-0.26750289079340545,-0.045214116644902394,0.0,-28.07055882830111
-0.28070558828301106,-0.05290538548037364,0.0,-31.064484458452995
-0.31064484458452996,-0.07009756020391919,0.0,-34.299323131137044
-0.34299323131137044,-0.08846612355642003,4.0,-34.0308146408108
-0.340308146408108,-0.08148606948246971,4.0,-32.320920153684774
-0.32320920153684773,-0.06429389475892416,4.0,-30.279803971784514
-0.30279803971784514,-0.045925331406423325,1.0,-30.917557773829415
-0.3091755777382942,-0.047478631734529056,0.0,-33.70427801275245
-0.3370427801275245,-0.06480012380044675,4.0,-33.42471156027541
-0.3342471156027541,-0.05782006972649643,4.0,-31.50170042715075
-0.31501700427150753,-0.04062789500295089,0.0,-32.771169984947704
-0.32771169984947707,-0.04831916383842213,0.0,-35.69002932372702
-0.3569002932372702,-0.06551133856196767,4.0,-35.192877461928006
-0.35192877461928007,-0.05782006972649643,4.0,-33.269725471498596
-0.33269725471498596,-0.04062789500295089,0.0,-34.6913945663553
-0.346913945663553,-0.04831916383842213,4.0,-34.1554812542391
-0.341554812542391,-0.04133910976447181,0.0,-35.498068212027235
-0.3549806821202724,-0.04831916383842213,4.0,-35.11479735760099
-0.35114797357600996,-0.04133910976447181,3.0,-34.37808674819968
-0.34378086748199677,-0.0344075521877618,0.0,-36.65585442175768
-0.36655854421757683,-0.047937526652048534,4.0,-35.98678293338393
-0.35986782933383926,-0.04095747257809822,4.0,-34.16339998629018
-0.34163399986290177,-0.023765297854552673,0.0,-35.24461877899918
-0.3524461877899918,-0.03145656669002392,0.0,-37.92094978553762
-0.3792094978553762,-0.04864874141356946,4.0,-37.32491245731876
-0.3732491245731876,-0.04095747257809822,4.0,-35.38566073182726
-0.35385660731827256,-0.023765297854552673,0.0,-36.584714400878674
-0.36584714400878676,-0.03145656669002392,4.0,-35.97289607753507
-0.3597289607753507,-0.0244765126160736,4.0,-33.94332758781292
-0.33943327587812916,-0.013090318249042814,0.0,-35.00216862479335
-0.35002168624793345,-0.02078158708451406,0.0,-37.55730868017014
-0.37557308680170143,-0.03797376180805961,4.0,-36.86181698604761
-0.3686181698604761,-0.030282492972588358,4.0,-34.88014883326694
-0.3488014883326694,-0.013090318249042814,0.0,-36.05075499894531
-0.3605075499894531,-0.02078158708451406,0.0,-38.326307778609674
-0.38326307778609675,-0.03797376180805961,4.0,-37.79234279967527
-0.3779234279967527,-0.030282492972588358,4.0,-35.81721148022412
-0.3581721148022412,-0.013090318249042814,0.0,-36.820957836264355
-0.3682095783626435,-0.02078158708451406,4.0,-36.11174657968151
-0.36111746579681514,-0.013801533010563742,3.0,-35.442373996094645
-0.35442373996094645,-0.006869975433853728,0.0,-37.150981572859436
-0.3715098157285944,-0.020399949898140465,3.0,-37.08470027129795
-0.37084700271297943,-0.018846649570034728,3.0,-36.71464763354742
-0.36714647633547426,-0.013176494282952962,3.0,-35.783164057640235
-0.3578316405764023,-0.006368332774073075,0.0,-37.42647623385051
-0.37426476233850503,-0.01941753286556816,4.0,-36.8199158576004
-0.368199158576004,-0.012437478791617843,4.0,-34.79795189565942
-0.3479795189565943,0.004754695931927702,3.0,-34.03675022265611
-0.34036750222656115,0.011455813119908441,3.0,-33.223266041372945
-0.33223266041372945,0.01826397462878833,3.0,-32.324150786286346
-0.3232415078628635,0.023934129915870978,3.0,-31.43138668997681
-0.31431386689976815,0.030742291424750864,3.0,-30.5328662340687
-0.305328662340687,0.03641244671183352,0.0,-31.582020036208633
-0.31582020036208636,0.022882472247546762,3.0,-31.25147087063704
-0.3125147087063704,0.024435772575652496,3.0,-30.489425307399447
-0.3048942530739945,0.03010592786273515,3.0,-29.375569030567018
-0.29375569030567017,0.036914089371615035,3.0,-28.432227364689034
-0.28432227364689033,0.04258424465869769,3.0,-27.494971246955565
-0.27494971246955563,0.04939240616757757,3.0,-26.459756273091173
-0.26459756273091173,0.05506256145466022,3.0,-25.17833434001941
-0.2517833434001941,0.06187072296354011,3.0,-24.12047916898008
-0.2412047916898008,0.06754087825062276,3.0,-22.81791908388342
-0.2281791908388342,0.07434903975950265,3.0,-21.412528974272288
-0.21412528974272288,0.0800191950465853,4.0,-19.02953200038098
-0.1902953200038098,0.09710947907563049,4.0,-16.432062549223843
-0.16432062549223844,0.11430165379917556,0.0,-16.075862173195382
-0.16075862173195382,0.10661038496370451,0.0,-16.868302153899823
-0.16868302153899822,0.08941821024015932,0.0,-18.056092576501744
-0.18056092576501742,0.07104964688765848,0.0,-19.514185118984294
-0.19514185118984292,0.03813825119322769,0.0,-21.13922065325836
-0.2113922065325836,0.01976968784072685,3.0,-20.88072892799563
-0.20880728927995632,0.021322988168832584,3.0,-19.93575910699266
-0.1993575910699266,0.026993143455915237,2.0,-19.77728084867697
-0.1977728084867697,0.026200440753007467,2.0,-19.635265737217793
-0.19635265737217794,0.026200440753007467,0.0,-21.23736989068158
-0.21237369890681582,0.010606984276838342,1.0,-21.890910827295286
-0.21890910827295285,0.0036754267001276202,2.0,-21.967108385142087
-0.21967108385142087,0.003448801023495332,2.0,-22.068779358936702
-0.22068779358936702,0.00231621393511749,3.0,-21.185257476315698
-0.211852574763157,0.008647424845305732,3.0,-20.600507363970223
-0.20600507363970225,0.014317580132388383,3.0,-19.570627927482015
-0.19570627927482015,0.02112574164126827,3.0,-18.708172069689706
-0.18708172069689705,0.02679589692835092,3.0,-17.848152066700347
-0.17848152066700346,0.033604058437230806,1.0,-17.985559694968646
-0.17985559694968647,0.028293692460304495,1.0,-18.485660915405138
-0.1848566091540514,0.022623537173221846,1.0,-18.998357713911386
-0.18998357713911385,0.01581537566434196,1.0,-19.622070146641533
-0.19622070146641535,0.010145220377259307,0.0,-21.609160622841564
-0.21609160622841564,-0.006945063651785944,1.0,-22.440653701937954
-0.22440653701937957,-0.013876621228495959,1.0,-23.321927698668595
-0.23321927698668596,-0.020684782737375843,1.0,-24.410793957283772
-0.24410793957283775,-0.02635493802445761,1.0,-25.41857685348097
-0.25418576853480973,-0.0331630995333375,1.0,-26.471839541426498
-0.264718395414265,-0.038833254820419265,1.0,-27.605819514053426
-0.27605819514053426,-0.045641416329299155,4.0,-26.378004608866693
-0.2637800460886669,-0.03259221623780407,1.0,-26.848842416091717
-0.26848842416091717,-0.034145516565909806,1.0,-27.961443354026564
-0.2796144335402656,-0.03981567185299157,4.0,-26.533465075677416
-0.26533465075677415,-0.026285697388704836,2.0,-26.38741976063683
-0.2638741976063683,-0.023550235259286328,0.0,-28.646084339319664
-0.28646084339319666,-0.03914369173545542,4.0,-28.06539787792191
-0.2806539787792191,-0.0321636376615051,3.0,-27.522712651024307
-0.27522712651024306,-0.025232080084795088,3.0,-26.845807818365675
-0.26845807818365675,-0.018423918575915202,3.0,-26.29461718044297
-0.2629461718044297,-0.012753763288833434,1.0,-27.18013668904875
-0.2718013668904875,-0.048872580231200724,3.0,-26.84797188862353
-0.2684797188862353,-0.043562214254274416,3.0,-26.59945300877949
-0.26599453008779494,-0.037892058967192645,3.0,-26.077371010045923
-0.26077371010045924,-0.03108389745831276,3.0,-25.561836763054547
-0.25561836763054546,-0.02541374217123011,1.0,-26.542341995537026
-0.2654234199553703,-0.03097367448407567,3.0,-25.981609730258093
-0.25981609730258093,-0.02566330850714936,1.0,-26.931647538758277
-0.2693164753875828,-0.03097367448407567,3.0,-26.464468263920416
-0.26464468263920415,-0.02566330850714936,3.0,-26.08606062092926
-0.2608606062092926,-0.019993153220066708,2.0,-26.258907052357525
-0.2625890705235753,-0.020785855922974477,2.0,-26.523549785588276
-0.26523549785588274,-0.020785855922974477,4.0,-24.770465376989765
-0.24770465376989764,-0.005192399446805351,1.0,-25.069757412558197
-0.25069757412558197,-0.006745699774911085,1.0,-25.69624431069733
-0.2569624431069733,-0.012415855061993736,2.0,-25.916123159225762
-0.2591612315922576,-0.012642480738626026,2.0,-26.065109166552137
-0.26065109166552136,-0.013775067827003867,4.0,-24.326224023471642
-0.24326224023471643,0.0014510173821152424,2.0,-23.98207461012261
-0.2398207461012261,0.004186479511533784,1.0,-24.774805863433535
-0.24774805863433533,-0.0022808946288320558,1.0,-25.53763487314059
-0.2553763487314059,-0.007951049915914707,1.0,-26.314018667243854
-0.26314018667243855,-0.014759211424794593,3.0,-25.90584213820337
-0.25905842138203367,-0.009448845447868282,1.0,-26.691904648141676
-0.26691904648141673,-0.014759211424794593,3.0,-26.101511842182894
-0.26101511842182895,-0.009448845447868282,1.0,-26.889104140928424
-0.26889104140928427,-0.014759211424794593,3.0,-26.29749911914002
-0.2629749911914002,-0.009448845447868282,1.0,-27.000574432058816
-0.27000574432058816,-0.014759211424794593,3.0,-26.592319130572793
-0.26592319130572795,-0.009448845447868282,4.0,-24.50280494187235
-0.2450280494187235,0.007872646618049406,4.0,-22.41914138800822
-0.22419141388008218,0.02506482134159495,0.0,-23.18751851713703
-0.2318751851713703,0.017373552506123706,0.0,-24.991359703339498
-0.249913597033395,0.0001813777825781599,4.0,-24.136144192485126
-0.24136144192485126,0.007872646618049406,4.0,-22.053083890318415
-0.22053083890318415,0.02506482134159495,1.0,-22.020074021458438
-0.22020074021458438,0.023031514288840708,1.0,-22.461047856579928
-0.22461047856579927,0.017361359001758055,0.0,-24.318687964575982
-0.24318687964575983,0.00027107497271278673,4.0,-23.547513410677535
-0.23547513410677534,0.007251129046663104,4.0,-21.466953061667652
-0.2146695306166765,0.02444330377020865,0.0,-22.618183743138008
-0.22618183743138007,-0.028656102964363078,4.0,-21.991446242997853
-0.21991446242997853,-0.02167604889041276,4.0,-20.081964889498877
-0.20081964889498877,-0.004483874166867216,0.0,-21.06370329503526
-0.21063703295035258,-0.01217514300233846,0.0,-23.303041397249128
-0.2330304139724913,-0.029367317725884006,0.0,-25.783773682360813
-0.2578377368236081,-0.04773588107838484,0.0,-28.625363133549257
-0.28625363133549253,-0.06492805580193038,4.0,-28.083202318470022
-0.28083202318470024,-0.05723678696645914,4.0,-26.458619960514294
-0.26458619960514296,-0.0400446122429136,4.0,-24.362121118286964
-0.24362121118286964,-0.02167604889041276,4.0,-22.391480782592925
-0.22391480782592926,-0.004483874166867216,0.0,-23.37319370140594
-0.23373193701405937,-0.01217514300233846,0.0,-25.675256871731452
-0.25675256871731456,-0.029367317725884006,3.0,-25.764855251100155
-0.25764855251100155,-0.027334010673129763,3.0,-25.254925301878796
-0.25254925301878794,-0.02166385538604711,2.0,-25.477702239208085
-0.25477702239208083,-0.02245655808895488,2.0,-25.739187712556856
-0.25739187712556855,-0.02245655808895488,4.0,-24.030939860652776
-0.24030939860652775,-0.0068631016127857535,3.0,-23.21797039907821
-0.2321797039907821,6.845596392496721e-05,4.0,-21.164571197077862
-0.21164571197077864,0.017158739992969883,3.0,-20.217978917964384
-0.20217978917964383,0.0240902975696806,2.0,-19.98676096461359
-0.19986760964613592,0.02329759486677324,2.0,-19.901093404957518
-0.19901093404957518,0.02329759486677324,2.0,-19.75571719964343
-0.1975571719964343,0.02216500777839584,2.0,-19.643337918727298
-0.19643337918727297,0.02216500777839584,0.0,-21.21171751813876
-0.2121171751813876,0.006571551302227014,0.0,-23.217735468232675
-0.23217735468232675,-0.010620623421318389,0.0,-25.707420867312987
-0.25707420867312986,-0.028989186773819224,3.0,-25.59720939486132
-0.2559720939486132,-0.02743588644571349,2.0,-26.044037745351034
-0.26044037745351034,-0.02809253430111205,0.0,-28.387443543957932
-0.28387443543957935,-0.044030710302563635,2.0,-29.13606939823569
-0.29136069398235687,-0.046766172431982174,2.0,-29.629836038387868
-0.2962983603838787,-0.04789875952036002,4.0,-28.021393311237265
-0.28021393311237264,-0.03267267431124091,3.0,-27.515035413144425
-0.2751503541314443,-0.025741116734530188,3.0,-26.858750463815024
-0.26858750463815023,-0.018932955225650302,2.0,-27.039637846817108
-0.27039637846817105,-0.019589603081048863,2.0,-27.5293525121726
-0.275293525121726,-0.07957328919411753,3.0,-27.44230630839703
-0.2744230630839703,-0.07310591505375169,3.0,-27.271373155516944
-0.2727137315551694,-0.06743575976666905,3.0,-26.86890821012065
-0.2686890821012065,-0.06062759825778916,4.0,-25.18008075072831
-0.2518008075072831,-0.04330610619187184,4.0,-23.231079382881067
-0.23231079382881065,-0.026113931468326745,3.0,-22.579425713558265
-0.22579425713558265,-0.019412814280345272,2.0,-23.02791697883583
-0.2302791697883583,-0.020205516983252635,2.0,-23.190939205153054
-0.23190939205153055,-0.020205516983252635,2.0,-23.490402376945667
-0.23490402376945668,-0.021338104071630035,4.0,-21.710787766245964
-0.21710787766245962,-0.006112018862511068,4.0,-19.818859323865134
-0.19818859323865134,0.011080155861034035,4.0,-17.486309194094947
-0.17486309194094946,0.029448719213534584,4.0,-15.19547470725949
-0.15195474707259488,0.04664089393707969,4.0,-12.846575328424425
-0.12846575328424426,0.06500945728958026,3.0,-11.453020480377667
-0.11453020480377667,0.07194101486629098,3.0,-10.023715693669864
-0.10023715693669863,0.07874917637517043,3.0,-8.638978051537977
-0.08638978051537977,0.08441933166225307,1.0,-8.516344472050939
-0.0851634447205094,0.07885939934940786,3.0,-7.217391372680451
-0.07217391372680451,0.08416976532633383,3.0,-5.787340074845487
-0.05787340074845486,0.08983992061341647,3.0,-4.1721725654743285
-0.04172172565474329,0.09664808212229592,0.0,-4.8275772096808005
-0.048275772096808,0.0835988820308011,2.0,-4.384047886113946
-0.04384047886113946,0.08086341990138254,0.0,-5.498275537483566
-0.05498275537483566,0.06526996342521371,0.0,-6.9366111748025086
-0.06936611174802508,0.048077788701668615,0.0,-8.690346575600103
-0.08690346575600102,0.02970922534916807,1.0,-9.250599889459723
-0.09250599889459724,0.0227776677724575,1.0,-9.857026086626119
-0.09857026086626118,0.015969506263578022,1.0,-10.39089303077436
-0.10390893030774359,0.010299350976495543,1.0,-11.11618807570347
-0.1111618807570347,0.0034911894676160986,1.0,-11.753519768815382
-0.11753519768815382,-0.002178965819466332,3.0,-11.28025101126116
-0.1128025101126116,0.0033809664933788725,3.0,-10.543564721392292
-0.10543564721392291,0.009051121780461304,3.0,-9.623170488670773
-0.09623170488670774,0.015859283289340786,3.0,-8.783589201723709
-0.08783589201723709,0.021529438576423268,1.0,-9.246151420038993
-0.09246151420038994,0.015969506263578036,3.0,-8.453513718038593
-0.08453513718038592,0.021279872240504028,3.0,-7.56930747638344
-0.0756930747638344,0.026950027527586514,3.0,-6.502936629882118
-0.06502936629882118,0.03375818903646599,3.0,-5.9187750055541555
-0.059187750055541555,-0.02358539882155528,2.0,-6.249566409901285
-0.062495664099012846,-0.024378101524462844,2.0,-6.493453873741631
-0.06493453873741631,-0.024378101524462844,2.0,-6.674301359000695
-0.06674301359000695,-0.025510688612840466,2.0,-6.92846838696208
-0.0692846838696208,-0.025510688612840466,2.0,-7.319248486367142
-0.07319248486367143,-0.026643275701218088,3.0,-6.8337966378551105
-0.06833796637855111,-0.020312064791030236,3.0,-6.374379592183546
-0.06374379592183546,-0.014641909503947803,3.0,-5.533536657331656
-0.05533536657331656,-0.00783374799506836,3.0,-4.947634189342658
-0.049476341893426576,-0.0021635927079859283,3.0,-4.199850382307637
-0.041998503823076364,0.004644568800893516,2.0,-4.264178000177973
-0.04264178000177973,0.003987920945495355,3.0,-3.3281567478041634
-0.03328156747804163,0.010319131855683216,2.0,-3.341318649053124
-0.03341318649053124,0.009662484000285054,2.0,-3.283714625095092
-0.032837146250950924,0.009662484000285054,3.0,-2.481767874089827
-0.024817678740898266,0.016129858140650506,3.0,-1.6832295386852134
-0.016832295386852134,0.021800013427733158,3.0,-0.7044414374172769
-0.00704441437417277,0.0286081749366126,4.0,-1.7632442830964745
0.017632442830964747,0.04592966700253013,0.0,-1.3287788841363941
0.01328778884136394,0.03894961292857981,2.0,-1.3073537819426102
0.013073537819426101,0.036214150799161265,2.0,-1.465307764945492
0.01465307764945492,0.03508156371078386,2.0,-1.750070011712852
0.01750070011712852,0.03508156371078386,2.0,-1.8470614736985544
0.018470614736985545,0.03394897662240646,1.0,-1.5232701476738502
0.015232701476738502,0.02736809099363097,4.0,-3.293378672893387
0.032933786728933864,0.04041729108512587,3.0,-4.517294532904363
0.04517294532904363,0.04734884866183659,2.0,-4.759742447552625
0.04759742447552626,0.04655614595892882,2.0,-5.143977470918894
0.05143977470918894,0.04655614595892882,2.0,-5.391935222332206
0.05391935222332206,0.04542355887055098,0.0,-3.9987397603948596
0.03998739760394859,0.02948538286909959,3.0,-4.4038051764343775
0.04403805176434377,0.031038683197205066,3.0,-5.334902912415881
0.05334902912415881,0.036708838484287715,0.0,-3.971667505405834
0.03971667505405834,0.023178864020001227,2.0,-3.7704745641630595
0.037704745641630594,0.020443401890582677,2.0,-3.9838224723701883
0.03983822472370188,0.019310814802205277,2.0,-4.127342065233861
0.041273420652338605,0.019310814802205277,2.0,-4.134936945378637
0.04134936945378638,-0.03734184876045955,2.0,-3.8374615716965725
0.038374615716965724,-0.03734184876045955,2.0,-3.208023002126011
0.03208023002126011,-0.03847443584883695,2.0,-2.9395887447635474
0.029395887447635473,-0.03847443584883695,2.0,-2.4953906420214227
0.024953906420214226,-0.03960702293721435,2.0,-2.17997866079234
0.0217997866079234,-0.03960702293721435,2.0,-1.763926527210161
0.01763926527210161,-0.04073961002559175,2.0,-1.2403278873800343
0.012403278873800343,-0.04073961002559175,2.0,-0.7799609027985839
0.007799609027985839,-0.04187219711396915,1.0,-0.3229352225819187
-0.0032293522258191867,-0.048453082742744645,1.0,-1.3895022258162484
-0.013895022258162484,-0.0541232380298273,2.0,-2.029409680099798
-0.02029409680099798,-0.05434986370645959,2.0,-2.6045334353621814
-0.026045334353621812,-0.05548245079483699,2.0,-3.0299061622277623
-0.030299061622277624,-0.05548245079483699,2.0,-3.6154067411541413
-0.03615406741154141,-0.05661503788321439,2.0,-4.2746674138356235
-0.04274667413835624,-0.05661503788321439,2.0,-4.844387068007741
-0.04844387068007741,-0.05774762497159179,3.0,-4.5543551080857005
-0.04554355108085701,-0.05141641406140393,3.0,-4.288533861633918
-0.04288533861633918,-0.04574625877432128,3.0,-3.8377286481841724
-0.03837728648184172,-0.03893809726544183,3.0,-3.4660446202368353
-0.034660446202368356,-0.03326794197835919,2.0,-4.018553291370345
-0.04018553291370344,-0.034060644681266544,2.0,-4.248085130338779
-0.042480851303387794,-0.034060644681266544,2.0,-4.652942798749303
-0.04652942798749303,-0.035193231769643944,2.0,-4.932424743831794
-0.04932424743831794,-0.035193231769643944,1.0,-6.145384092851874
-0.06145384092851873,-0.0416606059100094,1.0,-7.127138174433383
-0.07127138174433383,-0.04733076119709205,2.0,-7.505603002537796
-0.07505603002537796,-0.04755738687372435,2.0,-8.222832207213717
-0.08222832207213716,-0.04868997396210175,2.0,-8.585662991878845
-0.08585662991878845,-0.04868997396210175,0.0,-10.992962662511538
-0.10992962662511538,-0.06428343043827066,0.0,-13.72158796142028
-0.1372158796142028,-0.08147560516181576,2.0,-14.87561235827239
-0.1487561235827239,-0.08386722379676338,0.0,-17.60931069461718
-0.17609310694617178,-0.0994606802729323,4.0,-17.6151716198347
-0.17615171619834702,-0.09248062619898209,4.0,-16.139296865760873
-0.16139296865760872,-0.07528845147543697,0.0,-17.82898739332299
-0.1782898739332299,-0.08297972031090808,0.0,-21.34951305228347
-0.2134951305228347,-0.14056307144748428,4.0,-21.47495703876102
-0.2147495703876102,-0.13287180261201317,4.0,-20.205055621874443
-0.2020505562187444,-0.11567962788846804,0.0,-22.285173542736864
-0.22285173542736864,-0.12337089672393915,4.0,-22.575117180529926
-0.22575117180529927,-0.11639084264998896,3.0,-22.588305833769887
-0.22588305833769887,-0.10945928507327841,3.0,-22.571573260819285
-0.22571573260819283,-0.10265112356439897,4.0,-20.965294948127635
-0.20965294948127636,-0.08532963149848162,4.0,-19.449039489316817
-0.19449039489316816,-0.0681374567749365,4.0,-17.50309908613564
-0.17503099086135643,-0.04976889342243591,4.0,-15.791730080570428
-0.15791730080570426,-0.03257671869889036,1.0,-16.311282777158347
-0.16311282777158348,-0.0346100257516446,1.0,-17.42957811927517
-0.1742957811927517,-0.040280181038727256,4.0,-15.987434477096954
-0.15987434477096954,-0.0267502065744405,1.0,-16.39621273841535
-0.16396212738415353,-0.028303506902546238,2.0,-16.757794527889057
-0.16757794527889056,-0.028643535684920177,2.0,-17.14859800591488
-0.1714859800591488,-0.02977612277329802,2.0,-17.413184558921962
-0.17413184558921962,-0.02977612277329802,2.0,-17.814484477261402
-0.17814484477261402,-0.030908709861675862,3.0,-17.275849073401744
-0.17275849073401744,-0.02457749895148762,2.0,-17.571294479143113
-0.17571294479143112,-0.02523414680688618,2.0,-17.795596803091176
-0.17795596803091177,-0.02523414680688618,2.0,-18.15662069978131
-0.1815662069978131,-0.026366733895264022,2.0,-18.45923829030446
-0.18459238290304458,-0.026366733895264022,2.0,-18.829988807779905
-0.18829988807779907,-0.027499320983641863,2.0,-19.074495906600752
-0.19074495906600752,-0.027499320983641863,1.0,-20.031189289854353
-0.20031189289854354,-0.033966695124007705,1.0,-21.08226762968576
-0.2108226762968576,-0.03963685041109036,1.0,-22.38843518784136
-0.22388435187841357,-0.04644501191997024,4.0,-21.107911421103267
-0.2110791142110327,-0.033395811828475154,4.0,-19.11553329748664
-0.1911553329748664,-0.01620363710492961,4.0,-17.155939412944086
-0.17155939412944088,0.0021649262475712245,4.0,-15.06350865884728
-0.1506350865884728,0.01935710097111677,2.0,-14.509809734000585
-0.14509809734000584,0.021748719606064365,3.0,-13.729761253044652
-0.13729761253044653,0.02821609374643017,2.0,-13.550808950767543
-0.13550808950767543,0.027559445891031573,2.0,-13.126910326340633
-0.13126910326340632,0.027559445891031573,4.0,-11.144469187325841
-0.11144469187325841,0.043152902367200666,2.0,-10.52351160795514
-0.10523511607955141,0.04588836449661917,2.0,-10.246221918750102
-0.10246221918750102,0.044755777408241326,2.0,-9.950804904041004
-0.09950804904041002,0.019430464752350274,2.0,-9.851653886265517
-0.09851653886265517,0.018297877663972433,2.0,-9.734061071707629
-0.09734061071707628,0.018297877663972433,2.0,-9.752887984178697
-0.09752887984178697,0.017165290575594593,2.0,-9.645188906686485
-0.09645188906686485,0.017165290575594593,3.0,-8.701900934860422
-0.08701900934860422,0.023632664715960396,2.0,-8.504559779299631
-0.08504559779299632,0.0229760168605618,2.0,-8.346160658547515
-0.08346160658547515,0.0229760168605618,2.0,-8.324181863802123
-0.08324181863802123,0.02184342977218396,2.0,-8.008852579704532
-0.08008852579704533,0.02184342977218396,2.0,-7.996843964318764
-0.07996843964318764,0.020710842683806116,2.0,-7.748392042942819
-0.07748392042942819,0.020710842683806116,2.0,-7.746175288484672
-0.07746175288484672,0.019578255595428275,2.0,-7.617433427687791
-0.0761743342768779,0.019578255595428275,2.0,-7.625113836781625
-0.07625113836781625,0.018445668507050435,2.0,-7.506268272438991
-0.0750626827243899,0.018445668507050435,3.0,-6.442694825053451
-0.06442694825053451,0.02491304264741624,3.0,-5.584561523263989
-0.05584561523263989,0.030583197934498006,2.0,-5.453898381410597
-0.05453898381410597,0.02979049523159022,2.0,-5.071289607951942
-0.05071289607951942,0.02979049523159022,2.0,-4.99009479109988
-0.04990094791099879,0.028657908143212375,2.0,-4.782405990461856
-0.04782405990461856,0.028657908143212375,2.0,-4.597770187420716
-0.045977701874207154,0.027525321054834535,2.0,-4.399691512321383
-0.04399691512321384,0.027525321054834535,2.0,-4.338035281557053
-0.04338035281557053,0.026392733966456694,2.0,-4.1498669695413355
-0.04149866969541336,0.026392733966456694,3.0,-3.019717235691139
-0.03019717235691139,0.032860108106822494,3.0,-2.092478878640321
-0.020924788786403206,0.038530263393904265,3.0,-0.9788787167039883
-0.009788787167039884,0.04533842490278415,2.0,-0.7029699536136975
-0.0070296995361369755,0.04468177704738556,2.0,-0.35645785142795033
-0.003564578514279503,0.04468177704738556,2.0,-0.11948749782870227
-0.0011948749782870226,0.043549189959007716,2.0,-0.47290899914618595
0.004729089991461859,0.043549189959007716,2.0,-0.6746469472736959
0.006746469472736959,0.04241660287062987,2.0,-1.0026784375928455
0.010026784375928455,0.04241660287062987,3.0,-2.227400464710765
0.02227400464710765,0.04888397701099568,3.0,-3.2933864216183473
0.032933864216183474,0.05455413229807744,2.0,-3.6321205846776587
0.03632120584677659,0.040785317975869685,2.0,-3.9018190491423246
0.039018190491423244,0.040785317975869685,3.0,-5.104733070716419
0.05104733070716418,0.04725269211623549,2.0,-5.355059213636125
0.05355059213636124,0.0465960442608369,3.0,-6.721094475137146
0.06721094475137146,0.0529272551710251,2.0,-7.0236927634724955
0.07023692763472496,0.05227060731562651,2.0,-7.54754806837026
0.0754754806837026,0.05227060731562651,2.0,-7.935362272714942
0.07935362272714942,0.051138020227248664,2.0,-8.299243632720723
0.08299243632720722,0.051138020227248664,2.0,-8.546649179105229
0.08546649179105228,0.050005433138870826,2.0,-8.899490596044314
0.08899490596044314,0.050005433138870826,2.0,-9.268016636068884
0.09268016636068885,0.04887284605049298,0.0,-7.757052166007195
0.07757052166007196,0.03293467004904143,2.0,-7.775852835138382
0.07775852835138382,0.030199207919622925,2.0,-7.973378071024211
0.0797337807102421,0.029066620831245085,2.0,-8.017539999432007
0.08017539999432008,0.029066620831245085,2.0,-8.20537472519349
0.0820537472519349,0.027934033742867244,3.0,-9.242711917797026
0.09242711917797025,0.03426524465305545,2.0,-9.534550680177702
0.09534550680177703,0.033608596797656855,0.0,-7.908694775471742
0.07908694775471742,0.017670420796205302,3.0,-8.025940442677317
0.08025940442677318,0.019223721124311036,2.0,-8.187466767881467
0.08187466767881467,0.018567073268912444,2.0,-8.42046637659685
0.0842046637659685,0.018567073268912444,2.0,-8.353336202083442
0.08353336202083442,0.0174344861805346,2.0,-8.576318826418257
0.08576318826418258,0.0174344861805346,2.0,-8.548926290981292
0.08548926290981293,0.01630189909215676,2.0,-8.762237335839153
0.08762237335839153,0.01630189909215676,2.0,-8.674223705192523
0.08674223705192523,0.015169312003778917,3.0,-9.753732587788422
0.09753732587788422,0.021500522913967125,2.0,-9.655950187470042
0.09655950187470042,0.02084387505856853,2.0,-9.908714191317928
0.09908714191317929,0.02084387505856853,1.0,-9.269730531356794
0.09269730531356793,0.014376500918202724,2.0,-9.423876199724463
0.09423876199724462,0.014036472135828818,3.0,-10.346048405262513
0.10346048405262513,0.020503846276194622,2.0,-10.402982130951369
0.10402982130951369,0.01984719842079603,2.0,-10.483536966500706
0.10483536966500706,0.01984719842079603,2.0,-10.591175474887764
0.10591175474887764,0.018714611332418186,0.0,-8.855485073518789
0.0885548507351879,0.0027764353309666354,3.0,-9.121589580823253
0.09121589580823253,0.00432973565907237,3.0,-9.7461528893032
0.097461528893032,0.009999890946154139,2.0,-9.810395891204397
0.09810395891204397,0.009207188243246352,2.0,-9.961824653764047
0.09961824653764048,0.009207188243246352,2.0,0.0
