Lateral Error,Yaw Error,Action,Reward
0.00035054337912645244,0.00010034300681136325,2.0,-0.027180983247771615
0.0005436196649554323,0.00010034300681136325,2.0,-0.04440672367655663
0.0008881344735311327,0.00010034300681136325,3.0,-1.103681121933002
0.02207362243866004,0.005493166271880675,0.0,-0.9182726977013485
-0.01836545395402697,-0.004803125120150071,0.0,-3.3510164792033086
-0.06702032958406617,-0.01670810091958855,4.0,-1.5385083821725551
-0.030770167643451102,-0.006946020764048997,3.0,-0.2990614088009311
-0.0059812281760186214,-0.0004826068781526229,2.0,-0.1938172288230787
-0.003876344576461574,5.036622004996766e-05,2.0,-0.1948569732274336
-0.003897139464548672,5.036622004996766e-05,2.0,-0.19792360044883436
-0.003958472008976687,5.036622004996766e-05,4.0,-1.9815147947453924
0.039630295894907845,0.010880482246774414,2.0,-2.2962093958848078
0.04592418791769616,0.01194851811795931,2.0,-2.4017482432038477
0.04803496486407695,0.01194851811795931,2.0,-2.507378161525909
0.05014756323051819,0.01194851811795931,1.0,-1.5240792329558288
0.03048158465911658,0.006555694852890008,4.0,-3.6526666972838653
0.0730533339456773,0.01685198624492076,1.0,-2.9274593489440193
0.05854918697888038,0.012526347314545279,1.0,-1.8469244583587054
0.03693848916717411,0.00659970076958588,2.0,-1.7962548137684644
0.035925096275369287,0.006066727671383291,1.0,-0.7717742422669217
0.015435484845338434,0.0006739044063139795,1.0,-0.4251988767865234
-0.008503977535730468,-0.005252742138645436,0.0,-2.7533115723578656
-0.05506623144715731,-0.016618386013214637,4.0,-0.9366878321260672
-0.018733756642521342,-0.006856305857675084,3.0,-0.30381463021885524
0.006076292604377104,-0.000392891971778714,0.0,-1.7626631438842764
-0.03525326287768553,-0.010689183363809465,0.0,-4.248159457551149
-0.08496318915102298,-0.02259415916324792,0.0,-6.853797990782553
-0.13707595981565107,-0.03449913496268629,4.0,-5.186865708280038
-0.10373731416560077,-0.024737054807146826,4.0,-3.0035662079429497
-0.060071324158859,-0.012832079007708391,4.0,-0.7248698822002668
-0.014497397644005336,-0.0009271032082699124,0.0,-2.6862708807558153
-0.05372541761511631,-0.010689183363809465,2.0,-2.9989923298690395
-0.059979846597380794,-0.011757219234994362,2.0,-3.102529004001867
-0.062050580080037346,-0.011757219234994362,3.0,-2.125508109914297
-0.04251016219828595,-0.006364395969925056,0.0,-4.2438860012429345
-0.08487772002485869,-0.016660687361955806,2.0,-4.609106504800008
-0.09218213009600015,-0.017728723233140703,4.0,-2.5853232018785866
-0.05170646403757173,-0.006898607206416253,0.0,-4.608680323004787
-0.09217360646009574,-0.016660687361955806,4.0,-2.7917733156653752
-0.055835466313307505,-0.006898607206416253,2.0,-2.634229969232792
-0.05268459938465584,-0.005830571335231359,1.0,-3.7671177625182213
-0.07534235525036442,-0.011223394600300663,3.0,-2.889740626262905
-0.0577948125252581,-0.006363544433433948,3.0,-1.7548084854908823
-0.035096169709817646,-0.0004368978884745315,3.0,-0.5680879868250717
-0.011361759736501434,0.005489748656484884,1.0,-1.4923702773566048
-0.029847405547132094,0.0006298984896181626,2.0,-1.5963555252848904
-0.03192711050569781,9.692539141557246e-05,3.0,-0.5191166866956037
-0.010382333733912074,0.005489748656484885,2.0,-0.3714019041724179
-0.007428038083448359,0.006022721754687475,2.0,-0.31522095065549505
-0.006304419013109901,0.006022721754687475,1.0,-1.3346620886260219
-0.026693241772520436,0.0006298984896181628,0.0,-3.613035418335808
-0.07226070836671616,-0.010735745384951041,3.0,-2.838877912798499
-0.05677755825596999,-0.006410106454575528,2.0,-2.785826591798556
-0.05571653183597112,-0.005877133356372938,3.0,-1.7561302676847772
-0.035122605353695546,-0.00048431009130362677,2.0,-1.6517485132569796
-0.03303497026513959,4.866300689896426e-05,3.0,-0.5750856750904003
-0.011501713501808005,0.004832863904320978,2.0,-0.42411191288275485
-0.008482238257655098,0.005365837002523567,3.0,-0.721467820955638
0.01442935641911276,0.01075866026759287,1.0,-0.15972208323825623
-0.003194441664765125,0.005898810100726156,2.0,-0.2067655677765457
-0.004135311355530915,0.005365837002523567,3.0,-0.928502760338181
0.01857005520676362,0.01075866026759287,0.0,-1.0345047211559875
-0.020690094423119747,0.0004623688755621171,0.0,-3.4168775957362114
-0.06833755191472422,-0.011442606923876358,4.0,-1.5598964235807782
-0.031197928471615566,-0.001680526768336806,4.0,-0.8252193430893913
0.016504386861787824,0.010224449031101668,1.0,-0.07550493747377877
0.0015100987494755754,0.005898810100726156,3.0,-1.0841218127208583
0.021682436254417167,0.01075866026759287,3.0,-2.3738066859427223
0.04747613371885444,0.016685306812552234,1.0,-1.5534141962663806
0.031068283925327612,0.011825456645685555,3.0,-2.6349877257173655
0.05269975451434731,0.016685306812552234,2.0,-2.896094561986815
0.0579218912397363,0.017218279910754825,3.0,-4.134069745499568
0.08268139490999135,0.02261110317582416,3.0,-5.545822973009682
0.11091645946019364,0.02853774972078364,3.0,-6.992437940695229
0.13984875881390457,0.034464396265743116,0.0,-5.020452912991336
0.10040905825982671,0.024168104873712456,1.0,-3.9260248960735042
0.07852049792147009,0.017704690987816067,1.0,-2.896213737337956
0.05792427474675912,0.0117780444428567,2.0,-2.8960679902234783
0.057921359804469566,0.01124507134465411,3.0,-4.081702216550407
0.08163404433100814,0.01663789460972338,4.0,-6.52901231974048
0.1305802463948096,0.028003538484292507,4.0,-9.193075471109921
0.18386150942219842,0.039908514283730885,0.0,-7.574001530512337
0.15148003061024676,0.03014643412819142,0.0,-5.435789788992862
0.10871579577985724,0.018241458328753037,4.0,-7.572245701229238
0.15144491402458476,0.028003538484292514,0.0,-5.840340113156394
0.11680680226312787,0.018241458328753037,4.0,-7.971741560426056
0.15943483120852114,0.028003538484292514,0.0,-6.25625051264721
0.1251250102529442,0.018241458328753037,2.0,-6.203313177615871
0.12406626355231742,0.01717342245756814,3.0,-7.440919564853078
0.14881839129706156,0.022566245722637473,1.0,-6.672304942950983
0.13344609885901965,0.01770639555577073,2.0,-6.724337894416187
0.13448675788832373,0.01717342245756814,2.0,-6.880835621479778
0.13761671242959556,0.01717342245756814,1.0,-5.945045662160084
0.11890091324320166,0.011780599192498869,2.0,-5.745160966458975
0.1149032193291795,-0.00945447125402498,1.0,-4.562274306560698
0.09124548613121396,-0.014847294519094285,1.0,-3.228575513868946
0.06457151027737892,-0.020773941064053704,2.0,-2.9247368335748876
0.05849473667149775,-0.021306914162256295,2.0,-2.725303968313945
0.054506079366278895,-0.021306914162256295,3.0,-3.8071844633275678
0.07614368926655135,-0.015914090897186983,3.0,-4.845639668137404
0.09691279336274808,-0.009987444352227573,0.0,-2.6790111279088924
0.05358022255817785,-0.020283735744258326,0.0,-0.1094353370923481
0.002188706741846962,-0.032188711543696805,2.0,-0.4240526097175809
-0.008481052194351617,-0.0332567474148817,2.0,-0.7278913317947069
-0.014557826635894139,-0.0332567474148817,2.0,-1.0324735085311634
-0.02064947017062327,-0.0332567474148817,1.0,-2.4174017271094774
-0.04834803454218955,-0.03864957067995097,1.0,-3.9599708336234714
-0.07919941667246942,-0.0445762172249104,4.0,-2.292291601216854
-0.04584583202433708,-0.03427992583287967,2.0,-2.387225998621062
-0.04774451997242124,-0.033211889961694774,3.0,-1.610282811825055
-0.0322056562365011,-0.02781906669662547,1.0,-2.8396676569090613
-0.05679335313818122,-0.03267891686349219,2.0,-3.2485479365735364
-0.06497095873147073,-0.033211889961694774,4.0,-1.1834378601622646
-0.02366875720324529,-0.022381773934970327,2.0,-1.1735258512599887
-0.023470517025199776,-0.02131373806378543,4.0,-0.8005617670038299
0.016011235340076597,-0.010483622037060982,2.0,-0.9134310261472804
0.01826862052294561,-0.009415586165876086,1.0,-0.263694766205126
-0.00527389532410252,-0.014808409430945389,1.0,-1.5973880240077234
-0.03194776048015447,-0.020735055975904807,0.0,-4.073554328890825
-0.0814710865778165,-0.03210069985047401,4.0,-2.415635095829579
-0.04831270191659158,-0.022338619694934458,0.0,-4.577829267028337
-0.09155658534056674,-0.03210069985047401,4.0,-2.917744730006737
-0.058354894600134745,-0.022338619694934458,0.0,-5.082579901091143
-0.10165159802182286,-0.03210069985047401,4.0,-3.4199655161148805
-0.06839931032229761,-0.022338619694934458,0.0,-5.587677319707049
-0.11175354639414097,-0.03210069985047401,4.0,-3.923329667339488
-0.07846659334678976,-0.022338619694934458,0.0,-6.0853895855680324
-0.12170779171136066,-0.03210069985047401,4.0,-4.22618572600461
-0.08452371452009219,-0.022338619694934458,4.0,-2.0437563015382407
-0.04087512603076482,-0.010433643895495979,0.0,-4.101353382388438
-0.08202706764776876,-0.020195724051035535,1.0,-5.591977280926676
-0.11183954561853351,-0.049913283545225555,4.0,-3.9792506733669035
-0.07958501346733807,-0.03961699215319481,4.0,-1.944162347817229
-0.03888324695634458,-0.02771201635375633,1.0,-3.0591331874954166
-0.06118266374990833,-0.03203765528413181,4.0,-1.2948335453741298
-0.025896670907482593,-0.02174136389210108,1.0,-2.3563987904341483
-0.04712797580868296,-0.026067002822476627,4.0,-0.5530269635092241
-0.011060539270184482,-0.015770711430445956,0.0,-2.6439205753623414
-0.05287841150724683,-0.025532791585985426,4.0,-0.9222665636059301
-0.0184453312721186,-0.015770711430445956,0.0,-3.021682639373174
-0.06043365278746349,-0.025532791585985426,3.0,-2.3917143698377155
-0.04783428739675431,-0.021207152655609882,1.0,-3.558598054458147
-0.07117196108916293,-0.026067002822476627,4.0,-1.744198333901826
-0.03488396667803652,-0.015770711430445956,0.0,-3.843459230968285
-0.0768691846193657,-0.025532791585985426,4.0,-1.9398816204436669
-0.038797632408873337,-0.015770711430445956,1.0,-2.9467827978809336
-0.05893565595761867,-0.02009635036082153,3.0,-2.1579018007183253
-0.043158036014366505,-0.015236500193954759,1.0,-3.271531957560592
-0.06543063915121185,-0.02009635036082153,4.0,-1.4113020432401238
-0.028226040864802477,-0.00980005896879087,3.0,-0.20484439354344322
-0.0040968878708688644,-0.0033366450828944526,1.0,-1.2128183533949553
-0.024256367067899107,-0.008196495249761224,1.0,-2.482859699364068
-0.049657193987281356,-0.014123141794720701,0.0,-4.895927738029152
-0.09791855476058303,-0.02548878566928982,4.0,-3.189098595855107
-0.06378197191710214,-0.01572670551375035,1.0,-4.197054636695893
-0.08394109273391787,-0.020052344444125923,4.0,-2.3378554357324504
-0.046757108714649005,-0.009756053052095263,3.0,-1.1290035757525687
-0.022580071515051373,-0.0032926391661988446,1.0,-2.1371550577781036
-0.042743101155562076,-0.008152489333065616,2.0,-2.12615508444538
-0.04252310168890759,-0.008685462431268208,3.0,-1.150187397295916
-0.023003747945918317,-0.0032926391661988446,1.0,-2.156192582018882
-0.043123851640377645,-0.008152489333065616,2.0,-2.343211335962158
-0.04686422671924316,-0.008685462431268208,0.0,-4.597982233595156
-0.09195964467190312,-0.01951557845799257,3.0,-3.9137664788748823
-0.07827532957749764,-0.015189939527616995,4.0,-1.7918040395456978
-0.03583608079091395,-0.003824295653047879,1.0,-2.6950756604085706
-0.053901513208171416,-0.008149934583423444,2.0,-2.883146530644123
-0.057662930612882454,-0.008682907681626039,1.0,-4.048174888908974
-0.08096349777817949,-0.014075730946695402,4.0,-2.1353296244435165
-0.04270659248887033,-0.013085109431210974,1.0,-3.038252446638976
-0.06076504893277952,-0.01741074836158654,4.0,-1.2752192741302715
-0.02550438548260543,-0.007114456969555881,1.0,-2.125025942451144
-0.04250051884902288,-0.011440095899931446,2.0,-2.25988540897275
-0.045197708179454996,-0.011973068998134035,4.0,-0.34113926026496705
-0.0068227852052993405,-0.0011429529714096708,4.0,-2.1214317209068048
0.042428634418136095,0.010762022828028699,4.0,-4.686717985574015
0.09373435971148031,0.02266699862746707,3.0,-6.071395219615361
0.12142790439230722,0.02913041251336351,4.0,-8.741314068786787
0.17482628137573575,0.04049605638793298,0.0,-6.976257948630256
0.13952515897260512,0.030733976232393153,2.0,-7.1074139199958495
0.142148278399917,0.02966594036120826,1.0,-6.314023087934849
0.12628046175869698,0.024273117096138892,1.0,-5.368113136363732
0.10736226272727464,0.018346470551179415,0.0,-3.088469462778253
0.061769389255565056,0.006980826676610282,0.0,-0.7996014794800155
0.01599202958960031,-0.004924149122828088,4.0,-2.786587710966393
0.055731754219327856,0.0048379310327113755,2.0,-2.929898819445877
0.05859797638891754,0.005905966903896277,4.0,-5.232146851803049
0.10464293703606098,0.016736082930620642,2.0,-5.676585410057319
0.11353170820114637,0.017804118801805543,1.0,-4.592077717447335
0.09184155434894671,0.012411295536736183,3.0,-5.7517199779531865
0.11503439955906374,0.017271145703602955,3.0,-7.025783680759801
0.140515673615196,0.02319779224856243,2.0,-7.369273983493474
0.14738547966986948,0.02373076534676502,2.0,-7.65675747347505
0.153135149469501,0.02373076534676502,1.0,-6.622157654765334
0.1324431530953067,0.01833794208169566,3.0,-7.834277219985365
0.1566855443997073,0.02319779224856243,0.0,-6.010735558500828
0.12021471117001656,0.012901500856531762,1.0,-4.862921653248501
0.09725843306497,0.006438086970635322,1.0,-3.5757829252157203
0.0715156585043144,0.0005114404256758456,1.0,-2.466364464820407
0.049327289296408144,-0.005415206119283631,1.0,-1.2795708662042449
0.025591417324084896,-0.011341852664243108,1.0,-0.13551790586166326
-0.002710358117233265,-0.017268499209202585,2.0,-0.3240663299755554
-0.006481326599511108,-0.017801472307405176,2.0,-0.41230767632701143
-0.008246153526540229,-0.017801472307405176,2.0,-0.7046786676097745
-0.01409357335219549,-0.017801472307405176,0.0,-2.9560045405692663
-0.05912009081138533,-0.02863158833412954,4.0,-1.1810823234599042
-0.023621646469198086,-0.018869508178590073,1.0,-2.1545253450276474
-0.043090506900552945,-0.019393827530016373,2.0,-2.5895159903622367
-0.05179031980724473,-0.019926800628218968,4.0,-0.5550923101738239
-0.011101846203476477,-0.009096684601494608,4.0,-1.778129506883467
0.03556259013766934,0.0028082911979437626,4.0,-4.2740450640542775
0.08548090128108556,0.014713266997382133,2.0,-4.626935351564493
0.09253870703128986,0.015781302868567035,2.0,-4.61366130122644
0.09227322602452878,0.015781302868567035,2.0,-4.797287573694441
0.09594575147388883,0.015781302868567035,1.0,-3.860636341689088
0.07721272683378176,0.010388479603497675,2.0,-3.8869408618228656
0.07773881723645731,0.009855506505295085,2.0,-4.018211243797807
0.08036422487595614,0.009855506505295085,2.0,-4.113198304353358
0.08226396608706717,0.009855506505295085,1.0,-2.9651723090869373
0.05930344618173875,0.004462683240225727,1.0,-1.826581897440132
0.03653163794880264,-0.0014639633047337504,4.0,-3.954009578050668
0.07908019156101335,0.008832328087296918,4.0,-6.468500446632957
0.12937000893265913,0.020737303886735288,1.0,-5.833144476856029
0.11666288953712059,0.016411664956359723,3.0,-6.800506146182021
0.1360101229236404,0.021271515123226493,2.0,-7.142383688443941
0.1428476737688788,0.02180448822142908,2.0,-7.334209538865046
0.14668419077730094,0.02180448822142908,3.0,-8.69894065167042
0.1739788130334084,0.02719731148649844,1.0,-7.96420703503792
0.15928414070075841,0.02233746131963167,1.0,-6.971687098655232
0.13943374197310462,0.016410814774672194,3.0,-7.937888322407527
0.15875776644815054,0.021270664941538963,3.0,-9.407515176299295
0.18815030352598588,0.02719731148649844,0.0,-7.539183165471305
0.1507836633094261,0.016901020094467773,3.0,-8.595533332963477
0.17191066665926955,0.021226659024843338,3.0,-9.868864969171245
0.1973772993834249,0.027153305569802815,0.0,-8.000857578766958
0.16001715157533916,0.016857014177772148,0.0,-5.959708052264946
0.11919416104529892,0.004952038378333777,2.0,-5.597383773097749
0.11194767546195498,0.0038840025071488755,4.0,-7.883637724666914
0.15767275449333829,0.01471411853387324,3.0,-9.401392211822257
0.18802784423644514,0.02117753241976968,1.0,-8.616900641958381
0.17233801283916764,0.01631768225290291,1.0,-7.574255378026963
0.15148510756053926,0.010391035707943433,1.0,-6.285839007533223
0.12571678015066445,0.004464389162983956,1.0,-5.145120939291125
0.10290241878582251,-0.0014622573819755207,2.0,-5.066894415546852
0.10133788831093704,-0.0019952304801781093,1.0,-4.180053471308089
0.08360106942616177,0.007323509744510532,1.0,-2.967567350753538
0.05935134701507076,0.0013968631995510555,2.0,-2.959476422876011
0.05918952845752022,0.0008638901013484626,2.0,-2.8790381385184767
0.05758076277036953,0.0008638901013484626,2.0,-2.998055873072828
0.05996111746145656,0.0008638901013484626,0.0,-0.7342921704968698
0.014685843409937397,-0.009966225925375898,4.0,-2.5053105591354785
0.05010621118270957,-0.00020414576983643432,1.0,-1.7516696114648564
0.035033392229297126,-0.004529784700212009,0.0,-0.6599552444078367
-0.013199104888156735,-0.015895428574781125,0.0,-3.0802336273948763
-0.06160467254789752,-0.027800404374219604,4.0,-1.4706237884588869
-0.029412475769177736,-0.01803832421868005,2.0,-1.2984426470580057
-0.025968852941160116,-0.016970288347495154,1.0,-2.6167323962191853
-0.052334647924383706,-0.022363111612564428,3.0,-1.7299867672470732
-0.034599735344941464,-0.017503261445697745,3.0,-0.7859202464820115
-0.01571840492964023,-0.011576614900738308,0.0,-2.837014807217834
-0.056740296144356675,-0.021872906292769025,4.0,-1.1743093459800744
-0.02348618691960149,-0.012110826137229504,2.0,-0.9508667299185887
-0.019017334598371773,-0.011042790266044607,0.0,-3.308392740029837
-0.06616785480059674,-0.021872906292769025,4.0,-1.4524630324218892
-0.029049260648437786,-0.012110826137229504,0.0,-3.5865777350605086
-0.07173155470121018,-0.021872906292769025,3.0,-3.0135823502643873
-0.06027164700528774,-0.017547267362393548,4.0,-0.7771028285582348
-0.015542056571164694,-0.006181623487824423,4.0,-1.4564191637205082
0.029128383274410162,0.0057233523116139474,4.0,-4.036925385890154
0.08073850771780307,0.01762832811105232,0.0,-2.1217967110897042
0.042435934221794085,0.007866247955512854,0.0,-0.11562372486206582
-0.0023124744972413164,-0.004038727843925516,2.0,-0.45908170603750365
-0.009181634120750074,-0.005106763715110413,3.0,-0.6974654187962971
0.013949308375925942,0.00028605954995895074,4.0,-2.8912774148805322
0.05782554829761064,0.011651703424528067,3.0,-4.40517299923039
0.08810345998460781,0.018115117310424506,3.0,-5.7031955439860695
0.11406391087972138,0.024041763855383983,3.0,-7.0205923690177805
0.14041184738035561,0.02996841040034346,3.0,-8.628369703699022
0.17256739407398045,0.035895056945302935,0.0,-6.715685720223319
0.13431371440446638,0.025598765553272267,4.0,-9.043924147856941
0.18087848295713882,0.03536084570881173,0.0,-7.277058054006158
0.14554116108012316,0.025598765553272267,2.0,-7.395036308169036
0.14790072616338074,0.051962762383683955,0.0,-5.712249164688541
0.11424498329377082,0.04113264635695959,0.0,-3.5236368566003184
0.07047273713200637,0.02922767055752122,3.0,-4.712484495366029
0.09424968990732059,0.033553309487896796,1.0,-4.104236168362287
0.08208472336724573,0.028693459321030026,2.0,-4.0954774366824145
0.08190954873364828,0.02816048622282743,2.0,-4.412109154465192
0.08824218308930384,0.02816048622282743,1.0,-3.6475668942161326
0.07295133788432265,0.02276766295775807,0.0,-1.425038576463423
0.02850077152926846,0.01140201908318895,0.0,-0.7984278573305117
-0.015968557146610236,-0.0005029567162495309,0.0,-3.1226845381341084
-0.06245369076268217,-0.01240793251568801,4.0,-1.4088725494829126
-0.028177450989658254,-0.0026458523601484607,1.0,-2.225538672465083
-0.04451077344930166,-0.006971491290523985,1.0,-3.6078389720799158
-0.07215677944159832,-0.012898137835483402,4.0,-1.590517465298884
-0.03181034930597768,-0.002601846443452652,0.0,-3.496614244490238
-0.06993228488980477,-0.0123639265989922,3.0,-2.872535703544404
-0.05745071407088809,-0.00803828766861668,0.0,-4.937021577737383
-0.09874043155474765,-0.01833457906064743,3.0,-4.16600487791276
-0.08332009755825522,-0.014008940130271914,4.0,-2.1343557398006134
-0.04268711479601227,-0.0026432962557027275,3.0,-0.7912781957403141
-0.01582556391480628,0.003820117630193631,2.0,-0.5865704742932647
-0.011731409485865294,0.004353090728396221,1.0,-1.7541731438647132
-0.03508346287729426,-0.0010397325366730782,0.0,-3.972711910669008
-0.07945423821338016,-0.012405376411242277,1.0,-5.312779090894618
-0.10625558181789237,-0.018868790297138643,4.0,-3.544155074080086
-0.07088310148160172,-0.00857249890510789,2.0,-3.3310110672384754
-0.0666202213447695,-0.0075044630339229906,2.0,-3.327267045449391
-0.06654534090898781,-0.0075044630339229906,2.0,-3.523640160558375
-0.0704728032111675,-0.0075044630339229906,2.0,-3.5201270517661682
-0.07040254103532337,-0.0075044630339229906,4.0,-1.3485519923431577
-0.026971039846863155,0.0033256529928014575,3.0,-0.1485283346364253
-0.0029705666927285065,0.009789066878697789,2.0,-0.11770889296312441
0.0023541778592624883,0.01032203997690038,2.0,-0.2787662779820542
0.005575325559641084,0.01032203997690038,4.0,-2.410731565548956
0.04821463131097912,0.021152156003624745,1.0,-1.8037597129094212
0.03607519425818843,0.016826517073249173,3.0,-2.993432846658628
0.05986865693317256,0.021686367240115943,3.0,-4.245331998601275
0.0849066399720255,0.027613013785075417,4.0,-6.864734186122831
0.13729468372245662,0.04690427709014911,2.0,-7.494437853181919
0.14988875706363838,0.04797231296133401,2.0,-7.914868543437158
0.15829737086874315,0.04797231296133401,0.0,-6.137490203215
0.1227498040643,0.03714219693460965,2.0,-6.2448593749838155
0.12489718749967631,0.03607416106342475,3.0,-7.642735689269383
0.15285471378538767,0.04146698432849411,3.0,-9.223345152456325
0.18446690304912652,0.04739363087345359,0.0,-7.550198089263022
0.15100396178526043,0.03709733948142292,2.0,-7.65717989136062
0.1531435978272124,0.036029303610238025,4.0,-10.171339866729436
0.20342679733458874,0.046859419636962385,0.0,-8.602694798515751
0.172053895970315,0.03709733948142292,0.0,-6.496856766210839
0.12993713532421677,0.02519236368198455,3.0,-7.598951343367254
0.15197902686734507,0.029518002612360126,0.0,-5.765268765110103
0.11530537530220206,0.019221711220329462,0.0,-3.5370821835248725
0.07074164367049744,0.0073167354208909805,2.0,-3.38247009238472
0.0676494018476944,0.006248699549706086,1.0,-2.3560135682878
0.04712027136575599,0.0008558762846367739,3.0,-3.3359747783459626
0.06671949556691925,0.005715726451503495,4.0,-5.676972282774965
0.11353944565549931,0.0170813703260727,2.0,-6.045975321462271
0.12091950642924543,0.018149406197257596,0.0,-4.023435265426337
0.08046870530852675,0.007319290170533145,4.0,-6.0409345887391215
0.12081869177478244,0.0170813703260727,3.0,-7.504003658227646
0.1500800731645529,0.023544784211969098,3.0,-8.91964821570565
0.178392964314113,0.029471430756928575,0.0,-7.0842988734034265
0.14168597746806852,0.019175139364897904,3.0,-8.129876949398582
0.16259753898797163,0.023500778295273455,1.0,-7.349773534905096
0.14699547069810193,0.018640928128406706,2.0,-7.404611650617
0.14809223301234,0.018107955030204115,2.0,-7.563915881586213
0.15127831763172425,0.018107955030204115,3.0,-8.80448209629477
0.17608964192589538,0.023500778295273455,0.0,-6.93748002617818
0.1387496005235636,0.01320448690324273,3.0,-7.916468536049718
0.15832937072099434,0.01753012583361821,2.0,-8.17957297597987
0.1635914595195974,0.0180630989318208,3.0,-9.432154248735724
0.18864308497471446,0.02345592219689014,0.0,-7.554698322514243
0.15109396645028486,0.013159630804859417,3.0,-8.541964922998071
0.17083929845996143,0.017485269735234895,2.0,-8.804837457208945
0.17609674914417892,0.018018242833437486,2.0,-8.963297226682407
0.17926594453364814,0.018018242833437486,0.0,-6.934743083086985
0.1386948616617397,0.007188126806713036,1.0,-5.697473961981471
0.11394947923962942,0.0007247129208166655,2.0,-5.594414119084922
0.11188828238169843,0.00019173982261407719,3.0,-6.678409143696343
0.13356818287392686,0.005584563087683389,0.0,-4.663435628360821
0.09326871256721642,-0.004711728304347357,0.0,-2.235310646791073
0.04470621293582146,-0.016616704103785837,1.0,-0.7900389133919858
0.015800778267839717,-0.023080117989682226,2.0,-0.4812105083480308
0.009624210166960617,-0.02361309108788482,0.0,-1.9069819158114478
-0.038139638316228956,-0.03444320711460918,4.0,-0.25041464544908376
-0.005008292908981676,-0.024681126959069717,2.0,-0.2449483651234785
-0.00489896730246957,-0.02361309108788482,2.0,-0.44636771373780365
-0.008927354274756074,-0.02361309108788482,4.0,-1.5203764827521198
0.030407529655042398,-0.012782975061160393,1.0,-0.5448589805596329
0.010897179611192657,-0.017108613991535872,3.0,-1.3664186524628281
0.02732837304925656,-0.012248763824669192,4.0,-3.5395313237699577
0.07079062647539916,-0.0008831199500999846,0.0,-1.578837008923081
0.03157674017846162,-0.010645200105639536,0.0,-0.9137280097275885
-0.01827456019455177,-0.02255017590507799,4.0,-0.8606932061365724
0.01721386412273145,-0.01278809574953846,2.0,-0.9648224636193109
0.019296449272386218,-0.011720059878353563,2.0,-0.8607445746166287
0.017214891492332574,-0.011720059878353563,3.0,-1.8372925522173957
0.03674585104434792,-0.006327236613284258,3.0,-2.9712978922273336
0.05942595784454667,-0.00040059006832484056,3.0,-4.159878376367823
0.08319756752735645,0.005526056476634575,3.0,-5.399327609885974
0.1079865521977195,0.011452703021593983,3.0,-6.690600538744588
0.13381201077489177,0.017379349566553348,1.0,-5.8710757555567294
0.11742151511113459,0.012519499399686669,1.0,-4.7846264958362505
0.09569252991672501,0.006592852854727271,3.0,-5.821620068781827
0.11643240137563653,0.011452703021593983,3.0,-7.113124531786794
0.14226249063573587,0.017379349566553348,4.0,-9.560812060497133
0.19121624120994266,0.028744993441122475,0.0,-7.845946533323356
0.15691893066646712,0.018982913285583002,3.0,-8.875660235256712
0.17751320470513424,0.023308552215958546,3.0,-10.286142897764723
0.20572285795529446,0.029235198760918023,0.0,-8.465166709872875
0.1693033341974575,0.018938907368887353,0.0,-6.221949780128915
0.12443899560257829,0.007033931569448871,2.0,-6.065178530588463
0.12130357061176926,0.005965895698263977,3.0,-7.198985659146747
0.14397971318293495,0.011358718963333278,1.0,-6.326587728303715
0.1265317545660743,0.006498868796466565,3.0,-7.356097606120722
0.14712195212241444,0.011358718963333278,3.0,-8.655948866619328
0.17311897733238657,0.017285365508292645,0.0,-6.730965190432928
0.13461930380865855,0.00698907411626189,0.0,-4.401587599399568
0.08803175198799137,-0.004915901683176584,0.0,-1.9771953816345234
0.039543907632690466,-0.016820877482615064,3.0,-2.690867598316819
0.05381735196633638,-0.012495238552239584,3.0,-3.76409132611508
0.0752818265223016,-0.006568592007280186,3.0,-4.897154746523114
0.09794309493046228,-0.0006419454623207684,0.0,-2.8333402148699975
0.05666680429739995,-0.010938236854351519,1.0,-1.4366093932583104
0.02873218786516621,-0.01740165074024785,0.0,-1.0011898974843363
-0.020023797949686728,-0.028767294614816974,1.0,-2.55387390511392
-0.051077478102278404,-0.035230708500713394,1.0,-4.053659709525118
-0.08107319419050238,-0.04115735504567287,2.0,-4.523794356135479
-0.09047588712270958,-0.04169032814387545,3.0,-3.8082619337182564
-0.07616523867436513,-0.03629750487880609,2.0,-4.017776772854071
-0.08035553545708142,-0.0357645317806035,3.0,-3.2310531221953847
-0.0646210624439077,-0.030371708515534137,3.0,-2.307159969565948
-0.04614319939131896,-0.024445061970574663,3.0,-1.3314401327276435
-0.02662880265455287,-0.01851841542561521,0.0,-3.55661476886777
-0.07113229537735541,-0.028814706817645884,2.0,-4.028277337662668
-0.08056554675325335,-0.02988274268883078,3.0,-3.209473996008447
-0.06418947992016893,-0.024489919423761417,1.0,-4.396967524405735
-0.0879393504881147,-0.029349769590628186,1.0,-5.84521614053494
-0.1169043228106988,-0.035276416135587664,4.0,-4.092812073070979
-0.0818562414614196,-0.024980124743557004,4.0,-1.9055971319196938
-0.038111942638393875,-0.013075148944118571,4.0,-0.3838213769205918
0.007676427538411837,-0.0011701731446800922,2.0,-0.5899942012318733
0.011799884024637466,-0.00010213727349519516,1.0,-0.5033779847906814
-0.010067559695813627,-0.0054949605385645065,2.0,-0.657805708943908
-0.013156114178878159,-0.006027933636767097,2.0,-0.7095261024633025
-0.01419052204926605,-0.006027933636767097,2.0,-0.761924593752913
-0.01523849187505826,-0.006027933636767097,2.0,-0.8148703824446732
-0.016297407648893463,-0.006027933636767097,1.0,-1.9494074253789937
-0.038988148507579874,-0.011420756901836398,4.0,-0.06790501389972889
0.0013581002779945778,-0.0011244655098056444,4.0,-2.398932715895432
0.04797865431790864,0.010780510289632832,2.0,-2.7127427179516985
0.05425485435903397,0.011848546160817729,4.0,-4.988666561096775
0.0997733312219355,0.022678662187542154,2.0,-5.406504289515542
0.10813008579031085,0.02374669805872705,2.0,-5.615106504658671
0.11230213009317343,0.02374669805872705,4.0,-8.012612482380838
0.16025224964761675,0.034576814085451414,4.0,-10.757910989991718
0.21515821979983435,0.04648178988488979,0.0,-9.16170947639883
0.1832341895279766,0.03671970972935032,2.0,-9.265360112697453
0.18530720225394906,0.03565167385816542,4.0,-11.80070932003276
0.23601418640065522,0.04648178988488979,0.0,-10.203976327324549
0.20407952654649097,0.03671970972935032,0.0,-8.098741466362599
0.161974829327252,0.02481473392991195,4.0,-10.30634847326651
0.2061269694653302,0.034576814085451414,0.0,-8.619438280623996
0.1723887656124799,0.02481473392991195,2.0,-8.61883679578894
0.1723767359157788,0.023746698058727055,2.0,-8.827541218267934
0.17655082436535868,0.023746698058727055,2.0,-9.036261623989366
0.18072523247978733,0.023746698058727055,3.0,-10.344012911064047
0.20688025822128092,0.02913952132379642,0.0,-8.505879979741959
0.1701175995948392,0.018843229931765747,2.0,-8.452944593884704
0.16905889187769407,0.01777519406058085,2.0,-8.609320634786744
0.1721864126957349,0.01777519406058085,2.0,-8.765721050632502
0.17531442101265005,0.01777519406058085,2.0,-8.922144559582943
0.17844289119165885,0.01777519406058085,1.0,-7.985962160603916
0.1597192432120783,0.01238237079551158,1.0,-6.8973333015734895
0.1379466660314698,0.006455724250552182,1.0,-5.761530373572236
0.11523060747144472,0.0005290777055927637,3.0,-6.74111318110104
0.13482226362202082,0.005388927872459485,3.0,-7.979280101623094
0.1595856020324619,0.011315574417418893,0.0,-6.012347631576733
0.12024695263153466,0.0010192830253881403,0.0,-3.631246717826903
0.07262493435653805,-0.010885692774050335,4.0,-5.4885070745702595
0.10977014149140518,-0.0011236126185107831,1.0,-4.615596686798693
0.09231193373597386,-0.005449251548886306,0.0,-2.2932069233484063
0.04586413846696813,-0.01681489542345551,1.0,-0.8449988630153702
0.016899977260307404,-0.023278309309351906,0.0,-1.6426993183852838
-0.03285398636770568,-0.034643953183921015,3.0,-1.0846340461353572
-0.021692680922707146,-0.030318314253545444,2.0,-1.2420121161565936
-0.02484024232313187,-0.02978534115534285,1.0,-2.584446060649811
-0.05168892121299622,-0.03517816442041222,0.0,-5.174153446814098
-0.10348306893628197,-0.04654380829498133,4.0,-3.6294937093801254
-0.07258987418760252,-0.027654883476356844,4.0,-1.5406467251268288
-0.030812934502536575,-0.015749907676918473,2.0,-1.3409786147625375
-0.026819572295250747,-0.014681871805733578,3.0,-0.4698568736150911
-0.009397137472301823,-0.009289048540664244,1.0,-1.4047113192939236
-0.028094226385878475,-0.014148898707530985,2.0,-1.7186242346197924
-0.03437248469239585,-0.014681871805733578,1.0,-3.009148736402273
-0.06018297472804546,-0.02007469507080294,1.0,-4.257378192569362
-0.08514756385138725,-0.026001341615762417,4.0,-2.4870756012577906
-0.04974151202515581,-0.01570505022373176,1.0,-3.3677267424793116
-0.06735453484958623,-0.020030689154107335,3.0,-2.651521729082215
-0.05303043458164429,-0.015170838987240563,0.0,-4.946975784733213
-0.09893951569466426,-0.025467130379271223,4.0,-3.0780932033188257
-0.061561864066376516,-0.01570505022373176,1.0,-4.159222675890828
-0.08318445351781657,-0.020030689154107335,1.0,-5.4066934039569805
-0.1081338680791396,-0.02595733569906681,4.0,-3.652711231375002
-0.07305422462750004,-0.015661044307036152,0.0,-5.823483063961791
-0.11646966127923582,-0.025423124462575615,4.0,-3.9572822102761225
-0.07914564420552245,-0.015661044307036152,1.0,-5.037695798156871
-0.1007539159631374,-0.019986683237411727,4.0,-3.0319202360353765
-0.06063840472070753,-0.009690391845381056,0.0,-5.150406050534544
-0.10300812101069087,-0.01945247200092053,3.0,-4.538647051016998
-0.09077294102033996,-0.015126833070544955,4.0,-2.2574492945471314
-0.04514898589094263,-0.0037611891959757793,2.0,-2.152384443459963
-0.043047688869199255,-0.0026931533247908823,3.0,-0.9780164389951471
-0.019560328779902943,0.002699669940278422,1.0,-2.0059087367258797
-0.04011817473451759,-0.002160180226588292,1.0,-3.295814425615044
-0.06591628851230089,-0.008086826771547657,3.0,-2.266084066555501
-0.04532168133111002,-0.0032269766046809775,4.0,-0.0936254108182872
-0.0018725082163657438,0.00813866726988823,0.0,-1.855561855530172
-0.03711123711060344,-0.0016234128856513215,0.0,-4.341582173633159
-0.08683164347266317,-0.013528388685089774,4.0,-2.5878135206250263
-0.05175627041250053,-0.003766308529550246,2.0,-2.2836708627086857
-0.04567341725417371,-0.002698272658365349,3.0,-1.299526223545353
-0.02599052447090706,0.0026945506067039553,1.0,-2.127161863042881
-0.04254323726085761,-0.002165299560162758,2.0,-2.335141839130006
-0.04670283678260012,-0.002698272658365349,1.0,-3.5199789654604263
-0.07039957930920852,-0.00809109592343462,3.0,-2.499083380094554
-0.049981667601891086,-0.0032312457565679396,1.0,-3.380249275665206
-0.06760498551330411,0.027346924737742622,1.0,-4.32280638590961
-0.0864561277181922,0.021420278192783197,1.0,-5.317529927074772
-0.10635059854149545,0.015493631647823719,4.0,-3.100146565873252
-0.06200293131746504,0.02578992303985439,0.0,-4.832130268527002
-0.09664260537054004,0.016027842884314913,2.0,-4.903590132527864
-0.09807180265055727,0.014959807013130018,0.0,-6.937525110889441
-0.1387505022177888,0.004129690986405653,4.0,-4.920956313009496
-0.09841912626018992,0.013891771141945116,0.0,-6.7681905631638735
-0.13536381126327748,0.004129690986405653,4.0,-4.94764995467945
-0.09895299909358901,0.013891771141945116,2.0,-4.581715395101778
-0.09163430790203556,0.014959807013130013,2.0,-4.44292569310211
-0.0888585138620422,0.014959807013130013,0.0,-6.498993171549961
-0.12997986343099924,0.004129690986405653,4.0,-4.479802291500122
-0.08959604583000244,0.013891771141945116,3.0,-3.032012619739723
-0.06064025239479446,0.020355185027841536,1.0,-3.8182032381795854
-0.07636406476359171,0.015495334860974763,1.0,-4.86576522438625
-0.09731530448772499,0.009568688316015287,4.0,-2.6962474588406726
-0.05392494917681345,0.019864979708045946,1.0,-3.3763868179616674
-0.06752773635923334,0.015539340777670371,2.0,-3.3415336680169423
-0.06683067336033885,0.015006367679467779,2.0,-3.2028446959007173
-0.06405689391801435,0.015006367679467779,2.0,-3.0648128897515345
-0.061296257795030694,0.015006367679467779,3.0,-1.8274848677982056
-0.03654969735596411,0.020399190944537144,1.0,-2.6124838214999553
-0.0522496764299991,0.015539340777670371,3.0,-1.6959479169507903
-0.0339189583390158,0.020399190944537144,1.0,-2.4826185807816485
-0.04965237161563297,0.015539340777670371,3.0,-1.3525084728757975
-0.027050169457515948,0.020399190944537144,2.0,-1.0551799663113075
-0.02110359932622615,0.020932164042739735,0.0,-3.034526601627483
-0.06069053203254966,0.010102048016015375,0.0,-5.35708273707574
-0.1071416547415148,-0.0018029277834229994,3.0,-4.476637587703119
-0.08953275175406238,0.002522711146952567,4.0,-2.1459246419194042
-0.042918492838388084,0.0138883550215217,0.0,-3.9690694516359857
-0.07938138903271971,0.004126274865982236,3.0,-3.0634778548909756
-0.06126955709781952,0.008451913796357803,4.0,-0.6857921745495111
-0.013715843490990223,0.019817557670926914,0.0,-2.4538518074060307
-0.04907703614812061,0.01005547751538745,2.0,-2.5771422212997463
-0.051542844425994924,0.008987441644202553,2.0,-2.492062047711242
-0.04984124095422483,0.008987441644202553,3.0,-1.3078446031325646
-0.026156892062651295,0.033006949307837506,2.0,-0.863923572744586
-0.017278471454891718,0.033539922406040104,1.0,-1.6087538799563301
-0.0321750775991266,0.028147099140970737,4.0,-0.7661249035978264
0.015322498071956528,0.0384433905330014,0.0,-1.0095978828326755
-0.020191957656653513,0.028681310377461935,4.0,-1.2391050386828548
0.024782100773657095,0.0384433905330014,0.0,-0.3237233098713365
-0.00647446619742673,0.028681310377461935,3.0,-0.8407906607626859
0.01681581321525372,0.033006949307837506,3.0,-2.164903787590183
0.04329807575180366,0.03893359585279699,0.0,-0.510855849042335
0.0102171169808467,0.028637304460766327,0.0,-1.5924037178145591
-0.03184807435629118,0.016732328661327952,1.0,-2.7077707712615524
-0.05415541542523104,0.010268914775431511,3.0,-1.7743249988756271
-0.03548649997751254,0.015128764942298282,3.0,-0.410501458464375
-0.0082100291692875,0.021055411487257758,2.0,-0.12349863430307784
-0.0024699726860615565,0.02158838458546035,1.0,-1.099617392775243
-0.02199234785550486,0.01619556132039099,1.0,-2.1071234084263537
-0.04214246816852707,0.010268914775431511,3.0,-0.9801287216884923
-0.019602574433769844,0.015128764942298282,3.0,-0.38726288948254206
0.007745257789650841,0.021055411487257758,3.0,-1.6051516929754697
0.0321030338595094,0.026982058032217236,3.0,-3.0754852432156534
0.061509704864313064,0.03290870457717671,0.0,-1.3645768663328028
0.027291537326656057,0.022612413185146053,2.0,-1.387069884922699
0.02774139769845398,0.021544377313961152,2.0,-1.443999950017541
0.02887999900035082,0.021544377313961152,2.0,-1.6717932040732282
0.03343586408146456,0.021544377313961152,0.0,-0.2543068963281411
-0.005086137926562822,0.010714261287236787,3.0,-0.7544442447262812
0.015088884894525626,0.015039900217612354,2.0,-0.8382487848187337
0.016764975696374675,0.015572873315814943,2.0,-1.045610096339211
0.02091220192678422,0.015572873315814943,3.0,-2.300080169505923
0.04600160339011845,0.0209656965808843,3.0,-3.7152998218721955
0.07430599643744391,0.02689234312584378,1.0,-2.8485094757287333
0.056970189514574665,0.022032492958977006,4.0,-5.120845682859082
0.10241691365718164,0.032328784351007674,4.0,-7.826677743378201
0.156533554867564,0.044233760150446055,0.0,-6.334345379428623
0.12668690758857246,0.034471679994906586,0.0,-4.109966813777995
0.08219933627555989,0.02256670419546821,1.0,-3.075201338391435
0.0615040267678287,0.016103290309571774,2.0,-3.147115778067588
0.06294231556135176,0.01234844561018164,1.0,-2.075115551540966
0.04150231103081932,0.006955622345112279,1.0,-1.0127677002544906
0.020255354005089814,0.0010289758001528022,1.0,-0.2746063738691441
-0.005492127477382882,-0.0048976707448066745,0.0,-2.5240775287199266
-0.050481550574398536,-0.01626331461937581,3.0,-1.7434911830610287
-0.03486982366122057,-0.01193767568900024,0.0,-4.043810629399902
-0.08087621258799803,-0.022233967081031005,2.0,-4.346850156758158
-0.08693700313516317,-0.0233020029522159,0.0,-6.7169269784207275
-0.13433853956841454,-0.03413211897894062,2.0,-7.368671048865605
-0.1473734209773121,-0.03520015485012551,4.0,-5.390894136004095
-0.1078178827200819,-0.024370038823400792,3.0,-4.384671123792687
-0.08769342247585374,-0.01790662493750438,2.0,-4.323523913665979
-0.08647047827331958,-0.017373651839301788,1.0,-5.495677819739317
-0.10991355639478635,-0.02276647510437115,4.0,-3.7197771871784022
-0.07439554374356805,-0.012470183712340384,1.0,-4.629364176717035
-0.09258728353434069,-0.01679582264271595,4.0,-2.8040653443441554
-0.056081306886883106,-0.006499531250685281,2.0,-2.5785208726522244
-0.05157041745304449,-0.00543149537950038,2.0,-2.7590756510692573
-0.055181513021385145,-0.00543149537950038,3.0,-1.6199739411234602
-0.0323994788224692,-3.867211443102028e-05,3.0,-0.3792173154786132
-0.007584346309572264,0.0058879744305284564,3.0,-0.7825301047713222
0.015650602095426444,0.011814620975487933,2.0,-1.0624376380788885
0.021248752761577772,0.012347594073690522,2.0,-1.0434538315171438
0.020869076630342875,0.012347594073690522,2.0,-1.246244046746551
0.024924880934931018,0.012347594073690522,2.0,-1.4223752598443005
0.02844750519688601,0.012347594073690522,4.0,-3.5734079611846425
0.07146815922369285,0.023177710100414885,2.0,-4.066033616141022
0.08132067232282043,0.024245745971599782,3.0,-5.431409622003923
0.10862819244007846,0.029638569236669146,3.0,-6.7543650919902385
0.13508730183980477,0.03556521578162863,3.0,-8.32885327892526
0.1665770655785052,0.04149186232658807,2.0,-8.874122501918272
0.17748245003836544,0.042024835424790664,0.0,-6.957975895305438
0.13915951790610875,0.031194719398066298,3.0,-8.16641436554213
0.1633282873108426,0.03552035832844187,2.0,-8.459747490397637
0.16919494980795274,0.036053331426644464,3.0,-9.929681951595875
0.19859363903191748,0.0414461546917138,4.0,-12.631339528877906
0.2526267905775581,0.052811798566283014,0.0,-11.02952607514788
0.2205905215029576,0.043049718410743454,0.0,-8.915369604754543
0.17830739209509086,0.005927976712262253,0.0,-6.512239295476668
0.13024478590953337,-0.005976999087176117,4.0,-8.482511889972947
0.16965023779945893,0.0037850810683633463,4.0,-10.971966920050244
0.21943933840100488,0.015690056867801724,2.0,-11.222895198992616
0.2244579039798523,0.01675809273898662,0.0,-9.31839309825372
0.1863678619650744,0.005927976712262253,4.0,-11.203757578836901
0.22407515157673802,0.015690056867801724,0.0,-9.512143119676113
0.19024286239352226,0.005927976712262253,4.0,-11.382995257623298
0.22765990515246598,0.015690056867801724,0.0,-9.688453322480568
0.19376906644961134,0.005927976712262253,4.0,-11.573388200881496
0.23146776401762992,0.015690056867801724,0.0,-9.882352191546222
0.19764704383092443,0.005927976712262253,4.0,-11.752435496994547
0.23504870993989094,0.015690056867801724,0.0,-10.058537388876513
0.20117074777753025,0.005927976712262253,2.0,-9.804403178130332
0.19608806356260663,0.004859940841077356,1.0,-8.88005749994477
0.17760114999889542,-0.0005328824239920078,1.0,-7.603948860735286
0.1520789772147057,-0.006459528968951485,3.0,-8.586544554196513
0.17173089108393025,-0.0015996788020847137,2.0,-8.575403286204393
0.1715080657240879,-0.0010667057038821208,3.0,-9.740082651340767
0.19480165302681535,0.004326117561187243,2.0,-9.780902798636685
0.1956180559727337,0.004859090659389836,2.0,-9.916454748520954
0.1983290949704191,0.004859090659389836,2.0,-9.853030970210003
0.19706061940420005,0.004859090659389836,1.0,-8.927019506564886
0.17854039013129772,-0.0005337326056795279,1.0,-7.648712110342712
0.15297424220685424,-0.006460379150639004,1.0,-6.3225819066569775
0.12645163813313956,-0.012387025695598481,1.0,-5.146674693666489
0.10293349387332977,-0.01831367224055796,1.0,-3.6886101445632526
0.07377220289126504,-0.024240318785517436,1.0,-2.414492939461436
0.048289858789228715,-0.030166965330476914,4.0,-4.067499977839455
0.08134999955678911,-0.019870673938446243,4.0,-6.375643750149075
0.1275128750029815,-0.007965698139007873,4.0,-8.743769876981146
0.17487539753962292,0.0039392776604304965,2.0,-8.891123948661235
0.17782247897322473,0.005007313531615393,0.0,-6.897742801015967
0.13795485602031934,-0.005822802495108967,2.0,-6.521645247940615
0.1304329049588123,-0.006890838366293868,2.0,-6.579387711243745
0.1315877542248749,-0.006890838366293868,0.0,-4.272691938027815
0.0854538387605563,-0.017720954393018233,3.0,-5.069931952996135
0.1013986390599227,-0.013395315462642667,4.0,-6.8991341680508045
0.1379826833610161,-0.034348138839964085,1.0,-5.713508902280634
0.11427017804561268,-0.03867377777033966,1.0,-4.162485477293114
0.08324970954586228,-0.04460042431529914,4.0,-5.812188824066404
0.11624377648132808,-0.03430413292326847,2.0,-5.9067482044827635
0.11813496408965526,-0.03323609705208357,2.0,-5.59362292951173
0.1118724585902346,-0.03323609705208357,1.0,-4.19926300913201
0.0839852601826402,-0.03862892031715293,2.0,-3.7299497300514077
0.07459899460102816,-0.039161893415355524,3.0,-4.446297808643943
0.08892595617287888,-0.033769070150286164,3.0,-5.2987372417038525
0.10597474483407705,-0.02784242360532669,1.0,-4.080726973943081
0.08161453947886162,-0.03270227377219346,3.0,-4.724883292694803
0.09449766585389606,-0.02784242360532669,1.0,-3.5061358204678554
0.0701227164093571,-0.03270227377219346,0.0,-0.917331078657029
0.01834662157314058,-0.04406791764676258,0.0,-1.6891582662861042
-0.033783165325722085,-0.05597289344620095,2.0,-2.4177743899884234
-0.04835548779976846,-0.05704092931738585,4.0,-0.7684235018643293
-0.015368470037286586,-0.046210813290661484,2.0,-0.9744848720665461
-0.019489697441330923,-0.04514277741947658,3.0,-0.31507185350776284
-0.006301437070155257,-0.03974995415440722,4.0,-1.6078194012788118
0.03215638802557624,-0.028384310279838086,3.0,-2.6376114202499243
0.05275222840499849,-0.02192089639394167,4.0,-4.704680355853231
0.09409360711706463,-0.010555252519372494,4.0,-6.975247788661773
0.13950495577323546,0.0013497232800659849,0.0,-5.217591516595216
0.10435183033190432,-0.008412356875473566,3.0,-5.984827733393294
0.11969655466786588,-0.004086717945098055,3.0,-7.114446386051548
0.14228892772103097,0.0018399285998613633,0.0,-5.049616619736598
0.10099233239473197,-0.008456362792169386,0.0,-2.5715083499112663
0.05143016699822532,-0.02036133859160784,3.0,-3.234032662644859
0.06468065325289718,-0.01603569966123229,1.0,-2.0995316759849376
0.041990633519698756,-0.020895549828099033,3.0,-2.866892993971856
0.05733785987943711,-0.01603569966123229,2.0,-2.813758056286066
0.05627516112572132,-0.0155027265630297,1.0,-1.57577874175036
0.0315155748350072,-0.020895549828099033,4.0,-3.6328638042500456
0.07265727608500092,-0.01059925843606831,3.0,-4.818852158966344
0.09637704317932687,-0.004135844550171947,3.0,-5.950906427137292
0.11901812854274582,0.0017908019947874706,3.0,-7.136074299739535
0.1427214859947907,0.007717448539746884,4.0,-9.470024455459537
0.18940048910919077,0.016648647443609135,0.0,-7.6563053310843205
0.1531261066216864,0.00688656728806958,1.0,-6.413805529226827
0.12827611058453653,0.0004231534021732101,2.0,-6.308432543991947
0.12616865087983895,-0.00010981969602937915,4.0,-8.483035278036482
0.16966070556072965,0.01072029633069507,0.0,-6.619781380293262
0.13239562760586526,0.0009582161751555165,2.0,-6.40980640206277
0.1281961280412554,-0.00010981969602937883,0.0,-4.243583533190732
0.08487167066381464,-0.010939935722753827,2.0,-3.928451835029056
0.07856903670058112,-0.012007971593938724,1.0,-2.7414206940809738
0.05482841388161948,-0.017400794859007994,3.0,-3.5607701076702414
0.07121540215340483,-0.012540944692141315,3.0,-4.640975566570737
0.09281951133141474,-0.006614298147181915,2.0,-4.691678706743902
0.09383357413487804,-0.006081325048979326,2.0,-4.638031424319348
0.09276062848638697,-0.006081325048979326,2.0,-4.584463337095663
0.09168926674191326,-0.006081325048979326,2.0,-4.530977253961417
0.09061954507922834,-0.006081325048979326,2.0,-4.477576113613045
0.0895515222722609,-0.006081325048979326,1.0,-3.3494921365714876
0.06698984273142974,-0.011474148314048627,2.0,-3.139129661565543
0.06278259323131086,-0.012007121412251218,2.0,-3.033262366285736
0.060665247325714725,-0.012007121412251218,2.0,-2.9274861871030473
0.058549723742060945,-0.012007121412251218,0.0,-0.6524541464261022
0.013049082928522044,-0.022837237438975644,0.0,-1.946869852422179
-0.03893739704844358,-0.03474221323841401,2.0,-2.470389965480969
-0.04940779930961938,-0.03581024910959891,2.0,-2.7847007915095494
-0.05569401583019099,-0.03581024910959891,1.0,-4.180219307164711
-0.08360438614329421,-0.04120307237466827,2.0,-4.650740807601056
-0.09301481615202113,-0.04173604547287086,2.0,-5.016826176950139
-0.10033652353900277,-0.04173604547287086,4.0,-3.1902734463479163
-0.06380546892695833,-0.030905929446146493,3.0,-2.1611938480405515
-0.04322387696081103,-0.024442515560250073,3.0,-1.1860852038024663
-0.023721704076049326,-0.018515869015290624,3.0,-0.17952210956801928
-0.003590442191360386,-0.012589222470331259,2.0,-0.17514721875343164
-0.0035029443750686324,-0.012056249372128668,2.0,-0.26569983814838094
-0.005313996762967618,-0.012056249372128668,3.0,-0.7211931790818051
0.014423863581636104,-0.006663426107059366,2.0,-0.7703538130846733
0.015407076261693468,-0.006130453008856776,2.0,-0.7157388159977279
0.014314776319954559,-0.006130453008856776,4.0,-2.83279882525792
0.0566559765051584,0.004699663017867667,4.0,-5.27227285978888
0.10544545719577761,0.016604638817306148,2.0,-5.636998873087719
0.11273997746175438,0.017672674688491045,3.0,-6.87370713716191
0.1374741427432382,0.023065497953560374,2.0,-7.185411468232629
0.14370822936465258,0.023598471051762968,2.0,-7.392710574284958
0.14785421148569916,0.023598471051762968,4.0,-9.809059566347308
0.19618119132694617,0.03442858707848733,0.0,-8.12014562573218
0.1624029125146436,0.024666506922947865,3.0,-9.217151873662203
0.18434303747324407,0.02899214585332344,0.0,-7.378811000699055
0.1475762200139811,0.018695854461292766,1.0,-6.234497979977709
0.12468995959955417,0.012232440575396433,2.0,-6.232772831972083
0.12465545663944166,0.011699467477193842,0.0,-4.161459461068346
0.08322918922136692,0.0008693514504693932,0.0,-1.7785252792660708
0.03557050558532142,-0.011035624348969082,0.0,-0.7054596356094573
-0.014109192712189148,-0.022940600148407535,3.0,-0.05262814982029072
-0.0010525629964058144,-0.018614961218031984,0.0,-2.268196077643966
-0.04536392155287932,-0.028911252610062655,0.0,-4.935345787540462
-0.09870691575080924,-0.040816228409501026,2.0,-5.511990647865214
-0.11023981295730427,-0.04188426428068592,2.0,-5.879351975106228
-0.11758703950212457,-0.04188426428068592,1.0,-7.357287988294586
-0.14714575976589173,-0.047277087545755284,4.0,-5.65680355953616
-0.11313607119072319,-0.03698079615372462,4.0,-3.5742577249437666
-0.07148515449887534,-0.02507582035428625,2.0,-3.575681413152764
-0.07151362826305527,-0.02400778448310135,3.0,-2.7051974447483755
-0.054103948894967516,-0.018614961218032012,2.0,-2.759786452267515
-0.055195729045350306,-0.01808198811982942,0.0,-5.090138135960688
-0.10180276271921376,-0.028912104146553787,2.0,-5.581231545096639
-0.11162463090193278,-0.029980140017738684,1.0,-6.92586686613541
-0.13851733732270818,-0.03537296328280805,1.0,-8.451712232402151
-0.16903424464804304,-0.04129960982776753,4.0,-6.707098815850169
-0.13414197631700336,-0.031003318435736858,3.0,-5.678924261093171
-0.11357848522186342,-0.02453990454984044,3.0,-4.689931897986625
-0.0937986379597325,-0.01861325800488099,1.0,-5.825573670864318
-0.11651147341728636,-0.023473108171747734,3.0,-5.059519435676817
-0.10119038871353633,-0.01861325800488099,2.0,-5.1141055802552575
-0.10228211160510514,-0.018080284906678398,2.0,-5.27317127146665
-0.105463425429333,-0.018080284906678398,4.0,-3.251055260500919
-0.06502110521001839,-0.007250168879953946,4.0,-0.9255148645888058
-0.01851029729177612,0.00465480691948453,4.0,-1.5087414815288493
0.030174829630576987,0.01655978271892301,2.0,-1.8724091463454973
0.03744818292690995,0.017627818590107907,2.0,-2.0271165364616164
0.04054233072923233,0.017627818590107907,1.0,-1.100796116572839
0.02201592233145678,0.012234995325038635,0.0,-1.0761106687597908
-0.021522213375195817,0.0008693514504694268,4.0,-0.8925270769915188
0.017850541539830376,0.010631431606008978,3.0,-2.2853201679489756
0.04570640335897951,0.017094845491905312,4.0,-4.716877647015765
0.09433755294031529,0.02846048936647444,2.0,-5.185465582113437
0.10370931164226875,0.029528525237659337,2.0,-5.444793099951206
0.10889586199902412,0.029528525237659337,1.0,-4.622942282348475
0.0924588456469695,0.024135701972589973,1.0,-3.630272779692654
0.07260545559385309,0.01820905542763053,0.0,-1.5102833810306038
0.030205667620612074,0.006843411553061322,2.0,-1.348036139657585
0.026960722793151704,0.005775375681876428,3.0,-2.4778475145460224
0.04955695029092045,0.011168198946945733,2.0,-2.684407489222776
0.05368814978445552,0.011701172045148322,0.0,-0.6154799352170323
0.012309598704340645,0.0008710560184238738,0.0,-1.769304833756518
-0.03538609667513036,-0.011033919781014602,1.0,-3.166930831298055
-0.0633386166259611,-0.017497333666910933,3.0,-2.3486563631603667
-0.046973127263207334,-0.012637483500044254,3.0,-1.2668527211406762
-0.02533705442281352,-0.006710836955084856,0.0,-3.3918789133973624
-0.06783757826794726,-0.017007128347115607,3.0,-2.6702169276528758
-0.05340433855305752,-0.01268148941674013,1.0,-3.763240546033847
-0.07526481092067694,-0.017541339583606808,2.0,-4.026868131508586
-0.08053736263017171,-0.0180743126818094,3.0,-3.093064243554296
-0.06186128487108592,-0.01268148941674013,0.0,-5.279382132655962
-0.10558764265311923,-0.022977780808770856,1.0,-6.781852452942875
-0.13563704905885748,-0.029441194694667275,0.0,-9.36685060111553
-0.18733701202231062,-0.040806838569236385,4.0,-7.725987448250384
-0.1545197489650077,-0.031044758413696923,2.0,-7.779987211143212
-0.1555997442228642,-0.029976722542512026,2.0,-8.043283597717236
-0.16086567195434473,-0.029976722542512026,4.0,-6.118659045934046
-0.12237318091868092,-0.019146606515787656,4.0,-3.884499269011193
-0.07768998538022386,-0.007241630716349176,1.0,-4.811352403607257
-0.09622704807214515,-0.01156726964672469,2.0,-5.0223626569309285
-0.10044725313861858,-0.012100242744927278,2.0,-5.128992753873897
-0.10257985507747794,-0.012100242744927278,2.0,-5.235675770248874
-0.10471351540497749,-0.012100242744927278,1.0,-6.423604299107543
-0.12847208598215087,-0.01749306600999655,1.0,-7.7825250108802
-0.15565050021760402,-0.02341971255495598,3.0,-7.001428470624333
-0.14002856941248668,-0.018559862388089238,1.0,-8.13680653343686
-0.16273613066873718,-0.02341971255495598,4.0,-6.269734992407815
-0.1253946998481563,-0.013123421162925258,3.0,-5.079783672074408
-0.10159567344148815,-0.0066600072770288945,1.0,-6.115994976229673
-0.12231989952459346,-0.011519857443895606,1.0,-7.408003499715353
-0.14816006999430706,-0.017446503988854972,2.0,-7.6704033863230725
-0.15340806772646146,-0.017979477087057563,0.0,-10.030517842955295
-0.20061035685910591,-0.028809593113781933,4.0,-8.299229077815465
-0.1659845815563093,-0.01904751295824246,4.0,-6.065793521143141
-0.12131587042286282,-0.0071425371588039795,2.0,-5.905761918415382
-0.11811523836830765,-0.006074501287619084,2.0,-5.958966351534145
-0.1191793270306829,-0.006074501287619084,2.0,-6.012237983206575
-0.12024475966413148,-0.006074501287619084,4.0,-3.8947161044109753
-0.0778943220882195,0.0047556147391053585,0.0,-5.8062290903542255
-0.11612458180708451,-0.005006465416434189,4.0,-3.8958458690719895
-0.07791691738143978,0.004755614739105359,1.0,-4.716988882055953
-0.09433977764111906,0.0004299758087298363,0.0,-6.9980160548094865
-0.13996032109618972,-0.010935668065839368,4.0,-5.136701371611241
-0.10273402743222482,-0.0011735879102998154,0.0,-7.105755490413117
-0.14211510980826234,-0.010935668065839368,2.0,-7.4207334168428485
-0.14841466833685696,-0.012003703937024265,4.0,-5.347114179386292
-0.10694228358772584,-0.0011735879102998154,2.0,-5.138526283288404
-0.10277052566576808,-0.00010555203911491841,0.0,-7.313209377385225
-0.14626418754770448,-0.010935668065839366,2.0,-7.627934733265599
-0.15255869466531197,-0.012003703937024263,2.0,-7.733425922505578
-0.15466851845011156,-0.012003703937024263,4.0,-5.662785210927694
-0.11325570421855388,-0.0011735879102998132,3.0,-4.3738420755541485
-0.08747684151108297,0.005289825975596558,1.0,-5.29924862521098
-0.10598497250421961,0.0004299758087298363,1.0,-6.486463542413267
-0.12972927084826533,-0.00549667073622958,3.0,-5.561155749611103
-0.11122311499222207,-0.0006368205693628584,2.0,-5.457478667125512
-0.10914957334251026,-0.00010384747116026722,0.0,-7.632775147154743
-0.15265550294309488,-0.010933963497884716,4.0,-5.772082412563933
-0.11544164825127867,-0.0011718833423451627,3.0,-4.483963980284431
-0.08967927960568861,0.005291530543551213,3.0,-3.2467014213883334
-0.06493402842776666,0.011218177088510623,0.0,-5.2103452256050815
-0.10420690451210164,0.0009218856964798711,3.0,-4.339182165290102
-0.08678364330580203,0.005247524626855392,2.0,-4.184045908009126
-0.08368091816018251,0.005780497725057981,0.0,-6.307680884392499
-0.12615361768785,-0.0050496183016664606,1.0,-7.652770163432501
-0.15305540326865003,-0.01151303218756282,1.0,-8.954008772011704
-0.17908017544023408,-0.01743967873252219,2.0,-9.21651350006029
-0.18433027000120578,-0.01797265183072478,2.0,-9.374603483473134
-0.1874920696694627,-0.01797265183072478,0.0,-11.71886259764648
-0.2343772519529296,-0.028802767857449146,3.0,-11.109017806306136
-0.22218035612612272,-0.02447712892707357,3.0,-10.106641501344516
-0.2021328300268903,-0.01855048238211412,3.0,-9.071134690417688
-0.18142269380835377,-0.012623835837154755,0.0,-11.264924279126314
-0.22529848558252627,-0.02292012722918548,4.0,-9.491621365350102
-0.18983242730700206,-0.013158047073645955,2.0,-9.388626710215208
-0.18777253420430415,-0.012090011202461058,1.0,-10.586068865555472
-0.21172137731110943,-0.01748283446753033,4.0,-8.661184750909449
-0.173223695018189,-0.007186543075499574,0.0,-10.684003486155987
-0.21368006972311973,-0.01694862323103913,4.0,-8.872629912258951
-0.177452598245179,-0.007186543075499574,0.0,-10.896822355512992
-0.21793644711025983,-0.01694862323103913,4.0,-9.07984339484898
-0.18159686789697962,-0.007186543075499574,1.0,-10.01072966232218
-0.20021459324644358,-0.011512182005875086,0.0,-12.415551766894662
-0.24831103533789323,-0.022877825880444267,4.0,-10.640421085134976
-0.21280842170269954,-0.01311574572490474,2.0,-10.537170505282742
-0.21074341010565484,-0.012047709853719843,0.0,-12.839563502729272
-0.25679127005458546,-0.022877825880444267,3.0,-12.163558528374825
-0.2432711705674965,-0.01855218695006872,4.0,-10.026136489745799
-0.20052272979491598,-0.007186543075499512,1.0,-10.95236141840418
-0.2190472283680836,-0.011512182005875025,0.0,-13.355905374783548
-0.26711810749567094,-0.022877825880444205,3.0,-12.681498949997302
-0.253629978999946,-0.018552186950068657,3.0,-11.644282738145815
-0.23288565476291628,-0.012625540405109291,2.0,-11.64625337026523
-0.23292506740530458,-0.0120925673069067,3.0,-10.66440334689543
-0.2132880669379086,-0.006699744041837399,4.0,-8.438684408733224
-0.16877368817466448,0.004665899832731803,3.0,-7.101450495496124
-0.14202900990992248,0.011129313718628167,4.0,-4.731650299810553
-0.09463300599621106,0.022494957593197352,4.0,-2.158522099635278
-0.04317044199270556,0.03439993339263572,4.0,-0.537895243422662
0.01075790486845324,0.0463049091920741,2.0,-1.1611548592879872
0.023223097185759746,0.047372945063259,0.0,-0.5987106391510162
-0.011974212783020324,0.036542829036534635,2.0,-0.49722412854773684
-0.009944482570954736,0.03547479316534974,2.0,-0.19039707913014348
-0.0038079415826028696,0.03547479316534974,1.0,-0.9554657598144757
-0.019109315196289514,0.030081969900280375,2.0,-0.8010966752732039
-0.01602193350546408,0.02954899680207778,2.0,-0.5433369374826945
-0.010866738749653892,0.02954899680207778,2.0,-0.289026490244364
-0.00578052980488728,0.02954899680207778,0.0,-2.194970096320378
-0.04389940192640756,0.01871888077535341,3.0,-1.1694964398566128
-0.023389928797132257,0.023044519705728947,1.0,-1.938831224696687
-0.038776624493933744,0.01818466953886221,3.0,0.0
