Lateral Error,Yaw Error,Action,Reward
-0.06923380307532596,-0.019752745347376123,3.0,-2.5417994660655414
-0.05083598932131082,-0.014359922082306851,3.0,-1.4773910451776526
-0.02954782090355305,-0.008433275537347469,2.0,-1.4428858828199134
-0.028857717656398267,-0.00790030243914488,2.0,-1.5130062756264315
-0.03026012551252863,-0.00790030243914488,2.0,-1.583302197264347
-0.031666043945286944,-0.00790030243914488,3.0,-0.5714015716616971
-0.011428031433233943,-0.0025074791740755647,3.0,-0.6040145521133338
0.012080291042266674,0.0034191673708838474,3.0,-1.8220628840573405
0.03644125768114681,0.009345813915843269,4.0,-4.195101471097208
0.08390202942194416,0.020711457790412467,2.0,-4.595969216498811
0.09191938432997622,0.021779493661597364,2.0,-4.787584410621658
0.09575168821243317,0.021779493661597364,2.0,-4.979221909617458
0.09958443819234916,0.021779493661597364,2.0,-5.157007655523769
0.10314015311047538,0.021779493661597364,4.0,-7.533870062446953
0.15067740124893905,0.032609609688321724,0.0,-5.85197107868487
0.1170394215736974,0.02284752953278226,2.0,-5.8340265104302516
0.11668053020860503,0.021779493661597364,2.0,-6.025402642166068
0.12050805284332136,0.021779493661597364,1.0,-5.1356435452539175
0.10271287090507834,0.016386670396528066,0.0,-2.9884609084189426
0.05976921816837886,0.005021026521958858,3.0,-3.8958141704775717
0.07791628340955144,0.009346665452334382,2.0,-4.087355506072767
0.08174711012145534,0.009879638550536973,3.0,-5.255749346567883
0.10511498693135765,0.015272461815606242,2.0,-5.499156825927152
0.10998313651854304,0.01580543491380883,3.0,-6.719389673531855
0.1343877934706371,0.02119825817887813,2.0,-7.014650786519735
0.1402930157303947,0.021731231277080723,3.0,-8.301374220323524
0.16602748440647047,0.027124054542150087,4.0,-10.864112053568117
0.21728224107136235,0.0384896984167192,1.0,-10.315271656773897
0.20630543313547794,0.03416405948634362,1.0,-9.404550867038932
0.18809101734077863,0.028237412941384144,0.0,-7.343532255119525
0.1468706451023905,0.016871769066815007,0.0,-5.093607094248664
0.10187214188497329,0.004966793267376526,2.0,-4.918774001687102
0.09837548003374205,0.0038987573961916295,2.0,-4.953300869082746
0.09906601738165492,0.0038987573961916295,2.0,-4.987903048173116
0.09975806096346232,0.0038987573961916295,2.0,-5.019807936575992
0.10039615873151983,0.0038987573961916295,2.0,-5.053775482196141
0.10107550964392283,0.0038987573961916295,0.0,-2.9167603123165504
0.058335206246331005,-0.006931358630532815,0.0,-0.4689384245837008
0.009378768491674015,-0.018836334429971294,0.0,-2.0882971277274742
-0.04176594255454948,-0.030741310229409673,0.0,-4.774360530042894
-0.09548721060085788,-0.04264628602884805,4.0,-3.1703807658901333
-0.06340761531780267,-0.032884205873308585,1.0,-4.321917344575609
-0.08643834689151217,-0.03720984480368416,0.0,-6.954960257458108
-0.13909920514916216,-0.04857548867825327,3.0,-6.517865098997157
-0.13035730197994314,-0.044249849747877705,3.0,-5.6895245375323835
-0.11379049075064766,-0.03832320320291823,3.0,-4.835327994162544
-0.09670655988325087,-0.03239655665795876,3.0,-3.910476740980087
-0.07820953481960174,-0.026469910112999276,3.0,-2.9524432589729384
-0.059048865179458766,-0.020543263568039802,2.0,-3.0241236848100668
-0.060482473696201335,-0.020010290469837207,1.0,-4.281468170320333
-0.08562936340640667,-0.02540311373490657,4.0,-2.4310339815656317
-0.04862067963131263,-0.015106822342875866,2.0,-2.3448997947568175
-0.046897995895136345,-0.014038786471690969,0.0,-4.6534716248244745
-0.0930694324964895,-0.024868902498415377,4.0,-2.9044583576139216
-0.05808916715227843,-0.015106822342875866,2.0,-2.818829875797044
-0.056376597515940874,-0.014038786471690969,2.0,-2.9425639422199588
-0.05885127884439918,-0.014647408839338266,1.0,-4.147530061735452
-0.08295060123470904,-0.02004023210440754,3.0,-3.34648829849183
-0.0669297659698366,-0.015180381937540857,1.0,-4.447048323306996
-0.08894096646613993,-0.02004023210440754,4.0,-2.545288219660046
-0.050905764393200915,-0.009743940712376784,1.0,-3.4884589824587318
-0.06976917964917465,-0.014069579642752279,1.0,-4.797156646073374
-0.09594313292146747,-0.019996226187711644,3.0,-3.9952003087927555
-0.07990400617585511,-0.015136376020844965,1.0,-5.095128156876919
-0.10190256313753839,-0.019996226187711644,3.0,-4.293301905146446
-0.08586603810292893,-0.015136376020844965,3.0,-3.2238097066982836
-0.06447619413396567,-0.009209729475885586,2.0,-3.1900274434546256
-0.0638005488690925,-0.008676756377682995,0.0,-5.441186485559514
-0.10882372971119028,-0.019506872404407443,0.0,-8.015691324397723
-0.16031382648795447,-0.03141184820384582,4.0,-6.316148158960234
-0.1263229631792047,-0.021649768048306355,3.0,-5.188720276763286
-0.1037744055352657,-0.015186354162410024,3.0,-4.1265260407108215
-0.08253052081421643,-0.009259707617450645,3.0,-3.006449412168926
-0.06012898824337852,-0.003333061072491224,3.0,-1.840068037371777
-0.03680136074743554,0.002593585472468195,3.0,-0.8300408344745241
-0.016600816689490483,0.008520232017427616,3.0,-0.4503911400469113
0.009007822800938226,0.01444687856238699,4.0,-2.8738786571194015
0.05747757314238803,0.025812522436956135,2.0,-3.3247706321654027
0.06649541264330805,0.026880558308141032,1.0,-2.4678400659967155
0.049356801319934314,0.02148773504307167,1.0,-1.4713644174439358
0.029427288348878717,0.01556108849811226,3.0,-2.585887172656368
0.051717743453127366,0.020420938664978964,2.0,-2.8798725567043055
0.05759745113408611,0.02095391176318156,2.0,-3.0694771441922337
0.06138954288384467,0.02095391176318156,3.0,-4.340365130002389
0.08680730260004778,0.026346735028250922,2.0,-4.686240621436822
0.09372481242873643,0.026879708126453513,2.0,-4.9277049447887595
0.09855409889577518,0.026879708126453513,2.0,-5.169190262381619
0.10338380524763238,0.026879708126453513,0.0,-3.2258941763448523
0.06451788352689705,0.01604959209972912,4.0,-5.339541346659047
0.10679082693318094,0.025811672255268616,4.0,-7.9851470846488475
0.15970294169297694,0.03771664805470699,1.0,-7.4364634068164515
0.14872926813632903,0.03339100912433141,2.0,-7.625836376444331
0.15251672752888662,0.03285803602612882,2.0,-7.919651511842502
0.15839303023685003,0.03285803602612882,3.0,-9.118710354400468
0.18237420708800936,0.017548761942876922,3.0,-10.479484123498942
0.20958968246997883,0.0234754084878364,2.0,-10.783379468628606
0.21566758937257213,0.024008381586038987,2.0,-10.982869142056813
0.21965738284113626,0.024008381586038987,1.0,-10.072360119803978
0.20144720239607955,0.018615558320969627,0.0,-8.095255880004661
0.16190511760009324,0.007249914446400513,0.0,-5.726507404382156
0.11453014808764313,-0.004655061353037888,2.0,-5.454430004143069
0.10908860008286139,-0.005723097224222785,2.0,-5.391767015317566
0.10783534030635131,-0.005723097224222785,2.0,-5.329235991014518
0.10658471982029036,-0.005723097224222785,2.0,-5.266841631516007
0.10533683263032015,-0.005723097224222785,2.0,-5.204588851975104
0.10409177703950208,-0.005723097224222785,2.0,-5.131666598485037
0.10263333196970073,-0.005723097224222785,2.0,-5.068659883790182
0.10137319767580363,-0.005723097224222785,2.0,-5.005785031358067
0.10011570062716132,-0.005723097224222785,2.0,-4.9430470729986755
0.09886094145997351,-0.005723097224222785,2.0,-4.880451288014333
0.09760902576028667,-0.005723097224222785,2.0,-4.818003217783116
0.09636006435566233,-0.005723097224222785,1.0,-3.8653860750554014
0.07730772150110803,-0.011115920489292056,2.0,-3.6458362615240976
0.07291672523048195,-0.011648893587494645,2.0,-3.530882094071051
0.07061764188142103,-0.011648893587494645,2.0,-3.416106127374492
0.06832212254748984,-0.011648893587494645,3.0,-4.3827436194070195
0.08765487238814038,-0.006256070322425376,3.0,-5.505881298892126
0.11011762597784251,-0.0003294237774659895,2.0,-5.599573273487836
0.11199146546975673,0.00020354932073660337,1.0,-4.507765380075613
0.09015530760151226,-0.00518927394433269,1.0,-3.2500390780122386
0.06500078156024477,-0.011115920489292056,2.0,-3.030563643821102
0.06061127287642204,-0.011648893587494645,1.0,-1.8347969777916673
0.03669593955583335,-0.01704171685256396,2.0,-1.5646058141216805
0.03129211628243361,-0.01757468995076655,2.0,-1.3951268988012546
0.027902537976025092,-0.01757468995076655,2.0,-1.2270098974121666
0.02454019794824333,-0.01757468995076655,2.0,-1.2589761942041218
0.025179523884082435,-0.01757468995076655,3.0,-2.172269382769945
0.043445387655398904,-0.012181866685697233,2.0,-2.161337843486679
0.04322675686973358,-0.011648893587494645,1.0,-0.9651353868227888
0.019302707736455777,-0.01704171685256396,3.0,-1.7754174750424307
0.035508349500848614,-0.012181866685697235,3.0,-2.8467964674807744
0.056935929349615486,-0.029509365749031517,3.0,-3.770597460812894
0.07541194921625788,-0.023582719204072126,1.0,-2.5842425818290304
0.05168485163658061,-0.028442569370938826,2.0,-2.207127110552107
0.04414254221104214,-0.028975542469141417,2.0,-1.9438367224918562
0.03887673444983712,-0.028975542469141417,2.0,-1.68106242889366
0.0336212485778732,-0.028975542469141417,2.0,-1.4190909556910034
0.028381819113820067,-0.028975542469141417,3.0,-2.2389446504574355
0.04477889300914871,-0.023582719204072126,2.0,-2.134637246750417
0.04269274493500834,-0.023049746105869535,2.0,-1.9109993601796915
0.03821998720359383,-0.023049746105869535,2.0,-1.6998955647556893
0.033997911295113786,-0.023049746105869535,3.0,-2.570801500820508
0.051416030016410166,-0.01765692284080017,2.0,-2.517671759321834
0.05035343518643668,-0.017123949742597577,2.0,-2.3609154058225195
0.04721830811645039,-0.017123949742597577,3.0,-3.2859152019947273
0.06571830403989455,-0.011731126477528213,2.0,-3.2865974641786244
0.06573194928357248,-0.01119815337932562,2.0,-3.359060584040709
0.06718121168081417,-0.01119815337932562,2.0,-3.2535273103082734
0.06507054620616547,-0.01119815337932562,2.0,-3.1486335380964467
0.06297267076192894,-0.01119815337932562,1.0,-1.945464884795727
0.038909297695914544,-0.016590976644394986,1.0,-0.6010917101345431
0.012021834202690863,-0.02251762318935446,1.0,-0.7956932427849173
-0.015913864855698345,-0.028444269734313868,2.0,-1.1636895570934103
-0.023273791141868207,-0.028977242832516455,2.0,-1.427777789220507
-0.02855555578441014,-0.028977242832516455,3.0,-0.6187919464224745
-0.01237583892844949,-0.023584419567447168,3.0,-0.3589228478651655
0.00717845695730331,-0.01765777302248769,3.0,-1.3882990628954581
0.02776598125790916,-0.011731126477528213,3.0,-2.4704813569139117
0.049409627138278234,-0.005804479932568736,3.0,-3.605141849784193
0.07210283699568386,0.00012216661239074025,3.0,-4.792158037773099
0.09584316075546198,0.006048813157350217,3.0,-6.031413180738197
0.12062826361476395,0.011975459702309694,2.0,-6.241431816973209
0.12482863633946417,0.012508432800512283,3.0,-7.428590953802006
0.1485718190760401,0.01790125606558164,3.0,-8.81327374511093
0.1762654749022186,0.02382790261054112,1.0,-8.005649889526916
0.1601129977905383,0.018968052443674346,2.0,-8.05977394670788
0.1611954789341576,0.01843507934547176,2.0,-8.218564771155885
0.1643712954231177,0.01843507934547176,3.0,-9.458787107811798
0.18917574215623595,0.02382790261054112,2.0,-9.774143782398317
0.19548287564796635,0.015055205832197474,3.0,-11.11242212464894
0.2222484424929788,0.020448029097266833,4.0,-13.509034465830194
0.2701806893166039,0.031813672971836196,0.0,-11.815708832099574
0.23631417664199147,0.02205159281629651,0.0,-9.608963241950821
0.19217926483901643,0.010146617016858142,0.0,-7.310390210951061
0.14620780421902121,-0.0017583587825802274,2.0,-7.122153534005919
0.14244307068011838,-0.0028263946537651287,2.0,-6.976140077567038
0.13952280155134075,-0.0028263946537651287,0.0,-4.827397382196173
0.09654794764392347,-0.013656510680489493,2.0,-4.541018256258509
0.09082036512517018,-0.01472454655167439,1.0,-3.2067399617998156
0.06413479923599631,-0.020117369816743755,1.0,-1.8963540024226266
0.037927080048452536,-0.02604401636170323,1.0,-0.5507999941387326
0.011015999882774652,-0.03197066290666271,2.0,-0.06613966551347618
0.0013227933102695235,-0.0325036360048653,2.0,-0.20042527746751726
-0.0040085055493503455,-0.0325036360048653,2.0,-0.40534814516804624
-0.008106962903360925,-0.0325036360048653,3.0,-0.26988363120789893
0.005397672624157979,-0.027110812739795938,3.0,-1.298036379757557
0.02596072759515114,-0.02118416619483646,3.0,-2.378975441432099
0.04757950882864198,-0.015257519649876983,2.0,-2.2080063740871116
0.04416012748174224,-0.01472454655167439,2.0,-2.153253157712427
0.04306506315424854,-0.01472454655167439,1.0,-1.018633333572668
0.02037266667145336,-0.020117369816743755,1.0,-0.49967656510550734
-0.009993531302110146,-0.02604401636170323,1.0,-1.8372636820350303
-0.036745273640700606,-0.03197066290666271,1.0,-3.2332893077908698
-0.06466578615581739,-0.03789730945162211,1.0,-4.881857677760757
-0.09763715355521514,-0.043823955996581475,1.0,-6.378249086510293
-0.12756498173020586,-0.0497506025415409,1.0,-8.132626746355509
-0.16265253492711018,-0.05567724908650031,2.0,-8.657439258493463
-0.17314878516986926,-0.0562102221847029,2.0,-9.27786965829659
-0.1855573931659318,-0.0562102221847029,1.0,-10.782219295130117
-0.21564438590260235,-0.06160304544977222,3.0,-10.274980163588882
-0.20549960327177766,-0.056743195282905494,3.0,-9.710175183688847
-0.19420350367377692,-0.05081654873794608,4.0,-7.814708018625698
-0.15629416037251395,-0.03945090486337688,4.0,-5.7084616429138615
-0.11416923285827722,-0.02754592906393846,4.0,-3.5022385527081923
-0.07004477105416385,-0.015640953264500088,2.0,-3.36974683605799
-0.0673949367211598,-0.014572917393315192,1.0,-4.700731226613097
-0.09401462453226195,-0.019965740658384554,4.0,-2.765694873357134
-0.05531389746714268,-0.005868129687404622,1.0,-3.635744607558891
-0.07271489215117782,-0.010193768617780189,1.0,-4.8505814744921665
-0.09701162948984332,-0.016120415162739665,2.0,-5.080211587817568
-0.10160423175635136,-0.01665338826094226,4.0,-3.236911305906076
-0.06473822611812152,-0.005823272234217898,1.0,-4.107555364986172
-0.08215110729972344,-0.010148911164593464,2.0,-4.263031618576718
-0.08526063237153435,-0.010681884262796051,4.0,-2.1708789332838174
-0.043417578665676346,0.00014823176392831275,2.0,-1.9072201308201224
-0.03814440261640245,0.001216267635113214,2.0,-1.8540754530645243
-0.037081509061290485,0.001216267635113214,2.0,-2.028385430049396
-0.04056770860098793,0.001216267635113214,2.0,-1.9734902390410045
-0.039469804780820086,0.001216267635113214,2.0,-1.919760442206349
-0.038395208844126984,0.001216267635113214,3.0,-0.8204632681447742
-0.016409265362895484,0.006609090900182573,1.0,-1.6869914067719414
-0.033739828135438826,0.0017492407333158024,1.0,-2.817800232366368
-0.05635600464732736,-0.0041774058116436745,2.0,-3.118465091752052
-0.062369301835041045,-0.004710378909846263,3.0,-2.0661908439494288
-0.041323816878988576,0.0006824443552230966,3.0,-0.825133665898815
-0.0165026733179763,0.006609090900182573,1.0,-1.6962744164595434
-0.033925488329190866,0.0017492407333158024,2.0,-1.7480985609782813
-0.034961971219565624,0.001216267635113214,2.0,-1.7246924400245374
-0.034493848800490744,0.001216267635113214,2.0,-1.8667395214914242
-0.037334790429828485,0.001216267635113214,2.0,-1.813504469628696
-0.036270089392573916,0.001216267635113214,2.0,-1.7919311021945123
-0.035838622043890246,0.001216267635113214,2.0,-1.7360003992682704
-0.03472000798536541,0.001216267635113214,2.0,-1.6813321678433
-0.033626643356866,0.001216267635113214,2.0,-1.8266893524898966
-0.036533787049797935,0.001216267635113214,0.0,-3.9452530386890183
-0.07890506077378037,-0.009613848391611151,1.0,-5.288349504928057
-0.10576699009856114,-0.016077262277507567,0.0,-7.652860573409729
-0.15305721146819457,-0.02744290615207668,3.0,-7.005268776162571
-0.14010537552325142,-0.023117267221701106,2.0,-7.257325917248199
-0.14514651834496398,-0.02258429412349851,2.0,-7.414816323763448
-0.14829632647526897,-0.02258429412349851,2.0,-7.58866107529726
-0.15177322150594522,-0.02258429412349851,2.0,-7.745499902762463
-0.15490999805524924,-0.02258429412349851,4.0,-5.750239456918907
-0.11500478913837812,-0.011754178096774152,2.0,-5.616526096739368
-0.11233052193478736,0.004025421264168746,2.0,-5.667649346913871
-0.11335298693827742,0.004025421264168746,2.0,-5.520588798532604
-0.11041177597065208,0.004025421264168746,1.0,-6.653558610816424
-0.1330711722163285,-0.0013674020009006175,0.0,-9.015507455278328
-0.1803101491055666,-0.012733045875469728,2.0,-9.234615933445781
-0.1846923186689156,-0.013801081746654625,4.0,-7.2888646078165396
-0.14577729215633078,-0.0029709657199302646,2.0,-7.005503375808745
-0.14011006751617489,-0.0019029298487453679,2.0,-7.10919664160504
-0.1421839328321008,-0.0019029298487453679,2.0,-7.014287744626828
-0.14028575489253656,-0.0019029298487453679,2.0,-7.118458368941873
-0.14236916737883748,-0.0019029298487453679,2.0,-7.023812187344996
-0.1404762437468999,-0.0019029298487453679,1.0,-8.209671843098663
-0.16419343686197324,-0.007295753113814731,3.0,-7.210024569852084
-0.1442004913970417,-0.002435902946947961,0.0,-9.362112564204722
-0.1872422512840944,-0.01273219433897862,3.0,-8.499758145881845
-0.16999516291763692,-0.008406555408603045,3.0,-7.488060359558598
-0.14976120719117197,-0.0024799088636435684,2.0,-7.310244816002319
-0.14620489632004638,-0.0019469357654409757,2.0,-7.414250534541894
-0.14828501069083788,-0.0019469357654409757,0.0,-9.671574451611221
-0.1934314890322244,-0.012777051792165336,4.0,-7.737052614121374
-0.15474105228242746,-0.0030149716366258726,3.0,-6.571920879701558
-0.13143841759403116,0.0034484422492705455,2.0,-6.320958537727793
-0.12641917075455586,0.003981415347473138,3.0,-5.316628057764733
-0.10633256115529466,0.009374238612542503,1.0,-6.094675338891929
-0.12189350677783858,0.004514388445675732,3.0,-5.169375206031413
-0.10338750412062825,0.009374238612542503,1.0,-5.947721951471506
-0.1189544390294301,0.004514388445675732,1.0,-7.185632022518915
-0.1437126404503783,-0.0014122580992837453,3.0,-6.114205354519161
-0.12228410709038322,0.0034475920675830257,1.0,-7.14362373940625
-0.14287247478812498,-0.0014122580992837453,2.0,-7.153689044144551
-0.14307378088289102,-0.0019452311974863382,2.0,-7.258522051857197
-0.14517044103714394,-0.0019452311974863382,1.0,-8.444848137302976
-0.16889696274605953,-0.007338054462555702,4.0,-6.355157907098215
-0.12710315814196432,0.0029582369294749574,1.0,-7.279567205054189
-0.1455913441010838,-0.0013674020009006175,1.0,-8.370671790546208
-0.16741343581092413,-0.007294048545860094,2.0,-8.631360640343713
-0.17262721280687426,-0.007827021644062687,2.0,-8.58862948431836
-0.17177258968636722,-0.007827021644062687,2.0,-8.54598130546166
-0.17091962610923322,0.0196050110575339,1.0,-9.570305576960722
-0.19140611153921444,0.014212187792464536,1.0,-10.566354754276235
-0.2113270950855247,0.00828554124750513,3.0,-9.451549435381947
-0.18903098870763896,0.013145391414371831,3.0,-8.288731080912678
-0.16577462161825357,0.01907203795933131,3.0,-6.878415590720399
-0.13756831181440798,0.024998684504290786,3.0,-5.421580132261887
-0.10843160264523774,0.030925331049250264,1.0,-6.229373677390688
-0.12458747354781377,0.02606548088238349,1.0,-7.1215257028131065
-0.14243051405626211,0.020138834337424017,2.0,-6.9840414690189325
-0.13968082938037865,0.01960586123922142,2.0,-6.941353663577169
-0.13882707327154337,0.01960586123922142,1.0,-7.7664210766030966
-0.15532842153206192,0.014213037974152057,1.0,-8.762509863029276
-0.17525019726058552,0.00828639142919265,2.0,-8.928685287414533
-0.17857370574829065,0.00775341833099006,1.0,-9.86389849460932
-0.1972779698921864,0.0023605950659207884,1.0,-10.960339717917913
-0.21920679435835827,-0.003566051479038631,2.0,-11.231191040134503
-0.22462382080269006,-0.0040990245772412216,2.0,-11.1976472319531
-0.223952944639062,-0.0040990245772412216,2.0,-11.364138017219696
-0.22728276034439393,-0.0040990245772412216,2.0,-11.332767540643324
-0.2266553508128665,-0.0040990245772412216,0.0,-13.470280615468425
-0.26940561230936855,-0.014929140603965666,2.0,-13.955367411330744
-0.27910734822661487,-0.01599717647515056,4.0,-11.84812818520349
-0.23696256370406982,-0.005167060448426118,2.0,-11.605205552042168
-0.23210411104084336,-0.0040990245772412216,2.0,-11.771598697489784
-0.2354319739497957,-0.0040990245772412216,1.0,-12.819638455537723
-0.2563927691107545,-0.00949184784231053,0.0,-15.124961570615266
-0.3024992314123053,-0.020857491716879735,4.0,-13.474663836444268
-0.26949327672888534,-0.01109541156134018,4.0,-11.115637136375058
-0.22231274272750118,0.0008095642380982964,2.0,-10.820120686252553
-0.21640241372505103,0.001877600109283191,4.0,-8.781257540098409
-0.1756251508019682,0.012707716136007633,2.0,-8.381242037211216
-0.16762484074422432,0.01377575200719253,2.0,-8.19053792482301
-0.1638107584964602,0.01377575200719253,2.0,-8.199478847825855
-0.1639895769565171,0.01377575200719253,2.0,-8.00884882909447
-0.1601769765818894,0.01377575200719253,2.0,-7.818247829865472
-0.15636495659730945,0.01377575200719253,2.0,-7.840646006725869
-0.15681292013451736,0.01377575200719253,2.0,-7.649771160611878
-0.15299542321223755,0.01377575200719253,2.0,-7.458914209671278
-0.14917828419342555,0.02170137143769711,2.0,-7.268076563665732
-0.14536153127331464,0.02170137143769711,4.0,-4.923446525972615
-0.0984689305194523,0.03253148746442147,2.0,-4.419152520625737
-0.08838305041251474,0.03359952333560637,1.0,-5.205356341941819
-0.10410712683883638,0.028206700070537,2.0,-5.0665526799065
-0.10133105359813,0.02767372697233441,2.0,-4.823329951597948
-0.09646659903195896,0.02767372697233441,2.0,-4.580116162364326
-0.09160232324728651,0.02767372697233441,2.0,-4.336912816114117
-0.08673825632228234,0.02767372697233441,2.0,-4.093721774064984
-0.08187443548129968,0.02767372697233441,3.0,-2.7693355308531786
-0.05538671061706357,0.03306655023740377,0.0,-4.541168979719528
-0.09082337959439055,0.022770258845373113,0.0,-6.720281040933736
-0.13440562081867474,0.01086528304593466,1.0,-7.920403888058254
-0.15840807776116508,0.004401869160038285,1.0,-9.07318835115614
-0.1814637670231228,-0.0015247773849211273,3.0,-8.113340409694622
-0.16226680819389244,0.0033350727819455926,2.0,-7.97506919971573
-0.1595013839943146,0.003868045880148183,1.0,-9.02251686807642
-0.18045033736152838,-0.0015247773849211242,3.0,-8.065439577271347
-0.16130879154542693,0.003335072781945593,0.0,-10.100253402284011
-0.20200506804568025,-0.006961218610085155,4.0,-8.20526765707067
-0.16410535314141342,0.002800861545454393,2.0,-7.961954098742669
-0.15923908197485337,0.0038688974166392887,2.0,-7.9279787133425605
-0.15855957426685122,0.0038688974166392887,1.0,-8.975280739423638
-0.17950561478847277,-0.0015239258484300204,1.0,-10.180674822994451
-0.20361349645988902,-0.007450572393389439,4.0,-8.181821714504494
-0.1636364342900899,0.0028457189986413074,1.0,-9.019827035390342
-0.18039654070780684,-0.0014799199317342103,4.0,-6.971840003249836
-0.13943680006499673,0.008816371460296539,4.0,-4.520953338352259
-0.09041906676704517,0.02072134725973501,2.0,-4.120003782147245
-0.08240007564294491,0.021789383130919906,1.0,-4.998849368610731
-0.09997698737221464,0.016396559865850608,0.0,-7.135961987785274
-0.1427192397557055,0.005030915991281401,4.0,-5.147245839626482
-0.10294491679252964,0.014792996146820956,1.0,-5.871969103286534
-0.11743938206573068,0.010467357216445474,2.0,-5.889252919738073
-0.11778505839476146,0.009934384118242885,2.0,-5.8021689050761776
-0.11604337810152354,0.009934384118242885,3.0,-4.639623239311818
-0.09279246478623636,0.015327207383312155,4.0,-2.2376546996236693
-0.04475309399247339,0.0266928512578813,2.0,-1.7843799650864796
-0.035687599301729586,0.027760887129066197,0.0,-3.7111755243747826
-0.07422351048749565,0.016930771102341806,0.0,-5.943587973890461
-0.11887175947780922,0.005025795302903327,4.0,-3.9544746963660766
-0.07908949392732154,0.01478787545844288,2.0,-3.605592946104179
-0.07211185892208358,0.015855911329627777,4.0,-1.295483002924792
-0.025909660058495838,0.026686027356352164,1.0,-1.9239324689146067
-0.03847864937829214,0.02236038842597659,2.0,-1.8370628786291519
-0.036741257572583036,0.021827415327773995,0.0,-3.8168949257666758
-0.07633789851533351,0.010997299301049552,0.0,-6.110332544017975
-0.12220665088035951,-0.0009076764983889246,3.0,-5.2561156864080525
-0.10512231372816105,0.0034179624319865937,4.0,-2.952920385810767
-0.059058407716215344,0.014783606306555798,0.0,-4.768746511690939
-0.09537493023381878,0.005021526151016243,1.0,-6.025155771262129
-0.12050311542524257,-0.0014418877348801235,1.0,-7.231431484379423
-0.14462862968758847,-0.0073685342798395425,4.0,-5.230478395226955
-0.1046095679045391,0.002927757112191205,3.0,-3.906379849832333
-0.07812759699664666,0.00939117099808758,3.0,-2.6335879250416365
-0.052671758500832735,0.01531781754304695,3.0,-1.3195672796336186
-0.026391345592672373,0.021244464088006343,3.0,-0.06778933812423364
0.001355786762484673,0.027171110632965817,0.0,-1.7646162435980965
-0.03529232487196193,0.01687481924093513,0.0,-4.002728443662383
-0.08005456887324765,0.00496984344149665,0.0,-6.350789644067412
-0.12701579288134823,-0.0069351323579418265,0.0,-8.819712133116367
-0.17639424266232734,-0.018840108157380308,2.0,-9.204080232505113
-0.1840816046501023,-0.019908144028565205,0.0,-11.566547400976738
-0.23133094801953477,-0.030738260055289564,4.0,-9.867301221868487
-0.19734602443736976,-0.020976179899750102,3.0,-8.738497224021835
-0.17476994448043667,-0.014512766013853769,4.0,-6.571871268165538
-0.13143742536331077,-0.0031471221392845605,2.0,-6.380929029595811
-0.12761858059191622,-0.0020790862680996653,0.0,-8.576355155200122
-0.17152710310400246,-0.012909202294824113,4.0,-6.730852203245972
-0.13461704406491942,-0.0031471221392845583,0.0,-8.718692125554302
-0.17437384251108606,-0.012909202294824113,4.0,-6.869172947664826
-0.1373834589532965,-0.0031471221392845583,2.0,-6.678066540966158
-0.13356133081932317,-0.002079086268099663,2.0,-6.696305964065891
-0.1339261192813178,-0.002079086268099663,2.0,-6.714604870600125
-0.1342920974120025,-0.002079086268099663,1.0,-7.8141824374989275
-0.15628364874997855,-0.007471909533168979,1.0,-9.075702043146473
-0.18151404086292947,-0.013398556078128367,4.0,-7.12530900746875
-0.142506180149375,-0.0031022646860976127,0.0,-9.112485671332509
-0.18224971342665017,-0.012864344841637164,3.0,-8.355552245344768
-0.16711104490689535,-0.008538705911261671,4.0,-6.146535131012978
-0.12293070262025955,0.0028269379633075304,0.0,-8.078868416428787
-0.16157736832857572,-0.006935142192232017,0.0,-10.54076775163026
-0.2108153550326052,-0.018840117991670496,4.0,-8.743856604037779
-0.17487713208075556,-0.009078037836130941,0.0,-10.787101719548263
-0.21574203439096523,-0.018840117991670496,3.0,-10.079208678914224
-0.20158417357828448,-0.014514479061295016,3.0,-9.009117241815616
-0.18018234483631232,-0.008587832516335636,4.0,-6.8021458692742
-0.136042917385484,0.0027778113582335655,0.0,-8.733263904524268
-0.17466527809048535,-0.006984268797305982,0.0,-11.195294456275917
-0.22390588912551834,-0.018889244596744462,4.0,-9.39905879495037
-0.18798117589900742,-0.009127164441204906,4.0,-7.080515068872516
-0.14161030137745031,0.002777811358233568,1.0,-7.9190128456593145
-0.1583802569131863,-0.0015478275721419518,4.0,-5.872714036447992
-0.11745428072895985,0.008748463819888797,4.0,-3.4125811525329146
-0.0682516230506583,0.020653439619327273,0.0,-5.183768247130577
-0.10367536494261154,0.010891359463787723,0.0,-7.4731731565228765
-0.14946346313045752,-0.0010136163356507537,4.0,-5.533559401603551
-0.11067118803207102,0.008748463819888797,4.0,-3.0770389562064135
-0.061540779124128274,0.020653439619327273,2.0,-2.6766267903800447
-0.05353253580760089,0.02172147549051217,2.0,-2.4854943596490022
-0.04970988719298004,0.02172147549051217,2.0,-2.2944064260583423
-0.045888128521166846,0.02172147549051217,2.0,-2.1033751171040573
-0.04206750234208115,0.02172147549051217,2.0,-1.9124174015604265
-0.03824834803120853,0.02172147549051217,3.0,-0.6408760913982334
-0.012817521827964667,0.027114298755581533,3.0,-0.7912461547792715
0.01582492309558543,0.03304094530054101,2.0,-1.1902138877158799
0.023804277754317597,0.0335739183987436,3.0,-2.565975122646196
0.051319502452923924,0.03896674166381296,1.0,-1.9359511280584427
0.03871902256116885,0.03410689149694619,0.0,-0.10611028819832827
-0.002122205763966565,0.022741247622377083,3.0,-1.0002902698329215
0.02000580539665843,0.027066886552752658,2.0,-1.3459013854070287
0.026918027708140575,0.027599859650955252,3.0,-2.6682273394827667
0.05336454678965533,0.03299268291602461,4.0,-5.259882504026562
0.10519765008053124,0.044358326790593726,4.0,-8.070252698632574
0.16140505397265148,0.056263302590032094,3.0,-9.898265403195518
0.19796530806391038,0.06272671647592853,0.0,-8.349881258007075
0.1669976251601415,0.05243042508389787,0.0,-6.387704690995701
0.12775409381991404,0.040525449284459496,0.0,-4.327346844844564
0.08654693689689129,0.028620473485021128,0.0,-2.16963711261601
0.043392742252320204,0.01671549768558273,0.0,-0.12274605943371339
-0.0024549211886742677,0.004810521886144246,2.0,-0.2674023003641219
-0.005348046007282437,0.0037424860149593503,2.0,-0.23059492559169842
-0.004611898511833969,0.0037424860149593503,2.0,-0.19441213253364065
-0.003888242650672813,0.0037424860149593503,1.0,-1.23996095468721
-0.024799219093744197,-0.0016503372501099586,1.0,-2.444735152966821
-0.04889470305933642,-0.007576983795069378,2.0,-2.620282444698616
-0.052405648893972326,-0.008109956893271968,1.0,-3.7727433993758783
-0.07545486798751758,-0.01350278015834125,2.0,-4.000369657284169
-0.08000739314568339,-0.014035753256543841,1.0,-5.204776188492168
-0.10409552376984336,-0.019428576521613113,1.0,-6.578505781428148
-0.13157011562856297,-0.02535522306657258,3.0,-5.815827378042878
-0.11631654756085756,-0.02049537289970581,4.0,-3.7085317301096272
-0.07417063460219255,-0.00912972902513661,1.0,-4.658572447023092
-0.09317144894046184,-0.013455367955512105,4.0,-2.7067909692125927
-0.05413581938425185,-0.0031590765634813495,4.0,-0.3547220899442456
-0.007094441798884912,0.008745899235957125,2.0,-0.0793811115838136
-0.0015876222316762718,0.00981393510714202,1.0,-1.0451162452118858
-0.020902324904237716,0.004421111842072705,2.0,-1.114546594928136
-0.022290931898562717,0.003888138743870114,2.0,-1.0799728344444666
-0.02159945668888933,0.003888138743870114,1.0,-2.1269831650515334
-0.04253966330103067,-0.0015046845211991952,4.0,-0.09198489429747064
-0.001839697885949413,0.008791606870831555,1.0,-0.8659312304329164
-0.01731862460865833,0.004465967940456027,1.0,-2.0170046919309472
-0.04034009383861894,-0.001460678604503386,2.0,-2.139578926871626
-0.04279157853743252,-0.0019936517027059762,3.0,-1.0769149264480822
-0.021538298528961643,0.003399171562363333,0.0,-3.1101162620670686
-0.06220232524134137,-0.006897119829667415,0.0,-5.562589339973028
-0.11125178679946057,-0.018802095629105894,2.0,-5.9464027104292985
-0.11892805420858596,-0.01987013150029079,3.0,-5.039772837710218
-0.10079545675420436,-0.01447730823522152,4.0,-2.877890955327198
-0.057557819106543964,0.006015180302432707,1.0,-3.7683725199798075
-0.07536745039959615,0.0016895413720571808,4.0,-1.5717698272636558
-0.031435396545273116,0.011985832764087927,1.0,-2.408323865178372
-0.04816647730356744,0.00766019383371241,2.0,-2.3298252672798876
-0.046596505345597755,0.007127220735509819,2.0,-2.347057615193844
-0.046941152303876875,0.007127220735509819,3.0,-1.2832628592340551
-0.0256652571846811,0.012520044000579128,3.0,-0.14727485061522916
0.0029454970123045836,0.01844669054553855,1.0,-0.7562003545639356
-0.015124007091278712,0.013586840378671822,2.0,-0.6288310058099591
-0.012576620116199182,0.013053867280469235,2.0,-0.5987560446611492
-0.011975120893222984,0.013053867280469235,3.0,-0.5285724449541236
0.010571448899082472,0.01844669054553855,3.0,-1.9963316763346248
0.0399266335266925,0.02437333709049792,3.0,-3.33191041438921
0.0666382082877842,0.030299983635457314,0.0,-1.643082804517673
0.032861656090353464,0.02000369224342657,1.0,-0.4387691689295054
0.008775383378590108,0.013540278357530194,2.0,-0.3706625150398921
0.007413250300797843,0.013007305259327605,2.0,-0.6052056519333723
0.012104113038667446,0.013007305259327605,2.0,-0.6414684953700402
0.012829369907400806,0.013007305259327605,2.0,-0.8730076284947026
0.01746015256989405,0.013007305259327605,3.0,-1.9897561078771018
0.03979512215754204,0.01840012852439692,3.0,-3.261924750859814
0.06523849501719628,0.024326775069356293,1.0,-2.6152363815909467
0.05230472763181894,0.01946692490248961,3.0,-3.6872078891045135
0.07374415778209027,0.024326775069356293,2.0,-4.1197715517570135
0.08239543103514027,0.02485974816755888,3.0,-5.349607039792548
0.10699214079585095,0.03025257143262818,0.0,-3.461785501162331
0.06923571002324662,0.01995628004059743,0.0,-1.3649117712647805
0.02729823542529561,0.008051304241158956,1.0,-0.06332227138785346
0.001266445427757069,0.0015878903552625804,0.0,-2.093105020423443
-0.04186210040846886,-0.009777753519306622,0.0,-4.667689667280027
-0.09335379334560054,-0.021682729318745,2.0,-5.156959172104668
-0.10313918344209336,-0.022750765189929897,2.0,-5.238236936734576
-0.10476473873469153,-0.022750765189929897,2.0,-5.518237740336412
-0.11036475480672822,-0.022750765189929897,2.0,-5.579154812065808
-0.11158309624131617,-0.022750765189929897,2.0,-5.8589805724753985
-0.11717961144950798,-0.022750765189929897,4.0,-3.954016744672755
-0.0790803348934551,-0.011920649163205538,2.0,-3.7203317067141803
-0.07440663413428361,-0.01085261329202064,1.0,-4.777203438913131
-0.09554406877826262,0.019192584104087237,2.0,-4.709878396209199
-0.09419756792418396,0.018659611005884646,0.0,-6.72956099886691
-0.1345912199773382,0.007829494979160285,2.0,-6.873458040872908
-0.13746916081745816,0.006761459107975388,4.0,-4.614071062322843
-0.09228142124645686,0.01759157513469975,4.0,-2.0442547254435266
-0.040885094508870526,0.029496550934138163,2.0,-1.560720862196656
-0.031214417243933118,0.030564586805323063,2.0,-1.2736142102677916
-0.025472284205355834,0.030564586805323063,2.0,-0.9959596148375924
-0.019919192296751848,0.030564586805323063,1.0,-2.0000763330236655
-0.04000152666047331,0.025171763540253793,0.0,-4.052047101355453
-0.08104094202710907,0.013806119665684673,2.0,-4.142046594488687
-0.08284093188977375,0.012738083794499776,3.0,-2.9421523411278776
-0.05884304682255755,0.01813090705956914,2.0,-2.651071208628803
-0.05302142417257606,0.018663880157771734,2.0,-2.4789153595870608
-0.049578307191741215,0.018663880157771734,2.0,-2.3074117711515223
-0.04614823542303044,0.018663880157771734,2.0,-2.136717510148793
-0.042734350202975856,0.018663880157771734,2.0,-1.9670432810642993
-0.039340865621285984,0.018663880157771734,2.0,-1.7793244566418127
-0.035586489132836255,0.018663880157771734,2.0,-1.607041873750403
-0.03214083747500806,0.018663880157771734,2.0,-1.4357773367923823
-0.028715546735847648,0.018663880157771734,2.0,-1.2659440953620114
-0.025318881907240225,0.018663880157771734,2.0,-1.0982063827865651
-0.021964127655731303,0.018663880157771734,4.0,-1.264649005781209
0.02529298011562418,0.029493996184496142,1.0,-0.6679363595976564
0.01335872719195313,0.02516835725412066,1.0,-0.29912049934178125
-0.0059824099868356255,0.019241710709161194,2.0,-0.24633109851834356
-0.004926621970366871,0.0187087376109586,2.0,-0.2519675687203379
-0.005039351374406757,0.0187087376109586,1.0,-1.1493312833371316
-0.022986625666742633,0.013315914345889236,1.0,-2.215369465739589
-0.044307389314791785,0.007389267800929759,3.0,-1.1725951695692651
-0.023451903391385302,0.012249117967796529,3.0,-0.1768060494527492
0.003536120989054984,0.018175764512756005,3.0,-1.5092414658961921
0.030184829317923843,0.024102411057715482,3.0,-2.9177203645316614
0.05835440729063322,0.03002905760267486,2.0,-3.2980272327897975
0.06596054465579596,0.030562030700877447,2.0,-3.574353692932552
0.07148707385865104,0.030562030700877447,3.0,-4.932253228404698
0.09864506456809395,0.035954853965946734,4.0,-7.535255762023365
0.1507051152404673,0.06594718223908153,0.0,-6.207607936287232
0.12415215872574463,0.05618510208354198,0.0,-4.160605704746883
0.08321211409493766,0.044280126284103494,3.0,-5.456963715945821
0.10913927431891642,0.04860576521447898,3.0,-7.11909017292351
0.1423818034584702,0.05453241175943836,1.0,-6.678407145437344
0.13356814290874688,0.04967256159257166,0.0,-4.69075637081528
0.0938151274163056,0.0383069177180025,4.0,-7.012291001167908
0.14024582002335814,0.04806899787354201,0.0,-5.550866148856328
0.11101732297712656,0.0383069177180025,1.0,-4.43014161690076
0.08860283233801519,0.03184350383210608,4.0,-6.815287511512028
0.13630575023024055,0.04213979522413674,1.0,-6.3818555679881275
0.12763711135976255,0.03781415629376117,0.0,-4.495639845415683
0.08991279690831365,0.026448512419192056,3.0,-5.433274857350659
0.10866549714701317,0.03077415134956763,4.0,-8.01004796388926
0.16020095927778522,0.04213979522413674,0.0,-6.485621468632541
0.12971242937265082,0.03237771506859728,2.0,-6.612578084741083
0.13225156169482166,0.031309679197412385,1.0,-5.671911810286127
0.11343823620572253,0.025916855932343018,1.0,-4.749776320019323
0.09499552640038646,0.019990209387383547,4.0,-7.0293663240311215
0.14058732648062242,0.030286500779414215,4.0,-9.712277967902086
0.19424555935804172,0.04219147657885258,1.0,-9.278559910430392
0.18557119820860785,0.03786583764847701,1.0,-8.282529638562243
0.1656505927712449,0.031939191103517534,3.0,-9.560166941234598
0.19120333882469198,0.0367990412703843,4.0,-12.195894897101585
0.2439178979420317,0.048164685144953465,0.0,-10.735564551100218
0.21471129102200437,0.03840260498941395,0.0,-8.563307274360707
0.17126614548721414,0.026497629189975582,0.0,-6.30123879898533
0.1260247759797066,0.014592653390537207,3.0,-7.330854330029868
0.14661708660059736,0.018918292320912772,4.0,-9.792143000980738
0.19584286001961476,0.030283936195481906,1.0,-9.236716933136831
0.18473433866273664,0.02595829726510633,1.0,-8.364328626954888
0.16728657253909776,0.020031650720146853,2.0,-8.27287323336147
0.16545746466722938,0.019498677621944266,2.0,-8.484466704063667
0.16968933408127335,0.019498677621944266,1.0,-7.64156856480391
0.1528313712960782,0.014105854356874906,1.0,-6.446521394424299
0.128930427888486,0.00817920781191543,3.0,-7.529660854155193
0.15059321708310386,0.0130390579787822,3.0,-8.874391086280951
0.177487821725619,0.01896570452374168,1.0,-8.137366682489763
0.16274733364979527,0.01088398275568736,4.0,-10.137578003615983
0.20275156007231968,0.021180274147718028,4.0,-12.74403221892011
0.2548806443784022,0.0330852499471564,0.0,-11.19076286456756
0.2238152572913512,0.023323169791616936,2.0,-11.071079853437872
0.22142159706875747,0.02225513392043204,1.0,-10.279658673477421
0.20559317346954842,0.016862310655362676,1.0,-9.135523627859078
0.18271047255718156,0.010935664110403198,3.0,-10.271586159371706
0.20543172318743413,0.01579551427726997,3.0,-11.644021315730482
0.23288042631460965,0.021722160822229445,0.0,-9.695418946897838
0.1939083789379568,0.011425869430198786,2.0,-9.675000786717044
0.1935000157343409,0.010357833559013886,0.0,-7.534285074003309
0.15068570148006616,-0.00047228246771047926,0.0,-5.048350083115302
0.10096700166230606,-0.012377258267148849,4.0,-6.955641598920547
0.13911283197841093,-0.002615178111609386,1.0,-6.133926159483126
0.12267852318966252,-0.006940817041984952,4.0,-8.003802145999224
0.16007604291998448,0.0033554743500457166,2.0,-8.317221553764464
0.16634443107528926,0.0044235102212306174,2.0,-8.422179651495577
0.16844359302991155,0.0044235102212306174,4.0,-10.471775439163874
0.2094355087832775,0.015253626247954982,0.0,-8.782030365317263
0.17564060730634526,0.005491546092415519,4.0,-10.81896185289963
0.21637923705799259,0.015253626247954982,1.0,-9.989573650767552
0.19979147301535105,0.010927987317579416,1.0,-8.994030897312335
0.1798806179462467,0.005001340772619939,1.0,-7.751550915784162
0.15503101831568325,-0.0009253057723395372,0.0,-5.413540452161696
0.10827080904323391,-0.01229094964690867,3.0,-6.2304210387741605
0.12460842077548322,-0.007965310716533103,3.0,-7.37537678528634
0.1475075357057268,-0.002038664171573627,3.0,-8.614016047049809
0.17228032094099616,0.00388798237338585,0.0,-6.530914059651071
0.1306182811930214,-0.006408309018644818,0.0,-3.996018703592863
0.07992037407185726,-0.018313284818083187,2.0,-3.6785284740509634
0.07357056948101927,-0.01938132068926809,2.0,-3.617418782067702
0.07234837564135403,-0.01938132068926809,2.0,-3.3142205715598245
0.06628441143119648,-0.01938132068926809,2.0,-3.206218143715027
0.06412436287430054,-0.01938132068926809,3.0,-3.985230328053663
0.07970460656107325,-0.01398849742419873,2.0,-4.079116119255904
0.08158232238511808,-0.013455524325996141,2.0,-4.022919397241795
0.08045838794483591,-0.013455524325996141,2.0,-3.772693238544197
0.07545386477088394,-0.013455524325996141,2.0,-3.5679890035901356
0.07135978007180271,-0.03867229022503895,1.0,-2.2353268932871666
0.044706537865743336,-0.044065113490108304,2.0,-1.8281009202721363
0.03656201840544272,-0.044598086588310895,3.0,-2.4121180509263644
0.04824236101852729,-0.039205263323241535,3.0,-3.34730271271165
0.066946054254233,-0.03327861677828206,2.0,-3.0579673054465166
0.06115934610893033,-0.03274564368007947,2.0,-2.859624488902131
0.05719248977804262,-0.03274564368007947,4.0,-4.63700738022237
0.0927401476044474,-0.021915527653355107,1.0,-3.6712988723728444
0.0734259774474569,-0.02624116658373067,2.0,-3.2253202518465454
0.0645064050369309,-0.02677413968193326,0.0,-0.9511406033196335
0.01902281206639267,-0.03760425570865762,0.0,-1.8769817547058127
-0.03753963509411625,-0.04950923150809617,3.0,-1.359845183938562
-0.02719690367877124,-0.04518359257772061,1.0,-2.8340135908043718
-0.05668027181608744,-0.05004344274458738,0.0,-5.5211595271271685
-0.11042319054254338,-0.061409086619156845,2.0,-6.382029249936414
-0.12764058499872827,-0.062477122490341735,2.0,-6.8424799368781475
-0.13684959873756294,-0.062477122490341735,3.0,-6.413029376524403
-0.12826058753048805,-0.05708429922527237,0.0,-8.948910719085534
-0.17897821438171066,-0.06738059061730339,4.0,-7.438743266696162
-0.14877486533392323,-0.05761851046176358,2.0,-7.829430379241893
-0.15658860758483786,-0.05655047459057868,4.0,-6.153979608697496
-0.1230795921739499,-0.045720358563853966,0.0,-8.525518021261362
-0.17051036042522724,-0.05548243871939379,4.0,-6.864110173426794
-0.13728220346853587,-0.045720358563853966,1.0,-8.28504480665947
-0.16570089613318945,-0.05004599749422953,2.0,-8.745555945412846
-0.17491111890825692,-0.050578970592432125,4.0,-7.024248417224931
-0.1404849683444986,-0.039748854565707606,1.0,-8.195082190673416
-0.16390164381346833,-0.04407449349608317,1.0,-9.929889459503858
-0.19859778919007717,-0.05000114004104265,4.0,-8.117561757849906
-0.1623512351569981,-0.03970484864901181,2.0,-8.353395098549232
-0.16706790197098462,-0.03863681277782691,2.0,-8.604056718580086
-0.17208113437160172,-0.03863681277782691,2.0,-9.049142267212302
-0.18098284534424605,-0.03863681277782691,4.0,-7.041462357770748
-0.14082924715541495,-0.027806696751102544,2.0,-7.17346345406244
-0.1434692690812488,-0.026738660879917643,2.0,-7.318739576424437
-0.14637479152848873,-0.026738660879917643,2.0,-7.660054981815105
-0.1532010996363021,-0.026738660879917643,2.0,-7.766649100448148
-0.15533298200896295,-0.026738660879917643,1.0,-9.423924862047684
-0.1884784972409537,-0.06444995139687756,4.0,-7.908496404974688
-0.15816992809949376,-0.05415366000484689,4.0,-5.9798458289508725
-0.11959691657901746,-0.04224868420540852,4.0,-3.95364077574611
-0.0790728155149222,-0.030343708405970147,2.0,-4.022939616171712
-0.08045879232343424,-0.02927567253478525,4.0,-1.911457048753489
-0.038229140975069784,-0.018445556508060887,4.0,-0.3091719383116909
0.006183438766233817,-0.0065405807086224175,2.0,-0.44960578456606387
0.008992115691321276,-0.005472544837437523,3.0,-1.457259957967608
0.02914519915935216,-7.972157236820741e-05,3.0,-2.624418015867997
0.05248836031735994,0.005846924972591205,2.0,-2.7613784544062274
0.05522756908812455,0.0063798980707937955,4.0,-4.970665699000659
0.09941331398001316,0.017210014097518246,1.0,-4.237919758260676
0.08475839516521352,0.012884375167142768,4.0,-6.3922759675386285
0.12784551935077257,0.023180666559173512,1.0,-5.9113828809790725
0.11822765761958146,0.018855027628798003,2.0,-5.946777836309815
0.11893555672619631,0.018322054530595416,2.0,-6.086647102198752
0.12173294204397504,0.018322054530595416,1.0,-5.135661718134502
0.10271323436269005,0.012929231265526144,2.0,-5.118865407141065
0.10237730814282131,0.012396258167323553,2.0,-5.206573653228768
0.10413147306457535,0.012396258167323553,2.0,-5.294344339785679
0.10588688679571359,0.012396258167323553,3.0,-6.463406987243082
0.12926813974486165,0.017789081432392825,4.0,-8.891679814771127
0.17783359629542256,0.02915472530696197,2.0,-9.561566470331838
0.19123132940663676,0.030222761178146866,2.0,-9.788391282790235
0.1957678256558047,0.030222761178146866,3.0,-11.13121969558825
0.222624393911765,0.03561558444321623,2.0,-11.531623584283254
0.23063247168566509,0.036148557541418824,4.0,-14.072836647108877
0.28145673294217755,0.046978673568143184,0.0,-12.436240456118515
0.2487248091223703,0.03721659341260372,3.0,-13.626296090915337
0.27252592181830676,0.041542232342979296,2.0,-14.10345175967671
0.2820690351935342,0.042075205441181894,1.0,-13.322992471792324
0.26645984943584644,0.03668238217611253,4.0,-15.958474425276734
0.31916948850553467,0.046978673568143184,0.0,-14.322058150312047
0.28644116300624095,0.03721659341260372,2.0,-14.408773169867716
0.28817546339735434,0.036148557541418824,1.0,-13.60395911557024
0.27207918231140477,0.030755734276349464,1.0,-12.645406532789444
0.2529081306557889,0.024829087731389986,3.0,-13.831564823528195
0.2766312964705639,0.027254492927549803,3.0,-15.281572304428312
0.30563144608856624,0.03318113947250928,0.0,-13.458541688007895
0.2691708337601579,0.02288484808047862,2.0,-13.440989364663015
0.2688197872932603,0.021816812209293723,2.0,-13.632739645753603
0.27265479291507205,0.021816812209293723,4.0,-16.029190877104813
0.32058381754209625,0.032646928236018086,2.0,-16.55511767688501
0.3311023535377002,0.03371496410720298,1.0,-15.730837602079726
0.3146167520415945,0.028322140842133615,1.0,-14.773161195494858
0.29546322390989715,0.02239549429717414,1.0,-13.755296479375502
0.27510592958751007,0.016468847752214726,3.0,-14.883155467439739
0.2976631093487948,0.021328697919081433,2.0,-15.179661441794448
0.30359322883588896,0.021861671017284028,3.0,-16.483712309702888
0.3296742461940577,0.02725449428235339,0.0,-14.61813584901773
0.2923627169803546,0.016958202890322703,3.0,-15.642106866160798
0.312842137323216,0.02128384182069821,3.0,-17.034501102090392
0.3406900220418078,0.027210488365657686,0.0,-15.183777396188749
0.303675547923775,0.016914196973626998,2.0,-15.10367022187642
0.3020734044375284,0.0158461611024421,2.0,-15.242928866455328
0.30485857732910654,0.0158461611024421,0.0,-13.197326366011294
0.2639465273202259,0.00501604507571765,1.0,-11.93875261365055
0.238775052273011,-0.0014473688101787154,1.0,-10.738837221391002
0.21477674442782005,-0.0073740153551381344,2.0,-10.564843968371902
0.21129687936743805,-0.007906988453340725,2.0,-10.495324349324566
0.20990648698649134,-0.007906988453340725,2.0,-10.425840210496055
0.2085168042099211,-0.007906988453340725,2.0,-10.356392266028656
0.2071278453205731,-0.007906988453340725,2.0,-10.28698124897242
0.2057396249794484,-0.007906988453340725,1.0,-9.14132458667663
0.1828264917335326,-0.013299811718410007,3.0,-9.996666791811325
0.19993333583622652,-0.008439961551543312,2.0,-10.031434231854794
0.20062868463709588,-0.007906988453340723,2.0,-9.961801381370334
0.19923602762740666,-0.007906988453340723,0.0,-7.728216257984993
0.15456432515969987,-0.018737104480065173,0.0,-5.201095823960616
0.1040219164792123,-0.03064208027950355,2.0,-4.713310641366112
0.09426621282732225,-0.031710116150688444,0.0,-2.289588273592641
0.04579176547185282,-0.042540232177412804,0.0,-0.47672732238356574
-0.009534546447671315,-0.05444520797685118,0.0,-3.380367136011089
-0.06760734272022179,-0.06635018377628955,3.0,-3.0966548680724464
-0.06193309736144893,-0.06202454484591398,3.0,-2.448133630337016
-0.04896267260674032,-0.056097898300954505,2.0,-2.829040853068351
-0.056580817061367014,-0.055564925202751914,3.0,-2.202419350107193
-0.044048387002143856,-0.05017210193768255,3.0,-1.4526248609761352
-0.029052497219522706,-0.04424545539272308,2.0,-1.731500739922761
-0.03463001479845522,-0.04371248229452049,1.0,-3.2244782554482194
-0.06448956510896439,-0.04910530555958985,1.0,-4.844849217112692
-0.09689698434225384,-0.05503195210454933,0.0,-7.644231346126454
-0.15288462692252908,-0.06639759597911846,2.0,-8.484420940160884
-0.1696884188032177,-0.06746563185030337,4.0,-6.825641769388829
-0.1365128353877766,-0.056635515823578994,3.0,-6.021129478200712
-0.12042258956401423,-0.05017210193768255,4.0,-4.150933997247515
-0.0830186799449503,-0.038806458063113426,4.0,-2.0802881152513466
-0.041605762305026925,-0.026901482263675055,4.0,-0.07673011657679016
0.001534602331535803,-0.014996506464236637,2.0,-0.16531412678535806
0.003306282535707161,-0.013928470593051741,0.0,-2.1334704996631877
-0.042669409993263754,-0.024758586619776146,3.0,-1.4888146297611993
-0.029776292595223984,-0.02043294768940057,3.0,-0.475688967088695
-0.0095137793417739,-0.014506301144441198,0.0,-2.668909581007676
-0.05337819162015352,-0.024802592536471907,3.0,-2.010018792331846
-0.04020037584663692,-0.020476953606096332,3.0,-0.9992959248201222
-0.019985918496402445,-0.014550307061136955,4.0,-1.1542005655948906
0.02308401131189781,-0.0031846631865677473,0.0,-0.8282984373286423
-0.016565968746572846,-0.012946743342107301,1.0,-2.2427597397900927
-0.044855194795801856,-0.019410157228003634,3.0,-1.4419794698368429
-0.028839589396736857,-0.014550307061136953,2.0,-1.4617455086778115
-0.029234910173556228,-0.014017333962934362,2.0,-1.5761611469572983
-0.031523222939145966,-0.014017333962934362,4.0,-0.4749235108735919
0.009498470217471838,-0.0031872179362099117,2.0,-0.6638555977594117
0.013277111955188233,-0.002119182065025016,2.0,-0.6447516097714795
0.01289503219542959,-0.002119182065025016,1.0,-0.4558395128965959
-0.009116790257931918,-0.0075120053300943325,1.0,-1.7127361306580255
-0.03425472261316051,-0.01343865187505372,2.0,-1.9402566609595162
-0.038805133219190324,-0.01397162497325631,1.0,-3.1446251741598767
-0.06289250348319754,-0.01936444823832558,2.0,-3.4240286451287023
-0.06848057290257405,-0.019897421336528172,1.0,-4.680281947935062
-0.09360563895870125,-0.025290244601597536,4.0,-2.830521328206017
-0.05661042656412034,-0.014993953209566832,4.0,-0.5705581243191494
-0.011411162486382988,-0.0030889774101283507,0.0,-2.55091880204493
-0.051018376040898594,-0.012851057565667902,1.0,-3.9642513252288336
-0.07928502650457667,-0.019314471451564237,1.0,-5.3389914485752685
-0.10677982897150537,-0.0252411179965237,4.0,-3.4835669505148514
-0.06967133901029703,-0.014944826604492997,0.0,-5.567939657239043
-0.11135879314478085,-0.024706906760032506,4.0,-3.8323094224555443
-0.07664618844911089,-0.014944826604492997,3.0,-2.6537285995485527
-0.053074571990971056,-0.008481412718596648,1.0,-3.700408589256863
-0.07400817178513726,-0.013341262885463343,3.0,-2.845429515862496
-0.056908590317249916,-0.008481412718596648,3.0,-1.7305640081482097
-0.03461128016296419,-0.002554766173637226,2.0,-1.6420438391838075
-0.03284087678367615,-0.002021793075434636,2.0,-1.6589252813832986
-0.03317850562766597,-0.002021793075434636,0.0,-3.852977159837052
-0.07705954319674105,-0.012851909102159083,0.0,-6.3576462707553985
-0.12715292541510798,-0.02475688490159752,4.0,-4.6128279398425684
-0.09225655879685137,-0.01499480474605801,4.0,-2.3531486679843807
-0.047062973359687614,-0.003089828946619529,0.0,-4.3335703800886725
-0.08667140760177344,-0.012851909102159083,1.0,-5.7469079614341805
-0.1149381592286836,-0.019315322988055418,4.0,-3.854526643836156
-0.07709053287672311,-0.009019031596024662,0.0,-5.887029439274723
-0.11774058878549447,-0.018781111751564217,2.0,-6.270698921575328
-0.12541397843150656,-0.019849147622749114,4.0,-4.265256057601143
-0.08530512115202286,-0.009019031596024662,3.0,-3.044258686474148
-0.060885173729482954,-0.002555617710128288,0.0,-5.12928525166303
-0.10258570503326062,-0.012851909102159042,0.0,-7.6448039569196045
-0.1528960791383921,-0.024756884901597474,4.0,-5.897424288648794
-0.11794848577297587,-0.014994804746057966,0.0,-7.994868336411013
-0.15989736672822025,-0.024756884901597474,4.0,-6.246224713713363
-0.12492449427426726,-0.014994804746057966,2.0,-6.15962853498308
-0.12319257069966158,-0.013926768874873069,3.0,-5.192281165072705
-0.10384562330145411,-0.008533945609803785,1.0,-6.239517568800204
-0.12479035137600407,-0.013393795776670478,2.0,-6.466232536397109
-0.12932465072794216,-0.013926768874873069,4.0,-4.413070346917433
-0.08826140693834865,-0.003096652848148618,0.0,-6.398126294358048
-0.12796252588716095,-0.01285873300368817,1.0,-7.823722778632712
-0.15647445557265424,-0.019322146889584505,4.0,-5.912086200996951
-0.11824172401993902,-0.00902585549755375,2.0,-5.772718625908585
-0.1154543725181717,-0.007957819626368854,2.0,-5.842702629901753
-0.11685405259803505,-0.007957819626368854,2.0,-5.912748716075754
-0.11825497432151508,-0.007957819626368854,2.0,-5.9828547038930955
-0.11965709407786192,-0.007957819626368854,2.0,-6.053018512013791
-0.12106037024027583,-0.007957819626368854,2.0,-6.123238152816956
-0.12246476305633913,-0.007957819626368854,2.0,-6.188434912200594
-0.12376869824401189,-0.007957819626368854,2.0,-6.258150755977042
-0.12516301511954084,-0.007957819626368854,2.0,-6.327930528772777
-0.12655861057545553,-0.007957819626368854,1.0,-7.485782335962745
-0.1497156467192549,-0.01335064289143814,2.0,-7.712399389920991
-0.1542479877984198,-0.013883615989640729,4.0,-5.653293403414736
-0.11306586806829473,-0.0030534999629162787,1.0,-6.545472874131716
-0.13090945748263433,-0.0073791388932918055,1.0,-7.801037995598639
-0.15602075991197278,-0.013305785438251196,3.0,-6.9457798376009645
-0.1389155967520193,-0.008445935271384502,1.0,-7.992418643146069
-0.15984837286292136,-0.013305785438251196,4.0,-6.0416365579465205
-0.12083273115893041,-0.0030094940462204412,1.0,-6.93105441253352
-0.13862108825067038,-0.007335132976595968,4.0,-4.932229731224305
-0.09864459462448609,0.00296115841543478,4.0,-2.521001594537729
-0.05042003189075458,0.014866134214873261,2.0,-2.1714567181287787
-0.043429134362575575,0.015934170086058158,2.0,-2.031297704399506
-0.04062595408799012,0.015934170086058158,4.0,-0.2870833425468253
0.0057416668509365065,0.026764286112782545,0.0,-1.4394251741068125
-0.02878850348213625,0.01700220595724305,1.0,-2.590600361580928
-0.051812007231618565,0.010538792071346718,4.0,-0.45280201008356563
-0.009056040201671313,0.020835083463377462,0.0,-2.214795774593423
-0.04429591549186846,0.011073003307837916,2.0,-2.335214657445267
-0.04670429314890534,0.01000496743665302,4.0,-0.07691403343985434
-0.0015382806687970867,0.020835083463377462,0.0,-1.8450928889026317
-0.03690185777805263,0.011073003307837916,0.0,-4.138668999378117
-0.08277337998756233,-0.0008319724916005604,0.0,-6.5384770086091955
-0.13076954017218392,-0.012736948291039038,2.0,-6.868933691351891
-0.1373786738270378,-0.013804984162223935,0.0,-9.186630842978253
-0.18373261685956507,-0.024635100188948343,3.0,-8.525057667831483
-0.1705011533566297,-0.020309461258572768,0.0,-10.781487740166703
-0.21562975480333407,-0.030605752650603425,3.0,-10.187445129284871
-0.20374890258569742,-0.02628011372022785,4.0,-8.108673723913148
-0.16217347447826297,-0.014914469845658694,2.0,-8.021307293894157
-0.16042614587788312,-0.013846433974473797,3.0,-7.053370405290372
-0.14106740810580745,-0.008453610709404511,4.0,-4.843050180053187
-0.09686100360106374,0.002912033165164678,2.0,-4.60132125071763
-0.09202642501435261,0.003980069036349573,2.0,-4.565968937368176
-0.09131937874736352,0.003980069036349573,2.0,-4.530697667238746
-0.09061395334477493,0.003980069036349573,2.0,-4.495509347898222
-0.08991018695796445,0.003980069036349573,3.0,-3.379219151909104
-0.06758438303818208,0.009372892301418889,2.0,-3.188119610371714
-0.06376239220743428,0.009905865399621478,3.0,-2.026889137160931
-0.04053778274321862,0.015298688664690748,3.0,-0.7016092645661614
-0.014032185291323227,0.02122533520965014,3.0,-0.6756908345667407
0.013513816691334815,0.027151981754609616,3.0,-2.10484399710332
0.0420968799420664,0.03307862829956909,2.0,-2.504370818092563
0.05008741636185125,0.03361160139777169,4.0,-4.99721397640726
0.0999442795281452,0.04444171742449605,4.0,-7.811357599801125
0.1562271519960225,0.056346693223934416,0.0,-6.318675019705004
0.12637350039410006,0.04658461306839495,2.0,-6.508325880307578
0.13016651760615155,0.04551657719721005,2.0,-6.907273079978492
0.13814546159956984,0.04551657719721005,0.0,-5.108115126692942
0.10216230253385886,0.03468646117048569,2.0,-5.19406309753947
0.1038812619507894,0.03361842529930079,2.0,-5.48926940220516
0.1097853880441032,0.03361842529930079,3.0,-6.86570106318356
0.1373140212636712,0.03901124856437015,2.0,-7.317097409146426
0.1463419481829285,0.039544221662572744,1.0,-6.58285211637681
0.13165704232753622,0.034151398397503384,3.0,-7.854853859647947
0.15709707719295893,0.03901124856437015,2.0,-8.306250231521433
0.16612500463042867,0.039544221662572744,1.0,-7.550251300289234
0.15100502600578466,0.034151398397503384,2.0,-7.74093583602157
0.1548187167204314,0.03361842529930079,2.0,-8.036061390874666
0.16072122781749332,0.03361842529930079,2.0,-8.331192674596826
0.1666238534919365,0.03361842529930079,2.0,-8.626329099185297
0.17252658198370593,0.03361842529930079,1.0,-7.84025010441276
0.1568050020882552,0.028225602034231426,2.0,-7.961446710164171
0.1592289342032834,0.027692628936028835,3.0,-9.303850137873443
0.18607700275746886,0.033085452201098195,1.0,-8.603932304921774
0.17207864609843546,0.028225602034231426,1.0,-7.661326758391502
0.15322653516783005,0.022298955489271948,1.0,-6.652833750553157
0.13305667501106314,0.01637230894431254,0.0,-4.506896356977192
0.09013792713954384,0.005006665069743331,1.0,-3.24821141695125
0.064964228339025,-0.0014567488161530316,0.0,-0.9561164381139364
0.019122328762278727,-0.012822392690722235,0.0,-1.5584453341876223
-0.031168906683752447,-0.02472736849016067,3.0,-0.8981805041204443
-0.017963610082408883,-0.020401729559785094,3.0,-0.12286752029293274
0.002457350405858655,-0.014475083014825718,0.0,-2.0741402698822937
-0.04148280539764588,-0.024771374406856426,4.0,-0.33888807278415006
-0.006777761455683001,-0.015009294251316918,0.0,-2.4239745970630757
-0.04847949194126151,-0.024771374406856426,0.0,-5.054654097075285
-0.10109308194150571,-0.0366763502062948,4.0,-3.401722408247652
-0.06803444816495305,-0.026914270050755335,0.0,-5.613874694686666
-0.11227749389373332,-0.0366763502062948,4.0,-3.960022992984449
-0.07920045985968897,-0.026914270050755335,4.0,-1.7898189097295782
-0.03579637819459157,-0.015009294251316918,3.0,-0.6223084969140255
-0.012446169938280509,-0.00854588036542057,3.0,0.0
