Lateral Error,Yaw Error,Action,Reward
0.2995873890729709,0.08374178819094474,2.0,-15.707629490916268
0.3141525898183254,0.08374178819094474,0.0,-14.168773167142014
0.2833754633428403,0.07291167216422027,3.0,-15.713523083988829
0.31427046167977657,0.07723731109459585,1.0,-15.368986171238749
0.307379723424775,0.07237746092772908,4.0,-18.204046949247783
0.36408093898495564,0.08267375231975986,1.0,-18.011992263122053
0.360239845262441,0.07834811338938429,1.0,-17.45810241189387
0.34916204823787733,0.07242146684442481,1.0,-16.855916137185012
0.33711832274370024,0.06649482029946534,3.0,-18.45150417041968
0.3690300834083936,0.0713546704663321,1.0,-18.05952729884173
0.3611905459768346,0.06649482029946534,3.0,-19.698417460268736
0.3939683492053747,0.0713546704663321,4.0,-22.79420560461169
0.4558841120922338,0.08272031434090137,1.0,-22.600777601747186
0.4520155520349437,0.0783946754105258,1.0,-21.998480971113228
0.43996961942226454,0.07246802886556632,1.0,-21.353235528646376
0.42706471057292755,0.06654138232060684,2.0,-21.82523651272846
0.4365047302545692,0.06600840922240425,2.0,-22.401749775690064
0.44803499551380127,0.06600840922240425,3.0,-24.143978303289618
0.48287956606579235,0.07140123248747361,2.0,-24.92033462580929
0.49840669251618575,0.0719342055856762,4.0,-27.96025827923557
0.5592051655847114,0.08276432161240069,1.0,-27.71749983103254
0.5543499966206509,0.07843868268202511,3.0,-29.523107849115142
0.5904621569823029,0.0832985328488919,1.0,-29.17473734771186
0.5834947469542373,0.07843868268202511,1.0,-28.52715167672885
0.5705430335345769,0.07251203613706564,1.0,-27.883006643287885
0.5576601328657577,0.06658538959210616,4.0,-30.750255267769244
0.6150051053553849,0.07688168098413684,4.0,-34.17289655758705
0.683457931151741,0.08878665678357554,2.0,-35.21792074943883
0.7043584149887766,0.08985469265476044,4.0,-38.583203651242876
0.7716640730248575,0.10068480868148516,0.0,-37.146399997035054
0.742927999940701,0.09092272852594534,1.0,-36.47211607876387
0.7294423215752773,0.08445931464004892,2.0,-37.09720230093726
0.7419440460187452,0.08392634154184632,1.0,-36.59402238027206
0.7318804476054412,0.07853351827677696,4.0,-39.705041565603935
0.7941008313120786,0.08882980966880796,0.0,-38.20960478341627
0.7641920956683255,0.07906772951326817,4.0,-41.162645165945875
0.8232529033189175,0.08882980966880796,0.0,-39.67129425132756
0.7934258850265512,0.07906772951326817,1.0,-38.87259824598274
0.7774519649196548,0.07260431562737173,2.0,-39.39679222397994
0.7879358444795989,0.07207134252916914,0.0,-37.605807511693065
0.7521161502338614,0.061241226502444776,1.0,-36.69599921508248
0.7339199843016495,0.054777812616548335,4.0,-39.460247208448635
0.7892049441689728,0.065074104008579,3.0,-41.54080990013953
0.8308161980027906,0.07153751789447545,1.0,-41.06346282033809
0.8212692564067618,0.06667766772760868,3.0,-42.746455962205886
0.8549291192441177,0.07153751789447545,1.0,-42.2703928611206
0.845407857222412,0.06667766772760868,1.0,-41.504861777906406
0.8300972355581282,0.0607510211826492,1.0,-40.73767483618772
0.8147534967237544,0.054824374637689716,0.0,-38.718724126880545
0.7743744825376109,0.04345873076312058,4.0,-41.23636396920266
0.8247272793840532,0.05322081091866005,0.0,-39.53862664924053
0.7907725329848105,0.04345873076312058,4.0,-42.08337377053339
0.8416674754106678,0.05322081091866005,4.0,-45.236361921416346
0.9047272384283269,0.06512578671809842,3.0,-47.31754572837171
0.9463509145674343,0.07098057823634756,3.0,-49.36349070956555
0.987269814191311,0.07690722478130704,0.0,-47.61800220730592
0.9523600441461184,0.06661093338927637,2.0,-47.98636329964805
0.959727265992961,0.06554289751809148,1.0,-47.32372083973928
0.9464744167947856,0.06015007425302211,2.0,-47.70818967507141
0.9541637935014282,0.059617101154819524,3.0,-49.51161751893344
0.9902323503786687,0.06500992441988888,2.0,-150.02873696903754
