Lateral Error,Yaw Error,Action,Reward
-0.0021745130400333155,-0.0017527598218490582,1.0,-0.421057560090838
-0.001651206118003286,-0.0017527598218490582,1.0,-0.6352614471256488
-0.0024912213612770543,-0.0017527598218490582,1.0,-0.48114493150482923
-0.0018868428686463893,-0.0017527598218490582,1.0,-0.3270505492927911
-0.00128255117369722,-0.0017527598218490582,1.0,-0.6695808023335355
-0.002625807067974649,-0.0017527598218490582,1.0,-0.7367461334376659
-0.0028892005232849646,-0.0017527598218490582,1.0,-0.5887330149932133
-0.0023087569215420128,-0.0017527598218490582,1.0,-0.8519380681545892
-0.003340933600606232,-0.0017527598218490582,1.0,-0.6983804156293011
-0.0027387467279580435,-0.0017527598218490582,1.0,-0.5451515529368438
-0.0021378492272033094,-0.0017527598218490582,1.0,-1.0890796481033356
-0.004270900580797394,-0.0017527598218490582,2.0,-1.053103236617273
0.004129816614185384,0.004714614318516746,1.0,-1.4586150149173513
0.0057200588820288285,0.005054643100890652,1.0,-1.3425426931163202
0.005264873306338511,0.005054643100890652,1.0,-1.645006610472507
0.006451006315578459,0.005054643100890652,1.0,-1.6906225342050758
0.006629892291000297,0.005054643100890652,1.0,-1.5436309778847999
0.00605345481523451,0.005054643100890652,1.0,-1.849217759592409
0.00725183435134278,0.005054643100890652,1.0,-2.1548253723641486
0.008450295577898623,0.005054643100890652,1.0,-2.043793903162092
0.008014878051616048,0.005054643100890652,1.0,-2.3466118713638946
0.009202399495544685,0.005054643100890652,1.0,-2.376512561894161
0.009319657105467298,0.005054643100890652,1.0,-2.243069774145335
0.008796352055471903,0.005054643100890652,1.0,-2.5483405637308545
0.009993492406787664,0.005054643100890652,1.0,-2.853694724793402
0.011190959705072164,0.005054643100890652,1.0,-2.745241834092535
0.010765654251343276,0.005054643100890652,0.0,-0.7865743750312266
0.00308460539227932,0.009874100900348624,0.0,-0.8053496728013786
-0.0031582340109857984,0.004203945613266856,1.0,-0.15503351173127214
-0.0006079745558089103,0.003977319936634586,1.0,-0.12684113567875646
-0.0004974162183480645,0.003977319936634586,1.0,-0.10008492050872965
-0.0003924898843479594,0.003977319936634586,1.0,-0.07629116986010635
-0.00029918105827492686,0.003977319936634586,1.0,-0.05915004274244626
-0.0002319609519311618,0.003977319936634586,1.0,-0.055246232330019435
0.00021665189149027228,0.003977319936634586,1.0,-0.06693727279561507
0.00026249910900241204,0.003977319936634586,1.0,-0.08822745867578652
0.00034599003402269223,0.003977319936634586,1.0,-0.11385343258718257
0.00044648404936150027,0.003977319936634586,1.0,-0.14147846985249546
0.0005548175288333154,0.003977319936634586,0.0,-1.8169985878213195
-0.0071254846581228215,-0.0024900542037312183,1.0,-1.6100125811472026
-0.006313774828028246,-0.0028300829861051245,1.0,-1.7306642599729498
-0.006786918666560587,-0.0028300829861051245,1.0,-1.8513939961118369
-0.007260368612203282,-0.0028300829861051245,1.0,-1.9721874545098066
-0.007734068449058065,-0.0028300829861051245,1.0,-1.8391104998221262
-0.007212198038518141,-0.0028300829861051245,1.0,-1.9591363938403419
-0.007682887818981733,-0.0028300829861051245,1.0,-2.079304226797818
-0.008154134222736541,-0.0028300829861051245,1.0,-2.1995907356334525
-0.00862584602209197,-0.0028300829861051245,1.0,-2.3199774610511352
-0.009097950827651512,-0.0028300829861051245,1.0,-2.44044957212435
-0.009570390478919019,-0.0028300829861051245,1.0,-2.5609950189670965
-0.010043117721439595,-0.0028300829861051245,1.0,-2.23364673705286
-0.008759398968834745,-0.0028300829861051245,1.0,-2.3548957796971455
-0.009234885410577041,-0.0028300829861051245,1.0,-2.4761448259985928
-0.009710371866661148,-0.0028300829861051245,1.0,-2.597393875445069
-0.010185858335078702,-0.0028300829861051245,1.0,-2.718642927615765
-0.01066134481417947,-0.0028300829861051245,1.0,-2.8398919821617103
-0.011136831302594942,-0.0028300829861051245,1.0,-2.9611410387912165
-0.01161231779918124,-0.0028300829861051245,1.0,-3.0823900972583678
-0.01208780430297399,-0.0028300829861051245,1.0,-3.20363915735446
-0.012563290813154746,-0.0028300829861051245,1.0,-3.0887090104936137
-0.012112584354876917,-0.0028300829861051245,1.0,-2.7497631926262867
-0.010783385069122693,-0.0028300829861051245,1.0,-2.8707924763047723
-0.011258009710999106,-0.0028300829861051245,1.0,-2.991839559082262
-0.011732704153263773,-0.0028300829861051245,1.0,-3.112902364573449
-0.012207460253229212,0.021132149272071514,1.0,-2.5502609768579396
-0.010001023438658586,0.021132149272071514,0.0,-4.19848032273325
-0.01646462871660098,0.01466477513170571,0.0,-5.516074022965906
-0.021631662835160416,0.00899461984462306,1.0,-5.528465124863747
-0.021680255391622535,0.00876799416799077,1.0,-5.234791603524023
-0.02052859452362362,0.00876799416799077,1.0,-4.949375305406706
-0.019409314923163553,0.00876799416799077,1.0,-4.886872287165424
-0.019164205047707546,0.00876799416799077,1.0,-4.600026775499442
-0.018039320688233107,0.00876799416799077,1.0,-4.53931541503798
-0.017801236921717572,0.00876799416799077,1.0,-4.250830839288957
-0.016669924859956695,0.00876799416799077,1.0,-4.192211133844957
-0.016440043662137086,0.00876799416799077,1.0,-3.9018284663199263
-0.015301288103215396,0.00876799416799077,1.0,-3.8456819956493655
-0.015081105865291631,0.00876799416799077,1.0,-3.553076695529543
-0.013933634100115855,0.00876799416799077,1.0,-3.2731627339503317
-0.0128359322900013,0.00876799416799077,1.0,-3.204657344466323
-0.012567283703789503,0.00876799416799077,1.0,-2.9231013969498743
-0.01146314273313676,0.00876799416799077,1.0,-2.856692047450153
-0.011202713911569228,0.00876799416799077,1.0,-2.5730983926339825
-0.01009058193189797,0.00876799416799077,1.0,-2.5093696977296767
-0.00984066548129285,0.00876799416799077,1.0,-2.223181271713363
-0.008718357928287698,0.00876799416799077,1.0,-2.163000040036829
-0.008482353098183643,0.00876799416799077,0.0,-3.8555128742651585
-0.015119658330451601,0.002300620027624931,1.0,-3.8306815408278534
-0.01502228055226609,0.0019605912452509895,1.0,-3.909973817589632
-0.015333230657214241,0.0019605912452509895,1.0,-3.7828886553094465
-0.014834857471801752,0.0019605912452509895,1.0,-3.8643808921938536
-0.015154434871348446,0.0019605912452509895,1.0,-3.7353756275450736
-0.014648531872725778,0.0019605912452509895,1.0,-3.371082465440622
-0.013219931237022049,0.0019605912452509895,1.0,-3.226425179972644
-0.012652647764598604,0.0019605912452509895,0.0,-5.547907003198229
-0.02175649805175776,-0.004506782895114849,1.0,-5.41519912959738
-0.02123607501802894,-0.004846811677488791,1.0,-5.434442025798667
-0.021311537356073204,-0.004846811677488791,1.0,-5.673228313370696
-0.02224795417008116,-0.004846811677488791,1.0,-5.691195980428302
-0.022318415609522753,-0.004846811677488791,1.0,-5.931391790412257
-0.023260359962401007,-0.004846811677488791,1.0,-5.94819421646769
-0.02332625182928506,0.03347554725485037,1.0,-5.049406521477705
-0.019801594201873354,0.03347554725485037,1.0,-4.3940150545715975
-0.017231431586555285,0.03347554725485037,1.0,-3.4839583780437433
-0.013662581874681345,0.03347554725485037,1.0,-3.0425108914231047
-0.011931415260482765,0.03347554725485037,1.0,-2.148124304037713
-0.008424016878579266,0.03347554725485037,1.0,-1.5044514255351416
-0.005899809511902517,0.03347554725485037,1.0,-0.5796943080465189
-0.0022733110119471326,0.03347554725485037,1.0,-0.1423857916217487
-0.0005583756534186222,0.03347554725485037,1.0,-0.7873454982867668
0.0030876294050461443,0.03347554725485037,1.0,-1.45152436610854
0.005692252416111922,0.03347554725485037,1.0,-2.328447573650925
0.009131166955493824,0.03347554725485037,1.0,-3.2348943006916344
0.012685860002712292,0.03347554725485037,1.0,-3.675993871508306
0.014415662241209043,0.03347554725485037,1.0,-4.792672963286005
0.018794795934454923,0.03347554725485037,1.0,-5.2340074338235
0.02052551934832745,0.03347554725485037,1.0,-6.138385827688964
0.02407210128505476,0.03347554725485037,1.0,-6.5797790278002335
0.025803055010981308,0.03347554725485037,1.0,-7.69838302959285
0.030189737370952353,0.03347554725485037,1.0,-8.13975077216839
0.03192059126340545,0.03347554725485037,1.0,-9.043371224500145
0.03546420088039272,0.03347554725485037,1.0,-9.484808710122682
0.037195328274990905,0.03347554725485037,1.0,-10.604151616669066
0.041584908300663005,0.03347554725485037,1.0,-11.507314447508902
0.04512672332356432,0.03347554725485037,1.0,-11.948760970930882
0.04685788616051327,0.03347554725485037,1.0,-12.855742329637254
0.05041467580249903,0.03347554725485037,1.0,-13.509940963974993
0.05298016064303919,0.03347554725485037,1.0,-14.412870389117737
0.056521060349481324,0.03347554725485037,1.0,-14.854317805894206
0.05825222668978121,0.03347554725485037,1.0,-15.760395087147062
0.06180547092998848,0.03347554725485037,1.0,-16.41574004705893
0.06437545116493697,0.03347554725485037,1.0,-17.318513880093064
0.06791574070624731,0.03347554725485037,1.0,-17.7599597217575
0.06964690086963725,0.03347554725485037,1.0,-18.66541022484803
0.0731976871562668,0.03347554725485037,1.0,-19.782763714704778
0.07757946554786187,0.03347554725485037,1.0,-20.22420718540995
0.07931061641337234,0.03347554725485037,1.0,-21.129201585370584
0.0828596140602768,0.03347554725485037,1.0,-22.036240398662624
0.08641662901436324,0.08775120013899033,1.0,-23.828484505883498
0.09344503727797451,0.08775120013899033,1.0,-25.872534050222935
0.1014609178440115,0.08775120013899033,1.0,-27.91777065996499
0.10948145356849015,0.08775120013899033,1.0,-30.174944002980663
0.11833311373717907,0.08775120013899033,1.0,-32.219475419713824
0.12635088399887773,0.08775120013899033,1.0,-33.80063981234584
0.13255152867586606,0.08775120013899033,1.0,-35.84586484758906
0.14057201901015318,0.08775120013899033,1.0,-38.10293663806808
0.1494232809336003,0.08775120013899033,1.0,-40.14760273899776
0.15744157936861866,0.08775120013899033,1.0,-42.19299452565272
0.1654627236300107,0.08775120013899033,1.0,-43.986910211499335
0.17249768710391894,0.08775120013899033,1.0,-46.03097667434226
0.1805136340170285,0.08775120013899033,0.0,-45.678300826615036
0.17913059147692173,0.0812838259986245,0.0,-45.641927458216635
0.17898795081653582,0.07561367071154186,0.0,-44.94844953571911
0.17626842955183963,0.06880550920266197,0.0,-44.47558995740281
0.17441407826432476,0.06313535391557933,0.0,-44.031801039821694
0.1726737295679282,0.056327192406699436,0.0,-43.48299082613414
0.17052153265150644,0.050657037119616784,1.0,-44.15324089801018
0.17314996430592228,0.05043041144298449,0.0,-43.570745225569034
0.1708656675512511,0.043963037302618656,1.0,-43.90512015813262
0.1721769417965985,0.04362300852024471,2.0,-47.25776952011461
0.1853245863533906,0.05009038266061055,1.0,-48.5798528114043
0.1905092267113894,0.05043041144298449,1.0,-49.801571628067315
0.19530028089438162,0.05043041144298449,1.0,-51.02329951230385
0.2000913706364857,0.05043041144298449,1.0,-51.75978391861375
0.20297954477887745,0.05043041144298449,1.0,-52.98158239351902
0.2077709113471334,0.05043041144298449,1.0,-54.2033858129714
0.2125622973057702,0.05043041144298449,1.0,-55.42519384997542
0.21735370137245263,0.05043041144298449,1.0,-56.64700620574578
0.22214512237547365,0.05043041144298449,1.0,-57.71248971129603
0.226323489063906,0.05043041144298449,1.0,-58.44831468917722
0.22920907721245967,0.05043041144298449,1.0,-59.670040494571325
0.2340001588022405,0.05043041144298449,1.0,-60.89177361755378
0.23879126908844622,0.05043041144298449,1.0,-62.113513626327645
0.24358240637775547,0.05043041144298449,1.0,-63.33526012241123
0.248373569107495,0.05043041144298449,1.0,-64.55701273748585
0.25316475583327785,0.11352729899054544,1.0,-67.39146336219959
0.2642802484792141,0.11352729899054544,1.0,-69.74089622385517
0.27349371068178496,0.11352729899054544,1.0,-72.41873241523187
0.28399502907934066,0.11352729899054544,1.0,-75.2530650834819
0.29511005915090943,0.11352729899054544,1.0,-77.60190188945616
0.3043211838802202,0.11352729899054544,1.0,-80.43635209773845
0.31543667489309196,0.11352729899054544,1.0,-83.27081636599821
0.3265522210431303,0.11352729899054544,1.0,-85.62026565816986
0.3357657476790975,0.11352729899054544,0.0,-85.86043427767113
0.3367075854026319,0.1070599248501796,1.0,-88.29522073499739
0.34625576758822507,0.10671989606780566,0.0,-87.9401402001917
0.3448632949027126,0.10025252192743982,0.0,-88.20856972529369
0.34591595970703404,0.09458236664035717,0.0,-87.54040973382436
0.34329572444637,0.08777420513147767,0.0,-87.10030358717412
0.34156981798891817,0.08210404984439502,0.0,-86.7143489110507
0.3400562702394145,0.07529588833551557,0.0,-86.05641334924132
0.3374761307813386,0.06962573304843292,0.0,-85.37715711936937
0.3348123808602721,0.06281757153955347,0.0,-84.5764862429559
0.33167249507041524,0.057147416252470815,0.0,-83.69728923426709
0.32822466366379255,0.05033925474359137,2.0,-86.81551629489071
0.3404530050780028,0.05564962072051734,0.0,-85.94088380287947
0.33702307373678225,0.05033925474359137,2.0,-89.05830778321591
0.34924826581653295,0.05564962072051734,0.0,-88.18448746009955
0.34582151945137074,0.05033925474359137,0.0,-87.60140033941806
0.3435349032918355,0.04466909945650894,0.0,-86.02344905503628
0.33734685903935796,0.0378609379476295,0.0,-85.22527652769439
0.33421677069684075,0.03219078266054707,0.0,-83.46848720248103
0.32732740079404327,0.02538262115166762,0.0,-82.44570176223434
0.3233164774989582,0.01971246586458515,0.0,-80.46522776535109
0.3155499128052984,0.012904304355705668,0.0,-79.22745844633782
0.3106959154758345,0.007234149068623198,0.0,-77.03149065638559
0.3020842770838651,0.0004259875597437274,0.0,-75.57089657430767
0.29635645715414777,-0.005244167727338703,0.0,-73.154220320646
0.2868792953750824,-0.01205232923621815,0.0,-71.47328234560102
0.28028738174745493,-0.01772248452330058,0.0,-68.8399780122554
0.2699606980872761,-0.024530646032180026,0.0,-66.87085059593359
0.26223862978797485,-0.030200801319262637,0.0,-64.01524016107815
0.25104015749442415,-0.03700896282814208,0.0,-61.804750756983715
0.24237157159601458,-0.042679118115224735,0.0,-58.733529205583245
0.23032756551209116,-0.04948727962410418,0.0,-56.286700167739816
0.2207321575205483,-0.05515743491118683,0.0,-52.886441219507816
0.20739780870395222,-0.06196559642006627,0.0,-50.20144905820953
0.19686842767925308,-0.06763575170714893,0.0,-47.55241625635479
0.18648006375041096,-0.014077420404906952,1.0,-46.95356594572735
0.1841316311597151,-0.014417449187280895,1.0,-46.594746280508254
0.18272449521767942,-0.014417449187280895,1.0,-46.58667271473784
0.1826928341754425,-0.014417449187280895,1.0,-46.22758033234289
0.18128462875428586,-0.014417449187280895,1.0,-45.72888078918082
0.17932894427129734,-0.014417449187280895,1.0,-45.370406836557414
0.17792316406493103,-0.014417449187280895,1.0,-45.36193977302573
0.17788995989421855,-0.014417449187280895,1.0,-45.003188121322964
0.17648309067185478,-0.014417449187280895,1.0,-44.50425274637268
0.17452648135832421,-0.014417449187280895,1.0,-44.1461441482162
0.17312213391457335,-0.014417449187280895,1.0,-43.646772689709536
0.17116381446944917,-0.014417449187280895,2.0,-45.488352313174445
0.17838569534578214,-0.007950075046915054,1.0,-45.2456308229561
0.17743384636453374,-0.007610046264541113,1.0,-45.52570683853458
0.17853218368052776,-0.007610046264541113,1.0,-45.18282414348108
0.1771875456607101,-0.007610046264541113,1.0,-44.96983131984131
0.1763522796856522,-0.007610046264541113,1.0,-44.626571210432246
0.17500616160953822,-0.007610046264541113,1.0,-44.41411547918917
0.17417300187917323,-0.007610046264541113,1.0,-44.56372830458509
0.17475971884151015,-0.007610046264541113,1.0,-44.35096770670871
0.1739253635557204,-0.007610046264541113,1.0,-44.00753902144237
0.1725785843978132,-0.007610046264541113,1.0,-43.79532636349623
0.17174637789606365,-0.007610046264541113,1.0,-43.94465890777228
0.172331995716754,-0.007610046264541113,1.0,-43.73213723795689
0.17149857740375252,-0.007610046264541113,1.0,-43.38853542975599
0.17015111933237642,-0.007610046264541113,1.0,-43.045902313018146
0.16880746005105157,-0.007610046264541113,1.0,-42.83257108830768
0.16797086701297131,-0.007610046264541113,1.0,-42.983209578105686
0.16856160618864977,-0.007610046264541113,1.0,-42.76956167703914
0.16772377128250643,-0.007610046264541113,1.0,-42.426761959713666
0.16637945866554377,-0.007610046264541113,1.0,-42.21366953063474
0.16554380208092057,-0.007610046264541113,1.0,-42.364032662994376
0.16613346142350735,-0.007610046264541113,1.0,-42.15061907782962
0.1652965454032534,-0.007610046264541113,1.0,-41.80764808168129
0.16395156110463255,-0.007610046264541113,1.0,-41.5948016913093
0.16311686937768355,-0.007610046264541113,1.0,-41.744881178390784
0.1637054163858462,-0.007610046264541113,1.0,-42.02467564604304
0.16480264959232566,0.04033606627500561,1.0,-42.79794840443213
0.16783509178208678,0.04033606627500561,1.0,-43.571238968716045
0.17086760379888644,0.04033606627500561,1.0,-44.83765930908263
0.17583395807483385,0.04033606627500561,1.0,-45.610902996599926
0.17886628626117618,0.04033606627500561,1.0,-46.38416437945547
0.18189868384100186,0.04033606627500561,1.0,-47.157442587174465
0.18493114740068417,0.04033606627500561,1.0,-48.42390123115424
0.18989765188687938,0.04033606627500561,1.0,-49.197136083660915
0.19292994542612124,0.04033606627500561,1.0,-49.97038763498972
0.19596230445094007,0.04033606627500561,1.0,-50.743655121751225
0.19899472596765186,0.04033606627500561,1.0,-52.01014656997876
0.20396135909795593,0.04033606627500561,0.0,-50.57793430864623
0.19834484042606365,0.03386869213463977,1.0,-51.09964115467469
0.20039074962617529,0.033528663352265835,1.0,-52.21225340003907
0.204753934902114,0.033528663352265835,0.0,-50.65078899205937
0.19863054506689948,0.027061289211899993,0.0,-49.69581453796325
0.19488554720769904,0.02139113392481734,0.0,-47.80235413729123
0.1874602123031029,0.014582972415937454,0.0,-46.60992677913507
0.18278402658484344,0.008912817128854804,1.0,-46.61147448959861
0.18279009603764163,0.008686191452222514,1.0,-46.67995931680549
0.1830586639874725,0.008686191452222514,1.0,-46.74844848570319
0.18332724896354194,0.008686191452222514,1.0,-47.29490748511275
0.18547022543181474,0.008686191452222514,1.0,-47.363458357299955
0.18573905238156846,0.008686191452222514,0.0,-45.33774907460275
0.17779509441020686,0.0022188173118566747,1.0,-45.15398140806445
0.17707443689437039,0.0018787885294827334,1.0,-45.54508821233936
0.17860818906799747,0.0018787885294827334,1.0,-45.65006703148853
0.17901987071171974,0.0018787885294827334,1.0,-45.566600317794354
0.17869255026586023,0.0018787885294827334,1.0,-45.483137688145185
0.1783652458358635,0.0018787885294827334,1.0,-45.873224396703925
0.17989499763413302,0.0018787885294827334,1.0,-45.789827615266994
0.1795679514324196,0.0018787885294827334,1.0,-45.7064351532289
0.1792409221695251,0.0018787885294827334,1.0,-45.62304703427567
0.17891390993833595,0.0018787885294827334,1.0,-45.53966328226506
0.178586914832412,0.0018787885294827334,1.0,-45.93089355193417
0.18012115118405558,0.0018787885294827334,1.0,-46.03558075289291
0.18053168922703103,0.0018787885294827334,1.0,-45.95212325692211
0.18020440492910628,0.0018787885294827334,1.0,-46.34228112215295
0.1817344357731488,0.0330280241354779,1.0,-47.39517428277294
0.18586342855989388,0.0330280241354779,1.0,-47.78585148986536
0.1873954960386877,0.0330280241354779,1.0,-48.83853621116308
0.1915236714163258,0.0330280241354779,1.0,-49.417911139118004
0.1937957299573255,0.0330280241354779,1.0,-50.28218226850691
0.19718502850394867,0.0330280241354779,2.0,-52.951378567368806
0.20765246497007372,0.03949539827584374,1.0,-54.2544162303515
0.21276241658961373,0.03983542705821768,1.0,-54.800502378974905
0.2149039308979408,0.03983542705821768,1.0,-56.00299556657974
0.21961959045717547,0.03983542705821768,0.0,-54.45437859406992
0.21354658272184285,0.033368052917851845,1.0,-54.932780701412334
0.2154226694173033,0.0330280241354779,1.0,-55.98584905243484
0.21955234922523464,0.0330280241354779,0.0,-54.30724435094321
0.21296958568997337,0.02656064999511206,0.0,-53.41485789935034
0.20947003097784447,0.020890494708029412,1.0,-53.45471974723868
0.20962635194995557,0.020663869031397122,1.0,-54.23470104949763
0.21268510215489264,0.020663869031397122,1.0,-54.54908928088008
0.21391799717992188,0.020663869031397122,1.0,-55.12197971201017
0.21616462632160852,0.020663869031397122,1.0,-55.435600787280514
0.21739451289129613,0.020663869031397122,1.0,-56.21569622175818
0.22045371067356148,0.020663869031397122,1.0,-56.32261266741501
0.22087299085260786,0.020663869031397122,1.0,-57.10257054521828
0.2239316491969344,0.020663869031397122,1.0,-57.41680044995724
0.22516392333316565,0.020663869031397122,0.0,-55.961725072480306
0.2194577453822757,0.014196494891031282,0.0,-54.37726028760378
0.2132441579906031,0.008526339603948632,1.0,-54.592212844727996
0.21408710919501175,0.008299713927316342,0.0,-52.659082666388336
0.20650620653485624,0.0018323397869505033,1.0,-52.460771306671994
0.20572851492812547,0.0014923110045765619,1.0,-52.815530274540926
0.20711972656682714,0.0014923110045765619,1.0,-52.48253067080278
0.20581384576785405,0.0014923110045765619,1.0,-52.837244781517654
0.20720488149614766,0.0014923110045765619,1.0,-52.73962266022769
0.20682204964795173,0.0014923110045765619,1.0,-52.85966250112957
0.20729279412207674,0.0014923110045765619,1.0,-52.76113729225159
0.2069064207539278,0.0014923110045765619,1.0,-53.11586754639558
0.20829751978978658,0.0014923110045765619,1.0,-52.78335631722075
0.20699355418517942,0.0014923110045765619,1.0,-52.685086353884095
0.20660818177993762,0.0014923110045765619,1.0,-53.039829282550784
0.20799933051980699,0.019661552648411833,0.0,-51.44277136902813
0.20173635830991424,0.013194178508045995,0.0,-50.159433687660254
0.19670366152023627,0.007524023220964155,1.0,-50.423361517882654
0.19773867261914763,0.007297397544331885,1.0,-50.503030086709
0.198051098379251,0.007297397544331885,1.0,-50.582698985669374
0.19836352543399755,0.007297397544331885,1.0,-50.662368213206626
0.1986759537772809,0.007297397544331885,1.0,-50.742037767772906
0.19898838340303102,0.007297397544331885,1.0,-51.26494912147606
0.20103901616265119,0.007297397544331885,1.0,-51.344598330238085
0.20135136600093367,0.007297397544331885,1.0,-51.4242479237112
0.20166371734788707,0.007297397544331885,1.0,-51.50389790011041
0.20197607019651143,0.007297397544331885,1.0,-51.58354825766228
0.2022884245398521,0.007297397544331885,1.0,-51.66319899460369
0.20260078037099488,0.007297397544331885,1.0,-51.74285010918241
0.20291313768306832,0.007297397544331885,1.0,-52.26681743005846
0.20496791149042534,0.007297397544331885,1.0,-52.59766893151347
0.20626536835887635,0.007297397544331885,1.0,-52.67733667814405
0.20657779089468256,0.007297397544331885,1.0,-52.757004743786155
0.2068902146815143,0.007297397544331885,1.0,-52.83667312699658
0.20720263971371206,0.007297397544331885,1.0,-52.91634182634078
0.20751506598565012,0.007297397544331885,1.0,-52.99601084039339
0.2078274934917388,0.007297397544331885,1.0,-53.51892982415669
0.20987815617316347,0.007297397544331885,1.0,-53.59857934354544
0.21019050722958993,0.007297397544331885,1.0,-53.67822923056937
0.21050285972772304,0.007297397544331885,1.0,-53.75787948359422
0.2108152136611538,0.007297397544331885,1.0,-53.837530100995394
0.21112756902351135,0.007297397544331885,2.0,-55.8530416899457
0.21903153603900272,0.01376477168469769,2.0,-58.48139504958625
0.22933880411602453,0.01943492697178034,0.0,-57.163467515521624
0.22417046084518283,0.013874994658934778,0.0,-55.44789257961112
0.217442715998475,0.008204839371852816,0.0,-53.52174370080517
0.2098891909835497,0.0013966778629729293,0.0,-51.81749455334387
0.20320586099350538,-0.004273477424108839,2.0,-53.50650162408005
0.20982941813364725,0.0012864548887367058,2.0,-55.11997224714057
0.2161567539103552,0.006956610175818474,2.0,-57.681439800427256
0.2262017247075579,0.01376477168469836,2.0,-59.62358552620016
0.23381798245568688,0.01943492697178101,2.0,-62.062826117482835
0.243383631833266,0.03289325139517417,0.0,-61.402610118842304
0.2407945494856561,0.027582885418247854,0.0,-60.06263127875752
0.23553973050493146,0.021912730131165205,2.0,-62.682818842470105
0.24581497585282394,0.027472662444010768,0.0,-61.469134915834225
0.24105543104248714,0.022162296467084456,0.0,-60.033923693855485
0.23542715174060974,0.016492141180002244,0.0,-58.14463517673097
0.22801817716365086,0.00968397967112236,0.0,-56.91080425874652
0.223179624544104,0.004013824384040591,2.0,-58.64045468726911
0.22996256740105533,0.009573756696886137,0.0,-56.830419901213006
0.22286439176946277,0.004263390719959824,2.0,-58.926598275966604
0.23108469912143764,0.009573756696886137,0.0,-57.37764642634882
0.2250103781425444,0.004263390719959824,0.0,-55.60841627588281
0.21807222068973647,-0.0014067645671219436,1.0,-55.70475393689461
0.2184500154388024,-0.0016333902437542145,1.0,-55.43765089350196
0.2174025525235371,-0.0016333902437542145,1.0,-55.87447156153627
0.2191155747511226,-0.0016333902437542145,1.0,-55.60739637825394
0.2180682210911919,-0.0016333902437542145,1.0,-55.34032275247958
0.2170208735391356,-0.0016333902437542145,1.0,-55.50393531036861
0.21766249141321023,-0.0016333902437542145,1.0,-55.23682148916912
0.21661498623203576,-0.0016333902437542145,1.0,-55.24360616065591
0.21664159278688594,-0.0016333902437542145,1.0,-55.40633974330178
0.21727976369922267,-0.0016333902437542145,1.0,-55.13925427496703
0.21623236970575305,-0.0016333902437542145,1.0,-55.30321120937755
0.21687533807599038,-0.0016333902437542145,2.0,-57.18356202799223
0.22424926285487148,0.00483398389661159,2.0,-59.1568693094365
0.23198772278210394,0.010504139183693358,2.0,-61.19210749018647
0.23996904898112342,0.017312300692573244,2.0,-63.74040109882386
0.24996235725028965,0.022982455979655595,0.0,-62.36667842079781
0.24457520949332476,0.017422523666810033,0.0,-60.84428937455476
0.238605056370803,0.011752368379728265,0.0,-59.303813850076445
0.2325639758826527,0.004944206870848378,0.0,-57.54174216791227
0.22565389085455792,-0.0007259484162333896,2.0,-59.1550567089153
0.2319806145447659,0.004833983896612155,0.0,-57.953859915069174
0.22727003888262423,-0.00047638208031415644,2.0,-59.22614703510434
0.23225940013766405,0.004833983896612155,2.0,-61.46041047113043
0.2410212175338448,0.010504139183693922,2.0,-63.49089148203272
0.24898388816483422,0.01731230069257381,2.0,-65.79382700634638
0.258015007868025,0.0171764756231414,2.0,-68.60131095407098
0.26902474883949407,0.02398463713202129,2.0,-70.77872775019601
0.2775636382360628,0.02965479241910394,2.0,-73.69946074353223
0.28901749311189107,0.03646295392798383,2.0,-76.19953855715255
0.2988217198319708,0.04213310921506648,0.0,-75.2891162867159
0.2952514364184937,0.036573176902220915,2.0,-78.13322867134109
0.30640481831898464,0.04188354287914722,2.0,-80.57521058146169
0.31598121796651646,0.047553698166229875,0.0,-79.96284078458717
0.31357976778269475,0.04199376585338432,2.0,-82.94749657775012
0.3252843003049024,0.047304131830310625,0.0,-82.21098338180855
0.3223960132619943,0.04199376585338432,2.0,-84.530610786002
0.33149259131765485,0.047304131830310625,0.0,-83.99164771821533
0.329379010659668,0.04199376585338432,0.0,-83.0304836621408
0.3256097398515325,0.036323610566301665,2.0,-85.9497757688942
0.33705794419174195,0.04188354287914722,0.0,-84.64439522053158
0.33193880478639837,0.036573176902220915,0.0,-83.79856380435967
0.3286218188406262,0.030903021615138263,0.0,-82.05293140122339
0.321776201573425,0.024094860106258376,2.0,-84.56565609757058
0.3316300239120415,0.029405226083184688,0.0,-83.49548112476732
0.32743325931281303,0.024094860106258376,0.0,-81.98385948596287
0.3215053313175015,0.018424704819175724,0.0,-80.48304627366643
0.31561978930849577,0.01161654331029584,2.0,-82.21537703290116
0.32241324326627907,0.01692690928722215,0.0,-80.91514616490217
0.31731429868589084,0.01161654331029584,0.0,-79.38816413303847
0.3113261338550528,0.005946388023214071,0.0,-77.22651238214316
0.30284906816526724,-0.0008617734856658152,0.0,-75.73668559638483
0.2970066101819013,-0.006531928772747583,0.0,-73.80366442702051
0.2894261350079236,-0.01334009028162747,0.0,-71.81203500021809
0.281615823530267,-0.019010245568709238,0.0,-68.9479216138084
0.2703840063286604,-0.025818407077589124,0.0,-67.02646854476531
0.26284889625398156,-0.031488562364670895,0.0,-64.35128836976503
0.2523579936069217,-0.03829672387355078,0.0,-61.89578178069545
0.24272855600272725,-0.04396687916063255,0.0,-58.98767536913509
0.2313242171338631,-0.05077504066951243,0.0,-56.30252010502815
0.22079419649030646,-0.0564451959565942,0.0,-53.168865484041724
0.20850535483937932,-0.06325335746547409,0.0,-50.27901618867053
0.19717261250459034,-0.06892351275255586,0.0,-46.9123283353964
0.18396991504077023,-0.07573167426143575,1.0,-44.677064011153604
0.17520417259275922,-0.07607170304380965,1.0,-43.2638061881902
0.16966198505172628,-0.07607170304380965,1.0,-41.48776124422797
0.16269710291854106,-0.09179092401469491,1.0,-39.35297132326786
0.15432537773830532,-0.09179092401469491,1.0,-37.21865803696161
0.14595552171357493,-0.09179092401469491,1.0,-34.72109732987617
0.1361611659995144,-0.09179092401469491,1.0,-32.94628311165068
0.12920111024176736,-0.09179092401469491,1.0,-30.8107435119787
0.1208264451450145,-0.09179092401469491,1.0,-28.675710903817937
0.11245376825026643,-0.09179092401469491,2.0,-28.16969779562728
0.11046940312010697,-0.0853235498743291,2.0,-28.297546181943748
0.11097076934095587,-0.07965339458724734,2.0,-28.19242851538605
0.11055854319759235,-0.07284523307836745,2.0,-28.23391103745544
0.11072121975472722,-0.06717507779128568,2.0,-28.823863588903144
0.11303475917216918,-0.06036691628240579,2.0,-29.156762888304534
0.11434024662080208,-0.05469676099532402,2.0,-29.66256222157449
0.11632377341793917,-0.04788859948644414,2.0,-30.286450993657546
0.11877039605355899,-0.04221844419936237,2.0,-31.39084741757856
0.1231013624218767,-0.035410282690482485,2.0,-32.01718996733944
0.1255576077150566,-0.029740127403400714,2.0,-33.84476305379822
0.13272456099528712,-0.022931965894520828,1.0,-32.98715761801575
0.1293614024235912,-0.022591937112146923,1.0,-32.732648223435596
0.1283633263664141,-0.022591937112146923,1.0,-32.47814061953887
0.12736525733152498,-0.022591937112146923,1.0,-31.79308792251407
0.12467877616672182,-0.022591937112146923,1.0,-31.26626313965522
0.12261279662609889,-0.022591937112146923,1.0,-30.579943768061504
0.11992134811004511,-0.022591937112146923,1.0,-30.32547468052137
0.11892343011969164,-0.022591937112146923,1.0,-29.6418554663071
0.11624257045610627,-0.022591937112146923,1.0,-29.11292931498211
0.11416835025483181,-0.022591937112146923,1.0,-28.85842286096862
0.11317028572928871,-0.022591937112146923,1.0,-28.173574708901253
0.11048460670157353,-0.022591937112146923,1.0,-27.64656445589191
0.1084178998270271,-0.022591937112146923,1.0,-26.96028925406443
0.10572662452574286,-0.022591937112146923,1.0,-26.70582724320562
0.10472873428708085,-0.022591937112146923,1.0,-26.45136834277282
0.10373085624616792,-0.022591937112146923,1.0,-25.49321107706579
0.09997337677280703,-0.022591937112146923,1.0,-25.238706109528163
0.09897531807658103,-0.022591937112146923,1.0,-24.55412283605552
0.09629067778845303,-0.022591937112146923,1.0,-23.595111624390768
0.09252984950741477,-0.05315082174166867,1.0,-22.637019038541286
0.08877262368055407,-0.05315082174166867,1.0,-21.247780639590925
0.0833246299591801,-0.05315082174166867,1.0,-20.2898909463946
0.07956819978978275,-0.05315082174166867,0.0,-17.19547350942462
0.06743322944872399,-0.05961819588203447,1.0,-15.55856077674545
0.061013963830374315,-0.05995822466440838,1.0,-14.444718845348095
0.05664595625626704,-0.05995822466440838,1.0,-12.908766962085902
0.05062261553759177,-0.05995822466440838,1.0,-11.794454466072661
0.04625276261204965,-0.05995822466440838,1.0,-10.259407464822015
0.04023297045028241,-0.05995822466440838,1.0,-8.866707756789241
0.03477140296780094,-0.05995822466440838,1.0,-7.32533065732814
0.0287267868914829,-0.05995822466440838,1.0,-6.217131179081548
0.024380906584633523,-0.05995822466440838,1.0,-4.6748910478740315
0.018332906070094242,-0.05995822466440838,1.0,-3.5691259100177484
0.013996572196148032,-0.05995822466440838,1.0,-2.024961577375686
0.007941025793630142,-0.05995822466440838,1.0,-0.4892043870667067
0.0019184485767321832,-0.05995822466440838,1.0,-0.6309187588381568
-0.0024741912111300272,-0.05995822466440838,1.0,-2.167217903080853
-0.008498893737571974,-0.05995822466440838,1.0,-3.278318712497466
-0.012856151813715553,-0.05995822466440838,1.0,-4.81726810096698
-0.018891247454772473,-0.05995822466440838,1.0,-5.928609844746236
-0.023249450371553865,-0.05995822466440838,1.0,-7.467733021727867
-0.029285227536187713,-0.05995822466440838,1.0,-8.579113113357483
-0.03364358083669601,-0.05995822466440838,1.0,-10.1182867631367
-0.03967955593386941,-0.05995822466440838,1.0,-11.229678309835862
-0.04403795415621907,-0.05995822466440838,1.0,-12.768874013333562
-0.050074015738562995,-0.05995822466440838,1.0,-13.880269957139049
-0.054432431204466857,-0.05995822466440838,1.0,-15.41947749198254
-0.06046853918424526,-0.05995822466440838,1.0,-16.530875331747463
-0.06482696208528417,-0.05995822466440838,1.0,-18.35107095970069
-0.07196498415568899,-0.05995822466440838,1.0,-19.465325968771566
-0.07633461164224144,-0.05995822466440838,1.0,-21.001259675263256
-0.08235788107946375,-0.05995822466440838,1.0,-22.115194329775857
-0.08672625227363082,-0.05995822466440838,1.0,-23.651548290497562
-0.0927511697666571,-0.05995822466440838,1.0,-25.189019328781278
-0.09878046795600501,-0.05995822466440838,1.0,-26.3019066064985
-0.1031447317901902,-0.05995822466440838,1.0,-28.54652107677318
-0.11194714147754188,-0.10536636256350886,2.0,-28.957838022367692
-0.11356014910732429,-0.09889898842314306,1.0,-30.950293062678163
-0.1213736982850124,-0.09855895964076915,1.0,-33.47452453939864
-0.13127264525254367,-0.09855895964076915,2.0,-33.31598029192216
-0.1306509031055771,-0.09209158550040335,2.0,-33.69783572050323
-0.13214837537452245,-0.08642143021332158,2.0,-33.36672047643657
-0.13084988422131988,-0.07961326870444169,2.0,-33.04649406724646
-0.12959409438135866,-0.07394311341735925,2.0,-32.47429247954219
-0.12735016658643997,-0.06713495190847936,2.0,-32.34449942280294
-0.12684117420707036,-0.061464796621396714,2.0,-31.53328846985091
-0.12365995478372904,-0.05465663511251683,2.0,-30.675988635887506
-0.12029799465053923,-0.04898647982543418,2.0,-29.61670143016314
-0.11614392717711035,-0.04217831831655429,2.0,-28.96191580684072
-0.11357614041898323,-0.03650816302947164,2.0,-27.658469879225688
-0.10846458776166937,-0.029700001520591754,2.0,-26.739758665414648
-0.10486179868790058,-0.0240298462335091,2.0,-24.705556454719037
-0.09688453511654524,-0.017221684724629215,1.0,-25.153976532797223
-0.09864304522665578,-0.016881655942255273,1.0,-25.369218110463425
-0.09948712984495461,-0.016881655942255273,1.0,-25.917666254776375
-0.10163790688147598,-0.016881655942255273,1.0,-26.133275700485946
-0.10248343411955271,-0.016881655942255273,1.0,-26.68139732679928
-0.10463293069333053,-0.016881655942255273,1.0,-26.897353413933768
-0.10547981730954419,-0.016881655942255273,2.0,-25.315021650002965
-0.09927459470589398,-0.010414281801889434,1.0,-25.761465979152312
-0.10102535678098945,-0.010074253019515492,1.0,-25.67458372629783
-0.10068464206391306,-0.010074253019515492,2.0,-24.096360709327072
-0.09449553219343951,-0.003606878879149653,2.0,-22.491883241622304
-0.08820346369263649,0.0020632764079329983,0.0,-23.961888509713685
-0.09396819023417133,-0.003496655904912528,2.0,-22.61165707866027
-0.08867316501435399,0.0018137100720137477,1.0,-22.284504003101006
-0.08739021177686669,0.0021537388543876983,1.0,-22.424763716284424
-0.08794024986778207,0.0021537388543876983,1.0,-22.07276372043875
-0.08655985772721078,0.0021537388543876983,1.0,-22.338343545953038
-0.08760134723903153,0.0021537388543876983,2.0,-20.003157765542035
-0.0784437559433021,0.008621112994753148,1.0,-19.896581062308204
-0.07802580808748316,0.0089611417771271,1.0,-19.39622557392166
-0.07606362970165356,0.0089611417771271,1.0,-19.506105934840846
-0.07649453307780725,0.0089611417771271,1.0,-20.114045234877956
-0.07887860876422728,-0.051022544335941576,2.0,-19.123646619858125
-0.07499469262689461,-0.04455517019557612,2.0,-18.744764525238516
-0.07350888049113144,-0.03888501490849348,2.0,-17.40316056265343
-0.06824768848099386,-0.03207685339961403,2.0,-16.342808409238994
-0.0640894447421137,-0.026406698112531383,2.0,-14.734604184008212
-0.05778276150591456,-0.019598536603651937,2.0,-13.337733355943453
-0.05230483668997432,-0.013928381316569476,2.0,-11.520430133207187
-0.04517815738512622,-0.007120219807690032,1.0,-11.53506474389152
-0.04523554801526086,-0.00678019102531609,1.0,-11.60470469727915
-0.04550864587168295,-0.00678019102531609,1.0,-11.7175097259608
-0.04595101853317961,-0.00678019102531609,1.0,-11.830730469207543
-0.04639502144787271,-0.00678019102531609,2.0,-10.4697663327701
-0.04105790718733372,-0.0003128168849506482,2.0,-8.664509681204342
-0.03397846933805625,0.005357338402131782,1.0,-8.433134709030863
-0.03307111650600338,0.005583964078764073,1.0,-8.269224999764454
-0.03242833333240962,0.005583964078764073,1.0,-8.105881785523616
-0.031787771707935744,0.005583964078764073,1.0,-7.943140014699595
-0.03114956868509645,0.005583964078764073,1.0,-7.756138744797947
-0.030416230371756652,0.005583964078764073,1.0,-7.590203795293724
-0.029765505079583233,0.005583964078764073,1.0,-7.424797332433551
-0.02911685228405314,0.005583964078764073,1.0,-7.259955478473628
-0.02847041364107305,0.005583964078764073,1.0,-7.095717583106857
-0.027826343463164142,0.005583964078764073,1.0,-7.441250699874995
-0.02918137529362743,0.005583964078764073,1.0,-7.278035213599518
-0.028541314563135363,0.005583964078764073,1.0,-7.115496996730781
-0.0279039097911011,0.005583964078764073,1.0,-6.928434979904274
-0.027170333254526564,0.005583964078764073,1.0,-6.762326808440044
-0.02651892866054919,0.005583964078764073,1.0,-6.5968047421170795
-0.025869822518106194,0.005583964078764073,1.0,-6.431914030455912
-0.025223192276297695,0.005583964078764073,1.0,-6.267704502672296
-0.024579233343812925,0.005583964078764073,1.0,-6.1042311324643705
-0.023938161303781846,0.005583964078764073,1.0,-5.94155468310792
-0.023300214443560473,0.005583964078764073,1.0,-5.779742445322438
-0.022665656648323287,0.005583964078764073,1.0,-5.590844112774178
-0.021924878873624227,0.005583964078764073,1.0,-5.934495975423881
-0.023272533236956397,0.005583964078764073,1.0,-5.768826448390012
-0.022622848817215734,0.005583964078764073,1.0,-6.113475947030247
-0.02397441547854999,-0.05742977906633962,2.0,-4.985182906868399
-0.019549736889679994,-0.050962404925974175,2.0,-4.464772093037701
-0.017508910168775295,-0.045292249638891696,2.0,-3.4649153891225897
-0.013587903486755254,-0.038484088130012216,2.0,-2.661314096427763
-0.01043652586834417,-0.032813932842929744,2.0,-1.3857100749376225
-0.0054341571566181275,-0.026005771334050288,2.0,-0.2919349795139292
0.0011448430569173695,-0.020335616046967857,2.0,-1.7471890777670591
0.00685172187359631,-0.013527454538088414,2.0,-3.099289204142184
0.012154075310361504,-0.007857299251005983,2.0,-4.938359421798851
0.019366115379603335,-0.0010491377421265385,1.0,-4.950871645570537
0.019415182923806024,-0.0007091089597525882,1.0,-4.866113077085179
0.019082796380726193,-0.0007091089597525882,1.0,-4.784602024231821
0.018763145193065964,-0.0007091089597525882,1.0,-5.131761176171962
0.02012455363204691,-0.0007091089597525882,1.0,-5.042018474187525
0.019772621467402062,-0.0007091089597525882,1.0,-4.955235760493075
0.019432297099972844,-0.0007091089597525882,1.0,-4.8715712263427
0.019104200887618432,-0.0007091089597525882,1.0,-4.717862441910916
0.01850142134082712,-0.0007091089597525882,1.0,-5.1344045735622945
0.020134919896322725,-0.0007091089597525882,1.0,-5.045691844831235
0.01978702684247543,-0.0007091089597525882,1.0,-4.959973355191872
0.019450875902713223,-0.0007091089597525882,1.0,-4.877406974886336
0.019127086176024845,-0.0007091089597525882,1.0,-4.720269784510329
0.018510861900040507,-0.0007091089597525882,1.0,-4.631060264922261
0.018161020646753963,-0.0007091089597525882,1.0,-5.049733155616296
0.019802875120063908,-0.0007091089597525882,1.0,-4.965083360563444
0.019470915139464483,-0.0007091089597525882,1.0,-4.814265618822766
0.01887947301499124,-0.0007091089597525882,1.0,-4.7230721471640145
0.018521851557505943,-0.0007091089597525882,1.0,-4.634986643917415
0.018176418211440844,-0.0007091089597525882,1.0,-4.5501896108302
0.017843880826785098,-0.0007091089597525882,1.0,-4.970564628033961
0.019492410306015538,-0.0007091089597525882,1.0,-4.8163722473586255
0.018887734303367158,-0.0007091089597525882,1.0,-4.726268827210275
0.01853438755768735,-0.0007091089597525882,1.0,-4.6393131013363105
0.018193384711122786,-0.0007091089597525882,1.0,-4.555685316244033
0.017865432612721697,-0.0007091089597525882,1.0,-4.402594915103352
0.017265078098444513,-0.0007091089597525882,1.0,-4.818866324423365
0.018897514997738687,-0.0007091089597525882,1.0,-4.224497526949401
0.016566656968429024,-0.05622918543404002,2.0,-5.119517876056581
0.020076540690417966,-0.04976181129367457,2.0,-5.830160588613135
0.022863374857306416,-0.044091656006591914,2.0,-6.608376896827471
0.025915203516970475,-0.03728349449771247,1.0,-5.957728649648181
0.0233636417633262,-0.03694346571533852,1.0,-5.213121020043561
0.02044361184330808,-0.03694346571533852,1.0,-4.558760332221388
0.017877491498907404,-0.03694346571533852,1.0,-3.809969714743401
0.014941057704876082,-0.03694346571533852,1.0,-2.566175405469041
0.01006343296262369,-0.03694346571533852,1.0,-1.9123074732850212
0.007499244993274592,-0.03694346571533852,2.0,-3.1424861925253733
0.012323475264805385,-0.03047609157497307,1.0,-2.655281960359637
0.01041287043278289,-0.03013606279259912,1.0,-1.6548514677208652
0.006489613598905354,-0.03013606279259912,1.0,-1.0480024444316216
0.004109813507574987,-0.03013606279259912,1.0,-0.4934398314088162
0.0019350581623875144,-0.03013606279259912,1.0,-0.12031405253018732
-0.00047181981384387186,-0.03013606279259912,1.0,-0.651016275917797
-0.002553005003599204,-0.03013606279259912,1.0,-1.7523564920028163
-0.006871986243148299,-0.03013606279259912,1.0,-2.2477749247013543
-0.00881480362627982,-0.03013606279259912,1.0,-2.841171261624971
-0.011141848084803807,-0.03013606279259912,1.0,-3.44636245395371
-0.013515146878249843,-0.03013606279259912,1.0,-3.9381537432624567
-0.015443740169656692,-0.03013606279259912,1.0,-5.035374456174238
-0.019746566494800936,-0.03013606279259912,1.0,-5.6365389420746075
-0.02210407428264552,-0.03013606279259912,1.0,-6.132940422025212
-0.024050746753040045,-0.03013606279259912,1.0,-6.7299856261607
-0.026392100494747845,-0.03013606279259912,1.0,-7.331974688780638
-0.028752841916786814,-0.03013606279259912,1.0,-8.432640558814064
-0.03306917866201593,-0.03013606279259912,1.0,-8.924199402635328
-0.03499686040249148,-0.03013606279259912,1.0,-9.524541804836582
-0.037351144332692474,-0.03013606279259912,1.0,-10.128072679761662
-0.03971793207749671,-0.03013606279259912,1.0,-11.118645297755457
-0.04360253057943316,-0.03013606279259912,1.0,-11.717945646608634
-0.045952728025916205,-0.03013606279259912,1.0,-12.319968550967257
-0.04831360216065591,-0.03013606279259912,1.0,-12.8130473119472
-0.05024724436057726,-0.03013606279259912,1.0,-13.413043253293893
-0.05260016962076036,-0.03013606279259912,1.0,-14.512742808192607
-0.05691271689487297,-0.03013606279259912,1.0,-15.007431704697384
-0.058852673351754446,-0.07052723920563019,1.0,-16.712914551122104
-0.06554084137694943,-0.07052723920563019,1.0,-18.310262391843874
-0.0718049505562505,-0.07052723920563019,1.0,-19.907774366758332
-0.07806970339905228,-0.07052723920563019,1.0,-21.50541389817605
-0.0843349564634355,-0.07052723920563019,1.0,-23.103154523581555
-0.09060060597482963,-0.07052723920563019,1.0,-24.70097662570486
-0.09686657500276416,-0.07052723920563019,1.0,-26.298865353875556
-0.1031328053093159,-0.07052723920563019,1.0,-27.896809259366012
-0.10939925199751377,-0.07052723920563019,1.0,-29.49479937412918
-0.11566587989854579,-0.07052723920563019,1.0,-31.09282857350456
-0.12193266107256691,-0.07052723920563019,1.0,-32.69089112577182
-0.12819957304224244,-0.07052723920563019,1.0,-34.28898236762506
-0.1344665975200983,-0.07052723920563019,1.0,-35.88709846632997
-0.14073371947580376,-0.07052723920563019,1.0,-37.48523624270418
-0.14700092644197718,-0.07052723920563019,1.0,-39.08339303751819
-0.15326820799026744,-0.07052723920563019,2.0,-38.42158161202629
-0.15067286906676974,-0.06405986506526473,1.0,-39.766565157493574
-0.15594731434311207,-0.06371983628289078,2.0,-38.978919992062984
-0.15285850977279603,-0.05725246214252526,2.0,-38.66781437313997
-0.1516384877378038,-0.05158230685544261,2.0,-37.53758209367696
-0.14720620428892925,-0.044774145346562724,1.0,-38.446935487219164
-0.15077229602831044,-0.04443411656418878,1.0,-39.60335537559054
-0.15530727598270802,-0.04443411656418878,1.0,-40.61233920247324
-0.15926407530381662,-0.04443411656418878,1.0,-41.133362971832504
-0.16130730577189217,-0.04443411656418878,1.0,-42.14282809392199
-0.16526599252518429,-0.04443411656418878,1.0,-43.29980200900679
-0.16980314513335995,-0.04443411656418878,2.0,-42.14850654475729
-0.1652882609598325,-0.03796674242382294,2.0,-41.42985764973299
-0.1624700299989529,-0.03229658713674029,2.0,-39.929065096928696
-0.1565845690075635,-0.0254884256278604,2.0,-38.64818834601618
-0.15156152292555364,-0.019818270340777752,2.0,-36.91408967507563
-0.14476113598068874,-0.013010108831897864,2.0,-35.66183055898427
-0.13985031591758537,-0.007339953544815213,2.0,-33.68004778975564
-0.13207861878335547,-0.0005317920359353263,2.0,-31.697764750120644
-0.12430495980439468,0.005138363251147325,2.0,-29.47720091723233
-0.11559686634208757,0.011946524760027211,2.0,-27.688712331874203
-0.10858318561519295,0.017616680047109864,1.0,-27.445718896967048
-0.1076302701841845,0.017843305723742153,1.0,-27.029375693490334
-0.10599755173917777,-0.007482006932148902,1.0,-26.85375918082672
-0.10530885953265381,-0.007482006932148902,1.0,-27.127692251804973
-0.10638310686982341,-0.007482006932148902,1.0,-27.401627181994545
-0.10745736149801781,-0.007482006932148902,1.0,-27.43588355797444
-0.10759170022735073,-0.007482006932148902,2.0,-25.51953691724858
-0.10007661536175913,-0.0010146327917830622,2.0,-24.159360970886166
-0.09474259204269084,0.004655522495298706,2.0,-21.896148090144152
-0.08586724741233001,0.011463684004178592,1.0,-21.640479834324605
-0.08486462680127296,0.011803712786552498,1.0,-21.220866381762814
-0.08321908385005025,0.011803712786552498,1.0,-20.628312975931365
-0.0808953450036524,0.011803712786552498,1.0,-20.472979415504934
-0.08028619378629386,0.011803712786552498,1.0,-20.317647167178805
-0.07967704771442669,0.011803712786552498,1.0,-20.162316261278924
-0.07906790690697617,0.011803712786552498,1.0,-20.00698672907287
-0.07845877148656029,0.011803712786552498,1.0,-19.85165860280529
-0.07784964157962859,0.011803712786552498,1.0,-19.263091940991107
-0.07554153702349455,0.011803712786552498,1.0,-19.107856706488803
-0.07493277139799531,0.011803712786552498,1.0,-18.68517566318625
-0.07327519867916175,0.011803712786552498,1.0,-18.529810109361097
-0.07266592199749448,0.011803712786552498,1.0,-18.374445465412176
-0.07205664888396932,0.011803712786552498,1.0,-17.783882706417078
-0.06974071649575325,0.011803712786552498,1.0,-17.628599294090893
-0.06913176193761135,0.011803712786552498,1.0,-17.47331829891549
-0.06852281685849212,0.011803712786552498,1.0,-17.318039785910887
-0.06791388151337603,0.011803712786552498,1.0,-17.16276382244911
-0.06730495616646712,0.011803712786552498,1.0,-16.743134473931413
-0.06565935087816241,0.011803712786552498,1.0,-16.150325111644218
-0.06333460828095772,0.011803712786552498,1.0,-15.994995863794054
-0.06272547397566296,0.011803712786552498,1.0,-15.839668383566513
-0.062116346602221616,0.011803712786552498,1.0,-15.68434272347814
-0.061507226366580944,0.011803712786552498,1.0,-15.529018938144791
-0.06089811348292075,0.011803712786552498,1.0,-15.373697084390027
-0.06028900817407854,0.011803712786552498,1.0,-14.786049061417113
-0.05798450612320437,0.011803712786552498,1.0,-14.362585072353529
-0.056323863028837365,0.011803712786552498,1.0,-14.207213459864176
-0.05571456258770265,0.011803712786552498,1.0,-14.051842903166609
-0.05510526628692788,0.011803712786552498,1.0,-13.896473437674302
-0.05449597426538942,0.011803712786552498,1.0,-13.741105100401622
-0.05388668666824166,-0.001172398832747473,1.0,-13.585737930055572
-0.053277403647276754,-0.001172398832747473,1.0,-13.69982527480652
-0.053724804999241246,-0.001172398832747473,1.0,-13.975897947386805
-0.05480744293092865,-0.001172398832747473,1.0,-13.820599110491516
-0.054198427884280455,-0.001172398832747473,1.0,-13.665303013752139
-0.05358942358334172,-0.001172398832747473,1.0,-13.946112333632987
-0.0546906366024823,-0.001172398832747473,1.0,-13.790728472919842
-0.05408128812909742,-0.001172398832747473,1.0,-13.902708811278474
-0.05452042671089598,-0.001172398832747473,1.0,-14.180053289882547
-0.05560805211718646,-0.001172398832747473,1.0,-14.024727609072912
-0.054998931800285936,-0.001172398832747473,1.0,-13.869404026888137
-0.05438981971328681,-0.001172398832747473,1.0,-14.151395654241064
-0.0554956692323179,-0.001172398832747473,1.0,-14.261169929394276
-0.05592615658585991,-0.001172398832747473,1.0,-14.10593073571254
-0.05531737543416683,-0.001172398832747473,1.0,-13.950695553769563
-0.0547086100147826,-0.001172398832747473,1.0,-14.22915595328835
-0.05580061158152294,-0.001172398832747473,1.0,-14.073808992700071
-0.05519140781451008,-0.001172398832747473,1.0,-13.918463648355564
-0.054582210385708096,-0.001172398832747473,1.0,-14.464749234448178
-0.05672450680175756,-0.001172398832747473,1.0,-14.309476630847286
-0.05611559463077367,-0.001172398832747473,1.0,-14.154207248364589
-0.055506695091625834,-0.001172398832747473,1.0,-14.433871402913223
-0.05660341726632636,-0.001172398832747473,1.0,-14.278504857423808
-0.05599413669577964,-0.001172398832747473,1.0,-14.123139473881533
-0.05538486068188836,-0.001172398832747473,1.0,-14.668634666335734
-0.057524057515042096,-0.001172398832747473,1.0,-14.5133328658636
-0.05691503084652392,-0.001172398832747473,1.0,-14.358033609233289
-0.056306014153856034,-0.001172398832747473,1.0,-14.202736979892048
-0.05569700776428253,-0.001172398832747473,1.0,-14.483479287191807
-0.05679795798898748,-0.001172398832747473,1.0,-14.59528623222438
-0.05723641659695835,-0.001172398832747473,1.0,-14.440080311756056
-0.05662776592845512,-0.001172398832747473,1.0,-14.717486544942027
-0.05771563350957658,-0.001172398832747473,1.0,-14.562161423247376
-0.05710651538528383,-0.001172398832747473,1.0,-14.406838333946274
-0.056497405231161854,-0.001172398832747473,1.0,-14.68872062026347
-0.057602825961817525,-0.001172398832747473,1.0,-14.798577783675954
-0.05803363836735668,-0.001172398832747473,1.0,-14.64333570251531
-0.0574248458922169,-0.001172398832747473,1.0,-14.921925459681493
-0.05851735474384899,-0.001172398832747473,1.0,-14.76657818887265
-0.0579081497602849,-0.001172398832747473,1.0,-14.611232451079708
-0.057298950788547874,-0.001172398832747473,1.0,0.0
