Lateral Error,Yaw Error,Action,Reward
-0.0004134409373845106,-0.0007838996910471766,0.0,-1.9562496065659696
-0.00767156708457243,-0.007251273831412652,1.0,-2.587593091767138
-0.010147423889282895,-0.007591302613786596,1.0,-2.6097264516359147
-0.01023422137896437,-0.007591302613786596,1.0,-2.632807448583722
-0.010324735092485184,-0.007591302613786596,1.0,-3.1647163485077594
-0.012410652347089253,-0.007591302613786596,1.0,-3.1793900621990314
-0.012468196322349145,-0.007591302613786596,1.0,-3.1961356782644095
-0.01253386540495847,-0.007591302613786596,2.0,-1.741000536487896
-0.00682745308426626,-0.0011239284734211204,2.0,-0.13036670511239723
0.0005112419808329302,0.004546226813661352,2.0,-2.4726429409092816
0.009696638983957968,0.011354388322540796,2.0,-4.620035354403242
0.018117785703542125,0.017024543609623227,1.0,-4.716476181275782
0.01849598502461091,0.01725116928625552,1.0,-5.2541318477045955
0.02060443861844939,0.01725116928625552,1.0,-5.791844644331715
0.022713116252281236,0.01725116928625552,1.0,-5.8227082631404405
0.02283415005153114,0.01725116928625552,1.0,-6.321565249426913
0.024790451958536915,0.01725116928625552,0.0,-4.874714861867266
0.019116528870067713,0.010783795145890078,1.0,-5.158527966162647
0.02022952143593195,0.010443766363516141,1.0,-5.033894994417976
0.019740764683992062,0.010443766363516141,1.0,-5.418957365162454
0.021250813196715505,0.010443766363516141,1.0,-5.80425703417424
0.022761792290879372,0.010443766363516141,1.0,-5.681443094446486
0.022280168997829357,0.010443766363516141,1.0,-6.067297524597944
0.02379332362587429,0.010443766363516141,1.0,-6.425515439728477
0.025198099763641086,0.010443766363516141,1.0,-6.808570343599813
0.02670027585725417,0.010443766363516141,1.0,-6.68228348217284
0.0262050332634229,0.010443766363516141,1.0,-7.066208093236663
0.027710619973477114,0.010443766363516141,1.0,-7.4504350061199425
0.029217392180862518,0.010443766363516141,1.0,-7.325637997629871
0.02872799214756812,0.010443766363516141,1.0,-7.7104902476469155
0.030237216657438885,0.010443766363516141,1.0,-8.095532615491623
0.03174718672741812,0.010443766363516141,1.0,-7.972035279645834
0.03126288344959151,0.010443766363516141,1.0,-8.357531800274154
0.03277463451087904,0.010443766363516141,1.0,-8.74314758928159
0.03428685329130036,0.010443766363516141,1.0,-9.100066415843308
0.0356865349640914,0.010443766363516141,1.0,-8.974062259639657
0.035192401018194736,0.010443766363516141,1.0,-9.358090905564525
0.036698395708096174,0.010443766363516141,0.0,-7.759486805959964
0.03042936002337241,0.0039763922231507,1.0,-7.38284630739784
0.028952338460383687,0.0036363634407767602,1.0,-7.616186833197344
0.029867399345871938,0.0036363634407767602,1.0,-7.832028165974551
0.030713835944998234,0.0036363634407767602,1.0,-8.062828949411522
0.03161893705651577,0.0036363634407767602,1.0,-7.7840378124422305
0.030525638480165613,0.0036363634407767602,1.0,-8.015559171591294
0.031433565378789385,0.0036363634407767602,1.0,-8.247386630184744
0.032342692667391156,0.0036363634407767602,1.0,-7.969814857562659
0.03125417591201042,0.0036363634407767602,1.0,-8.202289006807568
0.032165839242382616,0.0036363634407767602,1.0,-8.435010033502271
0.033078470719616754,0.0036363634407767602,1.0,-8.158706119194083
0.031994925957623856,0.0036363634407767602,1.0,-8.392004143609777
0.032909820171018726,0.0036363634407767602,1.0,-8.607161553457326
0.033753574719440495,0.0036363634407767602,1.0,-8.838163904886626
0.034659466293673044,0.0036363634407767602,1.0,-8.559559762618147
0.033566901029875085,0.0036363634407767602,1.0,-8.791209997779573
0.03447533332462578,0.0036363634407767602,2.0,-11.005806679380747
0.04316002619364999,0.010103737581142198,1.0,-10.980443387955386
0.0430605623057074,0.010443766363516141,1.0,-11.36462305200212
0.04456714922353773,0.010443766363516141,1.0,-11.748977739139379
0.04607442250642894,0.010443766363516141,1.0,-12.133490816668386
0.047582316928111316,0.010443766363516141,1.0,-12.00893207933632
0.04709385129151498,0.010443766363516141,1.0,-12.393811923405197
0.048603184013353715,0.010443766363516141,1.0,-12.778810546449884
0.050112982535097585,0.010443766363516141,1.0,-12.655060535197848
0.049627688373324895,0.010443766363516141,1.0,-13.04035984787554
0.05113866607010015,0.010443766363516141,1.0,-13.397941936501052
0.05254094877059236,0.010443766363516141,1.0,-13.272324237165964
0.052048330341827306,0.010443766363516141,1.0,-13.65652951706912
0.05355501771399655,0.010443766363516141,1.0,-14.040879848762588
0.05506227391671603,0.010443766363516141,1.0,-14.425363637942894
0.056570053482129,0.010443766363516141,1.0,-14.300708675781596
0.05608121049326116,0.010443766363516141,1.0,-14.685505800356928
0.05759021882492913,0.010443766363516141,1.0,-15.070407867000448
0.059099638694119404,0.010443766363516141,1.0,-14.946439499090268
0.05861348823172654,0.010443766363516141,1.0,-15.331606869100252
0.06012394850627549,0.010443766363516141,1.0,-15.71685672645803
0.06163473226061972,0.010443766363516141,1.0,-16.073794764224207
0.06303448927146747,0.010443766363516141,1.0,-15.948436445003583
0.0625428880196219,0.010443766363516141,1.0,-16.332783632719803
0.06405013189301882,0.010443766363516141,1.0,-16.717246125748325
0.06555782794411108,0.010443766363516141,1.0,-16.592521593365067
0.06506871213084339,0.010443766363516141,0.0,-14.97374899307302
0.058720584286560865,0.0039763922231507,1.0,-15.105199154757628
0.05923607511669658,0.0036363634407767602,1.0,-15.337178514288876
0.06014579809525049,0.0036363634407767602,1.0,-15.059601358211125
0.05905726022827892,0.0036363634407767602,1.0,-15.291925811859313
0.05996833651709534,0.0036363634407767602,1.0,-15.524388884246024
0.06087995640880793,0.0036363634407767602,1.0,-15.24748264981424
0.059794049607114666,0.0036363634407767602,1.0,-15.480270703162128
0.060706943933969124,0.0036363634407767602,1.0,-15.695663164940237
0.061551620254667594,0.0036363634407767602,1.0,-15.417315087078665
0.06046005916501437,0.0036363634407767602,1.0,-15.64904045117712
0.061368786083047536,0.0036363634407767602,1.0,-15.880918827876744
0.06227811305049703,0.0036363634407767602,1.0,-16.112943611251172
0.06318801416176931,0.0036363634407767602,1.0,-15.835415631759068
0.0620996691441532,0.0036363634407767602,1.0,-16.067767608638427
0.06301085336720952,0.0036363634407767602,1.0,-16.300250821584893
0.06392255224150939,0.0036363634407767602,1.0,-16.02336237797152
0.06283671520773146,0.0036363634407767602,1.0,-16.256154573270475
0.06374962577753127,0.0036363634407767602,1.0,-16.47120990700574
0.06459298002747349,0.0036363634407767602,1.0,-16.702809302936185
0.06550121295269093,0.0036363634407767602,1.0,-16.424726314479816
0.06441069142933262,0.0036363634407767602,1.0,-16.146877967784622
0.06332109006974361,-0.05066105329521804,1.0,-15.359582798730543
0.06023365803423743,-0.05066105329521804,1.0,-14.063173829458055
0.05514970129199237,-0.05066105329521804,1.0,-12.767628567105112
0.050069131635706324,-0.05066105329521804,1.0,-11.96314024609205
0.04691427547487079,-0.05066105329521804,1.0,-10.664974610711855
0.041823429845928836,-0.05066105329521804,1.0,-9.367499613562803
0.03673529260220707,-0.05066105329521804,1.0,-8.580572443716578
0.03364930370084932,-0.05066105329521804,1.0,-7.285321551750017
0.02856988843823536,-0.05066105329521804,1.0,-5.974178251345518
0.02342815000527654,-0.05066105329521804,1.0,-5.184552825961853
0.020331579709654324,-0.05066105329521804,1.0,-3.8856349736793723
0.015237784210507343,-0.05066105329521804,1.0,-2.5884622762716276
0.010150832455967167,-0.05066105329521804,1.0,-1.804818609913063
0.007077720038874758,-0.05066105329521804,1.0,-0.5483330276775932
0.0021503255987356594,-0.05066105329521804,1.0,-0.8332571458727687
-0.0032676750818539948,-0.05066105329521804,1.0,-2.1091672372350425
-0.0082712440675884,-0.05066105329521804,1.0,-2.894191060080048
-0.01134976886305901,-0.05066105329521804,1.0,-4.1918888276381
-0.01643877971622784,-0.05066105329521804,1.0,-5.490986127993385
-0.021533278933307393,-0.05066105329521804,1.0,-6.297226505492793
-0.024695005903893303,-0.05066105329521804,1.0,-7.590753335834247
-0.02976766014052646,-0.05066105329521804,1.0,-8.88636131456432
-0.03484847574338949,-0.05066105329521804,1.0,-9.673480845995599
-0.03793521900390431,-0.05066105329521804,1.0,-10.971118173317732
-0.043023992836540126,-0.05066105329521804,1.0,-12.2693945625475
-0.04811527279430392,-0.05066105329521804,1.0,-13.073192999180181
-0.05126742352619679,-0.05066105329521804,1.0,-14.368940878917995
-0.056348787760462725,-0.05066105329521804,1.0,-15.665502080475306
-0.06143334149206002,-0.05066105329521804,1.0,-16.452897267820994
-0.06452116575616076,-0.05066105329521804,1.0,-17.750511064320342
-0.06960984731106015,-0.05066105329521804,1.0,-19.048539688048407
-0.07470015563940552,-0.05066105329521804,1.0,-19.851533839181734
-0.0778491523105166,-0.05066105329521804,1.0,-21.14793358227307
-0.08293307287165909,-0.05066105329521804,1.0,-22.4448256953757
-0.088018924295591,-0.05066105329521804,1.0,-23.23232946510379
-0.09110717437295604,-0.05066105329521804,1.0,-24.529931902845686
-0.09619581138370857,-0.05066105329521804,1.0,-26.862872401290435
-0.10534459765211934,-0.12838208759363984,1.0,-30.1982006710918
-0.11842431635722275,-0.12838208759363984,1.0,-33.02465638029679
-0.12950845639332076,-0.12838208759363984,1.0,-35.86801577664485
-0.14065888539860724,-0.12838208759363984,1.0,-39.20325460823162
-0.1537382533656142,-0.12838208759363984,1.0,-42.02947187897149
-0.1648214583489078,-0.12838208759363984,0.0,-47.337811888167195
-0.18563847799281255,-0.13484946173400533,1.0,-50.92808282917567
-0.19971797187912027,-0.13518949051637927,1.0,-53.90821811464985
-0.2114047769201955,-0.13518949051637927,2.0,-54.92569946682041
-0.21539489986988397,-0.12872211637601377,1.0,-57.66795887810785
-0.22614885834552098,-0.12838208759363984,2.0,-58.04362038591865
-0.22762204072909276,-0.1219147134532744,1.0,-61.15041802540934
-0.23980556088395816,-0.12157468467090046,1.0,-63.8214302940365
-0.25028011880014317,-0.12157468467090046,2.0,-64.0931918108205
-0.2513458502385118,-0.11510731053053502,1.0,-66.54511572725188
-0.26096123814608585,-0.11476728174816107,1.0,-69.56837714375666
-0.27281716526963395,-0.11476728174816107,2.0,-69.76105132882591
-0.2735727503091212,-0.10829990760779565,1.0,-72.06675781592403
-0.2826147365330355,-0.1079598788254217,2.0,-72.09502195163608
-0.28272557628092587,-0.10149250468505625,1.0,-74.25236770088945
-0.29118575568976257,-0.10115247590268231,1.0,-76.51036342097798
-0.3000406408665803,-0.10115247590268231,2.0,-76.41155456691159
-0.2996531551643592,-0.09468510176231686,1.0,-78.41965963533315
-0.3075280770013065,-0.09434507297994292,1.0,-80.52827098955989
-0.315797141135529,-0.09434507297994292,1.0,-82.63700458547416
-0.3240666846489183,-0.09434507297994292,2.0,-82.48833916034745
-0.3234836829817547,-0.08787769883957747,1.0,-84.34669310683687
-0.3307713455170073,-0.09434933341767306,2.0,-84.07988209448297
-0.32972502782150187,-0.08788195927730762,1.0,-85.78734592774961
-0.3364209644225475,-0.08754193049493365,1.0,-87.59518787401664
-0.3435105406824182,-0.08754193049493365,1.0,-89.90477985795907
-0.3525677641488591,-0.08754193049493365,1.0,-91.7126105454482
-0.35965729625665965,-0.08754193049493365,1.0,-94.11442406841815
-0.3690761728173261,-0.08754193049493365,2.0,-93.23248494202578
-0.36561758800794425,-0.0810745563545682,1.0,-94.78830750898409
-0.37171885297640817,-0.08073452757219424,1.0,-96.94419832468911
-0.3801733267634867,-0.08073452757219424,2.0,-96.04946966919765
-0.37666458693802995,-0.0742671534318288,1.0,-98.06372164212253
-0.3845636142828334,-0.07392712464945485,1.0,-99.56735169505666
-0.39046020272571236,-0.07392712464945485,2.0,-98.57449835154577
-0.38656666020214026,-0.0674597505090894,1.0,-100.31923456908137
-0.39340876301600536,-0.06711972172671545,2.0,-99.21611446106225
-0.38908280180808724,-0.06065234758634965,1.0,-100.31270678350599
-0.3933831638568862,-0.06031231880397571,2.0,-99.58985845524198
-0.39054846453036074,-0.053844944663609874,1.0,-100.67666088755298
-0.39481043485314893,-0.05350491588123593,2.0,-99.36157997277242
-0.389653254795186,-0.04703754174087009,1.0,-100.30501675828073
-0.3933530068952185,-0.04669751295849615,2.0,-99.3709309883985
-0.38968992544470005,-0.04023013881813031,1.0,-100.00314525267464
-0.3921691970693123,-0.03989011003575637,2.0,-98.47187317977058
-0.38616420854811995,-0.03342273589539053,1.0,-99.12478210145972
-0.38872463569199883,-0.033082707113016585,1.0,-99.70174455503363
-0.3909872335491515,-0.033082707113016585,2.0,-98.5393330848381
-0.38642875719544356,-0.02661533297265075,1.0,-99.04624157894425
-0.38841663364291856,-0.026275304190276808,1.0,-99.65428208281644
-0.39080110620712327,-0.026275304190276808,2.0,-98.38632484131927
-0.38582872486791875,-0.01980793004991097,1.0,-98.55142140943487
-0.3864761623899407,-0.019467901267537027,1.0,-99.01306969850003
-0.3882865478372551,-0.019467901267537027,1.0,-99.27842603947835
-0.3893271609391308,-0.019467901267537027,2.0,-96.95784967104488
-0.380226861455078,0.06111101373793941,0.0,-96.94690404450104
-0.3801839374294158,0.0558006477610131,0.0,-97.2084830598221
-0.3812097374894984,0.05013049247393045,0.0,-97.79575464519054
-0.3835127633144727,0.043322330965050566,0.0,-98.40535915146405
-0.38590336922142765,0.037652175677967914,0.0,-99.5224745517688
-0.3902842139285051,0.030844014169088024,0.0,-100.47370129507904
-0.3940145148826629,0.025173858882005375,0.0,-101.78945464270755
-0.39917433193218643,0.01836569737312549,0.0,-103.09169241145275
-0.40428114671157944,0.012695542086042837,0.0,-104.77802836810126
-0.41089422889451477,0.0058873805771631,0.0,-106.4304762151843
-0.4173744165301345,0.00021722529008044847,0.0,-108.48555047055628
-0.42543353125708344,-0.006590936218798997,2.0,-106.85229724517853
-0.4190286166477589,-0.0012805702418730294,0.0,-108.57844960977992
-0.42579784160698014,-0.006590936218798997,2.0,-106.94615728847847
-0.4193966952489352,-0.0012805702418730294,0.0,-108.67137744025965
-0.42616226447160643,-0.006590936218798997,2.0,-107.04004478375323
-0.41976488150491464,-0.0012805702418730294,0.0,-108.76433388845426
-0.42652679956256573,-0.006590936218798997,0.0,-110.66742779527677
-0.433989912922654,-0.012261091505881647,0.0,-113.09463315591508
-0.443508365317314,-0.019069253014761093,0.0,-115.44482168331504
-0.4527247909149609,-0.024739408301843745,0.0,-118.67443063582479
-0.46538992406205804,-0.03154756981072319,0.0,-121.37307915730163
-0.4759728594403986,-0.03721772509780562,0.0,-123.97296446203646
-0.4861684880864175,-0.020566913894027948,0.0,-125.95912604716558
-0.49395735704770816,-0.02623706918111038,0.0,-128.94134329212633
-0.5056523266357895,-0.033045230689989824,0.0,-131.78089241263095
-0.5167878133828665,-0.03871538597707226,0.0,-135.14925222858915
-0.5299970675630947,-0.04552354748595175,0.0,-138.37038572151033
-0.542628963613766,-0.051193702773034214,2.0,-137.25118856159222
-0.5382399551434988,-0.04563377046018899,0.0,-140.34725205583052
-0.5503813806111001,-0.050944136437114984,2.0,-139.30434056667244
-0.5462915316340096,-0.04563377046018899,0.0,-142.40216415112081
-0.5584398594161601,-0.050944136437114984,2.0,-141.8711216365432
-0.5563573397511498,-0.04563377046018899,0.0,-144.45714809727426
-0.5664986199893107,-0.050944136437114984,2.0,-143.924046668533
-0.5644080261511099,-0.04563377046018899,0.0,-147.02217427643149
-0.5765575461820842,-0.050944136437114984,2.0,-145.9770987198212
-0.5724592106659656,-0.04563377046018899,2.0,-144.73165900844361
-0.5675751333664456,-0.039963615173106516,0.0,-147.74410675850135
-0.5793886539549072,-0.04552354748595175,2.0,-147.12430900913614
-0.576958074545632,-0.04021318150902576,0.0,-149.55579375247072
-0.5864933088332185,-0.04552354748595175,2.0,-148.9459055559972
-0.5841015904156753,-0.04021318150902576,0.0,-151.87759078582434
-0.5955983952385269,-0.04552354748595175,2.0,-150.75523605923087
-0.5911970041538466,-0.04021318150902576,0.0,-153.6895254764086
-0.602704021476112,-0.04552354748595175,2.0,-152.56474598556792
-0.5982931215120311,-0.04021318150902576,2.0,-151.76786483326345
-0.5951680973853468,-0.0345430262219433,0.0,-154.0963238031428
-0.6042993090319325,-0.04010295853478853,2.0,-153.40622676056066
-0.6015930461198458,-0.03479259255786254,0.0,-156.17434843564286
-0.6124484252378152,-0.04010295853478853,2.0,-154.97156454588654
-0.6077316256701433,-0.03479259255786254,2.0,-153.59482180729665
-0.6023326345384182,-0.029122437270780108,2.0,-151.84106972435876
-0.5954551753896423,0.07022949497169592,0.0,-151.13669359318584
-0.5926929160517092,0.06491912899476994,0.0,-150.7571112211678
-0.5912043577300697,0.059248973707687516,0.0,-150.8818003511531
-0.5916933347104043,0.05244081219880806,0.0,-151.38451220467724
-0.5936647537438323,0.046770656911725585,0.0,-151.91024111202177
-0.5957264357334188,0.039962495402846104,0.0,-152.28840663878591
-0.5972094377991605,0.03429234011576362,0.0,-153.21510717981553
-0.6008435575679041,0.027484178606884173,0.0,-154.481472159238
-0.6058096947421097,0.021814023319801742,0.0,-155.80715334070953
-0.6110084444733708,0.015005861810922299,0.0,-156.94477138248365
-0.6154696916960144,0.009335706523839868,0.0,-158.73710861187084
-0.6224984651445915,0.002527545014960423,0.0,-160.26369341902023
-0.6284850722314519,-0.0031426102721222285,0.0,-162.9005970583727
-0.6388258708171479,-0.009950771781001674,0.0,-164.89928364588403
-0.6466638574348393,-0.015620927068084324,0.0,-167.54306058437825
-0.6570316101348166,0.06339640848322174,1.0,-166.04378878858853
-0.6511521128964255,0.06305637970084778,1.0,-164.44414964984276
-0.6448790182346775,0.06305637970084778,1.0,-163.34310527262127
-0.6405611971475345,0.06305637970084778,0.0,-162.90807352968218
-0.6388551903124792,0.05658900556048233,0.0,-162.81376701370135
-0.6384853608380444,0.05091885027339968,0.0,-163.37935633430152
-0.6407033581737315,0.044110688764519804,0.0,-163.81544367475266
-0.6424135046068732,0.03844053347743715,0.0,-164.79651277378966
-0.6462608344070182,0.03163237196855727,0.0,-165.48392204197128
-0.6489565570273383,0.025962216681474616,0.0,-166.87253819173293
-0.6544021105558154,0.01915405517259473,0.0,-167.9495236945502
-0.6586255831158832,0.013483899885512077,0.0,-169.74600822753004
-0.6656706205001178,0.006675738376632191,0.0,-171.41386952790842
-0.6722112530506212,0.0010055830895495399,0.0,-175.44147428727572
-0.6880057815187283,-0.07209417990949396,2.0,-174.6108584056797
-0.6847484643359988,-0.06678381393256765,2.0,-174.05753461273525
-0.6825785671087657,-0.06111365864548499,2.0,-172.23683502394363
-0.6754385687213476,-0.0543054971366051,2.0,-171.53089853738092
-0.6726701903426703,-0.04863534184952245,2.0,-169.75512901605475
-0.6657063882982539,-0.04182718034064257,2.0,-168.72951586161975
-0.6616843759279205,-0.036157025053559916,2.0,-166.813771051862
-0.6541716511837726,-0.02934886354468003,2.0,-165.79312520054566
-0.6501691184335124,-0.023678708257597377,2.0,-163.7292542140265
-0.6420755067216726,-0.01687054674871749,0.0,-166.3264550001894
-0.6522606078438801,-0.022180912725643803,2.0,-164.84471887524649
-0.646449877942143,-0.01687054674871749,0.0,-166.94716576115164
-0.6546947676907907,-0.022180912725643803,2.0,-165.466609078477
-0.648888663052851,-0.01687054674871749,0.0,-167.56790867865809
-0.6571290536417964,-0.022180912725643803,2.0,-166.71026357175927
-0.6537657394970952,-0.01687054674871749,0.0,-168.81646657598282
-0.6620253591215012,-0.022180912725643803,2.0,-167.33206289286434
-0.6562041682073111,-0.01687054674871749,0.0,-169.4371186116054
-0.6644592886729623,-0.022180912725643803,2.0,-168.44754491329562
-0.6605786075031201,-0.01687054674871749,0.0,-170.54926866427817
-0.6688206614285418,-0.022180912725643803,2.0,-169.06943973795276
-0.6630174107370697,-0.01687054674871749,0.0,-171.30658188646683
-0.6717905172018306,-0.022180912725643803,2.0,-170.3130674035069
-0.6678943819745369,-0.01687054674871749,2.0,-168.6341110145398
-0.661310239272705,-0.01120039146163484,2.0,-166.80641286330703
-0.6541427955423805,-0.07565835636382032,2.0,-166.0678318172718
-0.6512463992834189,-0.06998820107673766,2.0,-164.71102248124436
-0.645925578357821,-0.06318003956785821,2.0,-164.2127739669378
-0.6439716626154423,-0.05750988428077556,2.0,-162.72350328865832
-0.6381313854457189,-0.05070172277189612,2.0,-161.56849443098488
-0.6336019389450388,-0.04503156748481354,2.0,-159.99466213378267
-0.6274300475834614,-0.0382234059759341,2.0,-158.67589617488636
-0.6222584163721033,-0.03255325068885167,2.0,-156.9086184423221
-0.6153279154600868,-0.025745089179972223,2.0,-155.96676615558837
-0.6116343770807389,-0.020074933892889793,2.0,-154.0575791352691
-0.604147369157918,-0.013266772384010314,0.0,-155.88089663125868
-0.6112976338480732,-0.018577138360936312,2.0,-154.4494800181069
-0.6056842353651251,-0.013266772384010314,0.0,-156.78437821580428
-0.614840698885507,-0.018577138360936312,2.0,-155.35136613723182
-0.6092210436754188,-0.013266772384010314,0.0,-157.17825779908287
-0.6163853247022857,-0.018577138360936312,2.0,-156.2435511325727
-0.6127198083630302,-0.013266772384010314,0.0,-158.08185768665706
-0.6199288536731649,-0.018577138360936312,2.0,-156.63531864725783
-0.6142561515578738,-0.013266772384010314,0.0,-158.96698553756082
-0.6233999432845523,-0.018577138360936312,2.0,-157.53708225668453
-0.6177924794379785,-0.013266772384010314,0.0,-159.360715207685
-0.6249439812066078,-0.018577138360936312,2.0,-158.43891934165734
-0.6213290954574797,-0.013266772384010314,0.0,-160.26419036015238
-0.6284870210202055,-0.018577138360936312,2.0,-158.8309343210242
-0.6228664091020557,-0.013266772384010314,2.0,-157.19246439900928
-0.6164410368588599,-0.007596617096927846,2.0,-155.655427637985
-0.6104134417175883,-0.0007884555880483633,2.0,-153.8445041127627
-0.6033117808343635,0.004881699699034101,2.0,-151.65622071666346
-0.594730277320249,0.011689861207913545,2.0,-150.174488840212
-0.5889195640792627,-0.02064389711664701,2.0,-148.3557038011656
-0.5817870737300611,-0.013835735607767565,2.0,-146.69454188570253
-0.5752727132772649,-0.008165580320685135,2.0,-144.6677752401977
-0.5673246087850891,-0.0013574188118056865,2.0,-142.8208836960032
-0.5600818968470713,0.004312736475276965,2.0,-140.7184453290532
-0.551837040506091,0.01112089798415641,2.0,-139.1978355843452
-0.5458738650366479,0.016791053271239063,1.0,-138.74551352212293
-0.5441000530279332,0.01701767894787136,1.0,-138.3602168177346
-0.5425890855597435,0.01701767894787136,2.0,-136.11360329287166
-0.5337788364426339,0.02348505308823681,2.0,-133.9107678234776
-0.5251402659744221,0.02915520837531946,2.0,-131.40744989890317
-0.5153233329368752,0.035963369884199,2.0,-129.38427217081713
-0.5073893026306554,0.04163352517128165,1.0,-128.01822997225733
-0.5020322744010091,0.04186015084791394,1.0,-127.07234483062632
-0.49832292090441693,0.04186015084791394,1.0,-126.12648759693889
-0.4946136768507407,0.04186015084791394,1.0,-125.18065890380696
-0.4909045447208116,0.04186015084791394,2.0,-122.96541364883022
-0.4822173084267852,0.04832752498827978,1.0,-121.76664699017593
-0.47751626270657227,0.048667553770653724,1.0,-120.66826904558837
-0.47320889821799367,0.048667553770653724,1.0,-119.56990541821118
-0.468901589875338,0.048667553770653724,1.0,-118.61941187783812
-0.4651741642268162,0.048667553770653724,1.0,-117.52091154877478
-0.46086631979911674,0.048667553770653724,1.0,-116.42242361460593
-0.4565585239788468,0.048667553770653724,1.0,-115.32394842952458
-0.4522507781549983,0.048667553770653724,1.0,-114.22548636134417
-0.44794308376997716,0.048667553770653724,1.0,-113.12703779215958
-0.44363544232219443,0.048667553770653724,1.0,-112.02860311904661
-0.4393278553688102,0.048667553770653724,1.0,-110.93018275480355
-0.43502032452864137,0.048667553770653724,1.0,-109.83177712873653
-0.4307128514852413,0.048667553770653724,1.0,-108.73338668749307
-0.42640543799016883,0.048667553770653724,1.0,-107.63501189594585
-0.4220980858664543,0.048667553770653724,1.0,-106.53665323813216
-0.41779079701228305,0.048667553770653724,1.0,-105.43831121825082
-0.41348357340490516,0.048667553770653724,1.0,-103.9999975600526
-0.4078431276864808,0.048667553770653724,1.0,-102.90144585633914
-0.40353508178956526,0.048667553770653724,1.0,-101.80290721876439
-0.3992270871324094,0.048667553770653724,1.0,-100.70438207492603
-0.3949191453918668,0.048667553770653724,1.0,-99.60587087128002
-0.39061125831874516,0.048667553770653724,1.0,-98.50737407419116
-0.3863034277419261,0.048667553770653724,1.0,-97.40889217105507
-0.38199565557276494,0.048667553770653724,1.0,-96.31042567149693
-0.37768794380979187,0.048667553770653724,1.0,-95.21197510865275
-0.3733802945437363,0.048667553770653724,1.0,-94.11354104054098
-0.36907270996290575,0.048667553770653724,1.0,-93.0151240515303
-0.36476519235894234,0.048667553770653724,1.0,-91.91672475391313
-0.3604577441329927,0.048667553770653724,1.0,-90.81834378959331
-0.35615036780232673,0.048667553770653724,1.0,-89.86828373183508
-0.35242464208562774,0.048667553770653724,1.0,-88.76972653924874
-0.3481165746637206,0.048667553770653724,1.0,-87.6711843813775
-0.34380856620148037,0.048667553770653724,1.0,-86.57265783055907
-0.33950061894336886,0.048667553770653724,1.0,-85.47414748854607
-0.33519273524920024,0.048667553770653724,1.0,-84.37565398841939
-0.3308849176016447,0.048667553770653724,1.0,-83.27717799665365
-0.32657716861432806,0.048667553770653724,1.0,-82.17872021534689
-0.322269491040576,0.048667553770653724,1.0,-81.08028138463314
-0.31796188778287504,0.048667553770653724,1.0,-79.98186228529185
-0.3136543619031053,0.048667553770653724,1.0,-78.88346374157636
-0.3093469166336328,0.048667553770653724,1.0,-77.78508662428086
-0.3050395553893367,0.048667553770653724,1.0,-76.68673185407147
-0.3007322817806724,0.048667553770653724,1.0,-75.73657379808184
-0.2970061717571837,0.048667553770653724,1.0,-74.63800909545303
-0.2926980748841296,0.048667553770653724,1.0,-73.53946209231246
-0.2883900474208332,0.048667553770653724,1.0,-72.44093359388368
-0.2840820925250341,0.048667553770653724,1.0,-71.34242445497188
-0.2797742135489093,0.048667553770653724,1.0,-70.24393558383777
-0.2754664140542658,0.048667553770653724,1.0,-69.14546794644195
-0.2711586978291841,0.048667553770653724,1.0,-68.04702257109852
-0.26685106890626875,0.048667553770653724,1.0,-66.94860055358775
-0.26254353158269705,0.048667553770653724,1.0,-65.85020306277872
-0.2582360904422695,0.048667553770653724,1.0,-64.75183134682446
-0.25392875037970375,0.048667553770653724,1.0,-63.653486739997064
-0.24962151662743945,0.048667553770653724,1.0,-62.55517067024486
-0.24531439478527398,0.048667553770653724,1.0,-61.60487043887511
-0.24158772721127492,0.048667553770653724,1.0,-60.50629483751531
-0.23727958759809925,0.048667553770653724,1.0,-59.40774074286249
-0.2329715323249509,0.048667553770653724,1.0,-58.30920937048534
-0.228663566158766,0.048667553770653724,0.0,-58.90454791403558
-0.23099822711386503,0.04220017963028788,1.0,-58.058867105360356
-0.2276818317857269,0.04186015084791394,1.0,-57.11286997566108
-0.2239720391202395,0.04186015084791394,0.0,-58.373949442201656
-0.22891744879294768,0.035392776707548104,1.0,-57.68141759599524
-0.2262016376313539,0.03505274792517416,0.0,-58.50742523166586
-0.22944088326143475,0.0285853737848087,0.0,-59.49062197959431
-0.23329655678272276,0.02291521849772605,0.0,-61.25543592362854
-0.24021739577893544,0.016107056988846607,1.0,-60.9991228984156
-0.23921224666045332,0.015767028206472654,1.0,-60.23803377782809
-0.2362275834424631,0.015767028206472654,1.0,-59.880648396347695
-0.23482607214253998,0.015767028206472654,1.0,-59.52348056476759
-0.23342541397948074,0.015767028206472654,1.0,-59.166534222907536
-0.23202562440355895,0.015767028206472654,1.0,-58.90677636164543
-0.2310069661240997,0.015767028206472654,1.0,-58.549303367606264
-0.22960511124551478,0.015767028206472654,1.0,-58.19205182473
-0.22820412480286273,0.015767028206472654,1.0,-57.83502583678087
-0.22680402288933674,0.015767028206472654,1.0,-57.47822960686199
-0.22540482198769407,0.015767028206472654,1.0,-57.21799295794839
-0.22438428610960154,0.015767028206472654,0.0,-58.6573667212436
-0.23002888910291608,0.009299654066107206,1.0,-58.5543061022329
-0.22962472981267804,0.008959625283733254,1.0,-58.35111889015712
-0.2288279172163024,0.008959625283733254,1.0,-58.14818053724627
-0.2280320805382207,0.008959625283733254,2.0,-56.23580071518525
-0.22053255182425588,0.015426999424098704,1.0,-55.778281973624885
-0.21873836068088187,0.015767028206472654,1.0,-55.42137546127573
-0.21733872729912052,0.015767028206472654,1.0,-55.16154355792312
-0.21631977865852203,0.015767028206472654,1.0,-54.80407462851652
-0.2149179397196726,0.015767028206472654,1.0,-54.44684243656692
-0.21351702916300752,0.015767028206472654,1.0,-54.08985167261654
-0.21211706538280994,0.015767028206472654,1.0,-53.73310714864682
-0.21071806724959535,0.015767028206472654,1.0,-53.4727607623469
-0.2096971010288114,0.015767028206472654,1.0,-53.11543545462419
-0.20829582531225171,0.015767028206472654,1.0,-52.75835640683366
-0.20689551532091635,0.015767028206472654,1.0,-152.4674390841372
