Lateral Error,Yaw Error,Action,Reward
0.00031530507843310354,-2.1507201246962375e-05,0.0,-1.7561311087560694
-0.006886788661788508,-0.006488881341612441,1.0,-2.3705884976398925
-0.009296425480940755,-0.006828910123986383,1.0,-2.375993324358102
-0.009317620879835694,-0.006828910123986383,1.0,-2.382480563260932
-0.009343061032395811,-0.006828910123986383,1.0,-2.896387171968221
-0.011358381066542042,-0.006828910123986383,1.0,-2.8949816981984804
-0.011352869404699924,-0.006828910123986383,1.0,-2.894476519258086
-0.011350888310816022,-0.006828910123986383,1.0,-3.404635724554291
-0.013351512645310945,-0.006828910123986383,1.0,-3.4061167319199304
-0.01335732051733306,-0.006828910123986383,1.0,-3.4083621976968117
-0.013366126265477693,-0.006828910123986383,1.0,-3.411370612317361
-0.013377923969872006,-0.006828910123986383,1.0,-3.9249162484750166
-0.015391828425392221,-0.006828910123986383,1.0,-3.9291851099634414
-0.015408569058680164,-0.006828910123986383,1.0,-3.9341121747916397
-0.01542789088153584,-0.006828910123986383,1.0,-4.447962387996609
-0.017442989756849447,-0.006828910123986383,1.0,-4.447932486735619
-0.017442872497002427,-0.006828910123986383,2.0,-2.466194123197333
-0.009671349502734638,-0.00036153598362090615,1.0,-2.2148574141946744
-0.008685715349783036,-2.1507201246962375e-05,1.0,-2.5749185640875547
-0.010097719859166882,-2.1507201246962375e-05,1.0,-2.426199502282724
-0.009514507852089115,-2.1507201246962375e-05,1.0,-2.2787385125724766
-0.008936229461068536,-2.1507201246962375e-05,1.0,-2.641813949522534
-0.010360054704009938,-2.1507201246962375e-05,1.0,-2.4966526516805616
-0.009790794712472791,-2.1507201246962375e-05,1.0,-2.353715649237078
-0.009230257447988542,-2.1507201246962375e-05,1.0,-2.2000876519193286
-0.008627794713409133,-2.1507201246962375e-05,1.0,-2.5560007283079256
-0.010023532267874218,-2.1507201246962375e-05,1.0,-2.404461764558269
-0.009429261821797133,-2.1507201246962375e-05,1.0,-2.253818937258383
-0.008838505636307383,-2.1507201246962375e-05,1.0,-2.6142634407550487
-0.010252013493157052,-2.1507201246962375e-05,1.0,-2.465872076535613
-0.009670086574649465,-2.1507201246962375e-05,1.0,-2.318759070843238
-0.009093172826836226,-2.1507201246962375e-05,1.0,-2.682021001611202
-0.010517729418083146,-2.1507201246962375e-05,1.0,-2.5450967461967458
-0.009980771553712728,-2.1507201246962375e-05,1.0,-2.391207298109264
-0.009377283521997114,-2.1507201246962375e-05,1.0,-2.2378994633742684
-0.008776076326957915,-2.1507201246962375e-05,1.0,-2.5944188837595776
-0.010174191701017951,-2.1507201246962375e-05,1.0,-2.4431985890418844
-0.009581170937419153,-2.1507201246962375e-05,1.0,-2.292901244535908
-0.008991769586415326,-2.1507201246962375e-05,1.0,-2.6537013664264624
-0.010406672025201813,-2.1507201246962375e-05,1.0,-2.5056328640325285
-0.00982601123150011,-2.1507201246962375e-05,1.0,-2.3588615743778063
-0.009250437546579632,-2.1507201246962375e-05,1.0,-2.2136455397019947
-0.008680962900792137,-2.1507201246962375e-05,1.0,-2.5824579307530664
-0.010127286002953203,-2.1507201246962375e-05,1.0,-2.428859239666984
-0.009524938194772486,-2.1507201246962375e-05,1.0,-2.275871749183613
-0.008924987251700444,-2.1507201246962375e-05,1.0,-2.6329581926466394
-0.010325326245673096,-2.1507201246962375e-05,1.0,-2.4820540268675786
-0.009733545203402269,-2.1507201246962375e-05,1.0,-2.332098263573851
-0.009145483386564122,-2.1507201246962375e-05,1.0,-2.69322825345329
-0.01056167942530702,-2.1507201246962375e-05,1.0,-2.545477731059884
-0.009982265611999547,-2.1507201246962375e-05,1.0,-2.399041913776126
-0.009408007505004415,-2.1507201246962375e-05,1.0,-2.2541770337303966
-0.008839909936197633,-2.1507201246962375e-05,1.0,-2.6199714424469773
-0.010274397813517558,-2.1507201246962375e-05,1.0,-2.4666641336470008
-0.009673192680968631,-2.1507201246962375e-05,1.0,-2.31399660929169
-0.009074496507026235,-2.1507201246962375e-05,1.0,-2.6716134118846533
-0.01047691534072413,-2.1507201246962375e-05,1.0,-2.521022593631997
-0.009886363112282342,-2.1507201246962375e-05,1.0,-2.371404306155777
-0.009299624730022655,-2.1507201246962375e-05,1.0,-2.222954929708523
-0.008717470312582444,-2.1507201246962375e-05,1.0,-2.585402790252197
-0.010138834471577244,-2.1507201246962375e-05,1.0,-2.4392962426800966
-0.00956586761835332,-2.1507201246962375e-05,1.0,-2.3047607072370866
-0.009038277283282692,-2.1507201246962375e-05,1.0,-2.657630830812679
-0.010422081689461486,-2.1507201246962375e-05,1.0,-2.5046150540243612
-0.009822019819703378,-2.1507201246962375e-05,1.0,-2.3522666250693094
-0.009224575000271802,-2.1507201246962375e-05,1.0,-2.71037958216538
-0.010628939537903451,-2.1507201246962375e-05,1.0,-2.56009912336155
-0.010039604405339412,-2.1507201246962375e-05,1.0,-2.4108140397102975
-0.009454172704746265,-2.1507201246962375e-05,1.0,-2.2627213521116776
-0.008873417067104618,-2.1507201246962375e-05,1.0,-2.625404383116256
-0.010295703463201005,-2.1507201246962375e-05,1.0,-2.479620957640897
-0.0097240037554545,-2.1507201246962375e-05,1.0,-2.341837266023622
-0.009183675553033812,-2.1507201246962375e-05,1.0,-2.6954299814787657
-0.010570313652857904,-2.1507201246962375e-05,1.0,-2.5427054622961283
-0.00997139396978874,-2.1507201246962375e-05,1.0,-2.3906748255537784
-0.009375195394328541,-2.1507201246962375e-05,1.0,-2.239479391665108
-0.008782272124176895,-2.1507201246962375e-05,1.0,-2.5992787468431104
-0.010193249987620041,-2.1507201246962375e-05,1.0,-2.450322461104771
-0.009609107690606945,-2.1507201246962375e-05,1.0,-2.3025805292343
-0.009029727565624705,-2.1507201246962375e-05,1.0,-2.6654790639673713
-0.010452859074381848,-2.1507201246962375e-05,1.0,-2.520012679752
-0.009882402665694118,-2.1507201246962375e-05,1.0,-2.37909048208977
-0.00932976659643047,-2.1507201246962375e-05,1.0,-2.2253250519968155
-0.008726764909791431,-2.1507201246962375e-05,1.0,-2.580929182611524
-0.010121290912202055,-2.1507201246962375e-05,1.0,-2.429214656257936
-0.009526331985325239,-2.1507201246962375e-05,1.0,-2.278363232083738
-0.008934757772877404,-2.1507201246962375e-05,1.0,-2.6385568715993464
-0.0103472818494092,-2.1507201246962375e-05,1.0,-2.4899248726106036
-0.009764411265139623,-2.1507201246962375e-05,1.0,-2.342527726289665
-0.009186383240351629,-2.1507201246962375e-05,1.0,-2.7056235851520145
-0.010610288569223586,-2.1507201246962375e-05,1.0,-2.570522223300648
-0.010080479307061364,-2.1507201246962375e-05,1.0,-2.416512185345532
-0.009476518373904046,-2.1507201246962375e-05,1.0,-2.2630608816323186
-0.008874748555420857,-2.1507201246962375e-05,1.0,-2.6192803786233205
-0.01027168775930714,-2.1507201246962375e-05,1.0,-2.467879950350154
-0.009677960589608448,-2.1507201246962375e-05,1.0,-2.317369191011543
-0.009087722317692325,-2.1507201246962375e-05,1.0,-2.6779291633757087
-0.01050168299363023,-2.1507201246962375e-05,1.0,-2.5296168598456665
-0.00992006611704183,-2.1507201246962375e-05,1.0,-2.3825585159200022
-0.009343366729098048,-2.1507201246962375e-05,1.0,-2.2370014475991025
-0.00877255469646707,-2.1507201246962375e-05,1.0,-2.6078191371296113
-0.01022674171423377,-2.1507201246962375e-05,1.0,-2.962114778232892
-0.011616136385227028,-0.054318923937241755,2.0,-1.8454009310486672
-0.007236866396269283,-0.047851549796876294,2.0,-1.3403883080238181
-0.0052564247373483065,-0.04218139450979386,1.0,-2.3812132479632058
-0.009338091168483161,-0.04195476883316157,1.0,-2.994153434365285
-0.01174177817398151,-0.04195476883316157,1.0,-4.089912198390272
-0.01603887136623636,-0.04195476883316157,1.0,-5.190722368524454
-0.020355773994213542,-0.04195476883316157,1.0,-5.784091015338437
-0.022682709864072302,-0.04195476883316157,1.0,-6.9137097684906434
-0.02711258732741429,-0.04195476883316157,1.0,-8.011495321421709
-0.03141762871145769,-0.04195476883316157,1.0,-8.602384382518208
-0.03373484071575768,-0.04195476883316157,1.0,-9.703882491986722
-0.03805444114504597,-0.04195476883316157,1.0,-10.83473821864013
-0.042489169484863254,-0.04195476883316157,1.0,-11.424244467740737
-0.0448009586970225,-0.04195476883316157,1.0,-12.523822803684114
-0.0491130306026828,-0.04195476883316157,1.0,-13.624709299357203
-0.05343023254649883,-0.04195476883316157,1.0,-14.2475521636544
-0.055872753582958436,-0.04195476883316157,1.0,-15.345812986645821
-0.060179658771160084,-0.04195476883316157,1.0,-16.445333675565855
-0.06449150461006217,-0.04195476883316157,1.0,-17.036592513143034
-0.06681016671820797,-0.04195476883316157,1.0,-18.13781000479187
-0.07112866668545832,-0.04195476883316157,1.0,-19.26739038667789
-0.07555839367324663,-0.04195476883316157,1.0,-19.85783640489671
-0.0778738682544969,-0.04195476883316157,1.0,-20.957976801217438
-0.08218814431849975,-0.04195476883316157,1.0,-22.058869110442494
-0.0865053690605588,-0.04195476883316157,1.0,-22.680142973791803
-0.08894173715212471,-0.04195476883316157,1.0,-23.77941268900571
-0.09325259878041454,-0.04195476883316157,1.0,-24.879426043841764
-0.09756637664251673,-0.04195476883316157,1.0,-25.470803874395536
-0.09988550538978641,-0.04195476883316157,1.0,-26.601713863414147
-0.10432044652319272,-0.04195476883316157,1.0,-27.7009929517622
-0.10863134490887136,-0.04195476883316157,1.0,-28.291798632524483
-0.11094822993146855,-0.04195476883316157,1.0,-29.39216466572999
-0.11526339084599997,-0.04195476883316157,1.0,-30.523289749949708
-0.11969917548999884,-0.04195476883316157,1.0,-31.113613196186822
-0.12201416939681106,-0.04195476883316157,1.0,-32.21333353755371
-0.12632679818648512,-0.04195476883316157,1.0,-33.313579498396315
-0.13064148822900515,-0.04195476883316157,1.0,-34.953729013799006
-0.13707344711293729,-0.11967580313158337,2.0,-35.63141424497001
-0.13973103625478436,-0.11320842899121794,2.0,-36.4523318417319
-0.14295032094796825,-0.1075382737041355,2.0,-36.304226006070145
-0.14236951374929468,-0.10073011219525606,2.0,-36.87354329016565
-0.14460213054966922,-0.09505995690817348,2.0,-36.55145717812647
-0.1433390477573587,-0.08825179539929404,2.0,-36.87070217987765
-0.14459098894069666,-0.08258164011221138,2.0,-36.220901246547974
-0.14204274998646266,-0.07577347860333193,2.0,-36.385023464751846
-0.1426863665284386,-0.07010332331624929,2.0,-35.48164504908321
-0.13914370607483612,-0.06329516180736984,2.0,-34.91352151771829
-0.1369157706577188,-0.05762500652028719,2.0,-34.246260263794554
-0.13429905985801788,-0.0508168450114073,2.0,-33.291600879985275
-0.1305552975685697,-0.045146689724324646,1.0,-34.374569633447166
-0.13480223385665557,-0.04492006404769236,1.0,-35.376531962655974
-0.13873149789276853,-0.04492006404769236,2.0,-34.21713497269964
-0.13418484303019468,-0.03845268990732652,1.0,-34.96347175658838
-0.1371116539474054,-0.03811266112495258,1.0,-35.81096026228224
-0.14043513828345977,-0.03811266112495258,2.0,-34.51726910965513
-0.13536183964570642,-0.03164528698458674,2.0,-33.646069570401096
-0.13194537086431804,-0.025975131697504088,2.0,-32.00793976819388
-0.1255213324242897,-0.0191669701886242,2.0,-30.86914635767391
-0.1210554759124467,-0.01349681490154155,2.0,-28.98800317842783
-0.1136784438369719,-0.006688653392661665,2.0,-27.11718808711917
-0.106341914067134,-0.0010184981055790128,1.0,-27.257996020607155
-0.10689410204159669,-0.0007918724289467243,1.0,-27.25048290699753
-0.10686463885097071,-0.0007918724289467243,1.0,-27.24463611777347
-0.10684171026577831,-0.0007918724289467243,1.0,-27.45075977340178
-0.10765003832706581,-0.0007918724289467243,1.0,-27.444620231150232
-0.10762596169078523,-0.0007918724289467243,1.0,-27.65108558099615
-0.10843562972939666,-0.0076035357894162605,1.0,-27.644657535812307
-0.10841042170906787,-0.0076035357894162605,1.0,-27.851459273730015
-0.1092214089165883,-0.0076035357894162605,1.0,-27.84474688537725
-0.10919508582500884,-0.0076035357894162605,1.0,-28.05187982547659
-0.11000737186461407,-0.0076035357894162605,1.0,-28.04488716588415
-0.10997994967013391,-0.0076035357894162605,1.0,-28.252346238990707
-0.11079351466270866,-0.0076035357894162605,1.0,-28.70919252220393
-0.11258506871452523,-0.0076035357894162605,1.0,-28.915105012597863
-0.11339256867685436,-0.0076035357894162605,1.0,-28.909151868513415
-0.1133692230137781,-0.0076035357894162605,1.0,-29.115390493650423
-0.11417800193588401,-0.0076035357894162605,1.0,-29.109162070294722
-0.11415357674625382,-0.0076035357894162605,1.0,-29.315722019149497
-0.11496361576137057,-0.0076035357894162605,1.0,-29.5244044097804
-0.11578197807757018,-0.0076035357894162605,1.0,-29.9791191359698
-0.1175651730822345,-0.0076035357894162605,1.0,-30.18629942819819
-0.11837764481646348,-0.0076035357894162605,1.0,-30.179276623509764
-0.11835010440592064,-0.0076035357894162605,1.0,-30.386759711210967
-0.11916376357337635,-0.0076035357894162605,1.0,-30.37948023034767
-0.11913521658959872,-0.0076035357894162605,1.0,-30.587261834348972
-0.11995004640921166,-0.0076035357894162605,1.0,-30.5797290506629
-0.11992050608103097,-0.0076035357894162605,1.0,-30.78780498017482
-0.12073649011833262,-0.0076035357894162605,1.0,-31.243499860046096
-0.12252352886292588,-0.0076035357894162605,1.0,-31.450144370765212
-0.12333389949319691,-0.0076035357894162605,1.0,-31.443582058886477
-0.12330816493680971,-0.0076035357894162605,1.0,-31.650521154628503
-0.12411969080246472,-0.0076035357894162605,1.0,-31.643709486740985
-0.12409297837937641,-0.0076035357894162605,1.0,-31.850939169439087
-0.12490564380172191,-0.0076035357894162605,1.0,-31.843881290865102
-0.12487796584652981,-0.0076035357894162605,1.0,-32.51388577520196
-0.1275054344125567,-0.0076035357894162605,1.0,-32.04409663963496
-0.1256631240769998,0.06650800507569433,0.0,-32.208090645762816
-0.12630623782652087,0.0600406309353285,0.0,-32.75427824131395
-0.12844814996593706,0.05437047564824585,0.0,-33.31880445679406
-0.13066197826193748,0.047562314139365965,1.0,-32.2437507904736
-0.12644608153126902,0.04722228535699202,1.0,-31.255408851411264
-0.1225702307898481,0.04722228535699202,1.0,-30.553539443902107
-0.11981780174079257,0.04722228535699202,1.0,-29.378368023724356
-0.1152092863675465,0.04722228535699202,1.0,-28.203711113465776
-0.11060278868025794,0.04722228535699202,1.0,-27.21321489887043
-0.10671848979949188,0.04722228535699202,0.0,-27.83911614195862
-0.1091730044782691,0.04075491121662618,1.0,-26.918355363938915
-0.10556217789779967,0.04041488243425224,1.0,-26.55184836591286
-0.10412489555259945,0.04041488243425224,1.0,-25.530598428477383
-0.10011999383716622,0.04041488243425224,1.0,-24.510147121771702
-0.09611822400694785,0.04041488243425224,1.0,-23.664575079029518
-0.09280225521188047,0.04041488243425224,1.0,-22.642973166168094
-0.08879597320065918,0.04041488243425224,1.0,-21.62224329900971
-0.08479311097650868,0.04041488243425224,1.0,-20.77754094134027
-0.08148055271113831,0.04041488243425224,1.0,-19.755496535518837
-0.0774725354334072,0.04041488243425224,1.0,-19.21464097656564
-0.07535153324143389,0.04041488243425224,1.0,-18.36788011308176
-0.0720309024042422,0.04041488243425224,1.0,-17.34662965716313
-0.06802599865554168,0.04041488243425224,1.0,-16.326578098976388
-0.06402579646657405,0.04041488243425224,1.0,-15.480754017798162
-0.060708839285482985,0.04041488243425224,1.0,-14.458962661160767
-0.056701814357493205,0.04041488243425224,1.0,-13.438545637794501
-0.05270017897174314,0.04041488243425224,1.0,-12.419841698923072
-0.048705261564404204,0.06387385514690935,0.0,-12.902429752455147
-0.05059776373511822,0.05740648100654352,0.0,-13.287617902704362
-0.05210830550080142,0.051736325719460866,0.0,-13.993407643997248
-0.054876108407832344,0.04492816421058098,1.0,-13.023917738235163
-0.051074187208765345,0.04458813542820704,1.0,-11.954229570066396
-0.046879331647319195,0.04458813542820704,1.0,-11.376037649532693
-0.044611912351108604,0.04458813542820704,1.0,-10.4499755785418
-0.04098029638643843,0.04458813542820704,0.0,-11.222418060979692
-0.04400948259207722,0.0381207612878412,1.0,-10.4069088920286
-0.040811407419719996,0.037780732505467256,1.0,-9.625082846952097
-0.03774542292922391,0.037780732505467256,1.0,-8.706861627913073
-0.034144555403580676,0.037780732505467256,1.0,-7.788938590117046
-0.030544857216145277,0.037780732505467256,1.0,-6.871433232569343
-0.026946796990468015,0.037780732505467256,1.0,-5.954538633240864
-0.02335113189506221,0.037780732505467256,1.0,-5.534772666435132
-0.021704990848765225,0.037780732505467256,1.0,-4.750128947162586
-0.01862795665553955,0.037780732505467256,1.0,-3.831366855961691
-0.015024968062594865,0.037780732505467256,1.0,-2.913060986540971
-0.011423768574670475,0.037780732505467256,1.0,-1.9958411744693507
-0.007826828135173925,0.037780732505467256,1.0,-1.0824717234933345
-0.004244987150954253,0.037780732505467256,1.0,-0.22586152101028664
-0.0008857314549423005,0.037780732505467256,1.0,-0.67582381712643
0.0026502894789271767,0.037780732505467256,1.0,-1.5507967672020115
0.00608155594981181,0.037780732505467256,1.0,-2.4584769168304295
0.009641085948354626,0.037780732505467256,1.0,-2.880816721009
0.011297320474545097,0.037780732505467256,1.0,-3.7994598815958462
0.014899842672924888,0.037780732505467256,1.0,-4.7184310061420875
0.018503651004478774,0.037780732505467256,1.0,-5.6375697143046
0.022108116526684707,0.037780732505467256,1.0,-6.41541309203208
0.025158482713851293,0.037780732505467256,1.0,-7.331104326920684
0.028749428733022293,0.037780732505467256,1.0,-10.350102383704996
0.04058863679884313,0.13032450323906383,1.0,-13.369271242760192
0.05242851467749095,0.13032450323906383,1.0,-16.388516506388093
0.06426869218191408,0.13032450323906383,1.0,-19.407802516157112
0.07610902947512592,0.13032450323906383,1.0,-22.919337269688782
0.08987975399877954,0.13032450323906383,1.0,-25.93852030402183
0.10171968746675226,0.13032450323906383,1.0,-28.95774362326765
0.11355977891477509,0.13032450323906383,1.0,-31.976995816492543
0.1253999835940884,0.13032450323906383,1.0,-34.99626941051587
0.13724027219810145,0.13032450323906383,1.0,-38.01555930625213
0.14908062473040049,0.13032450323906383,1.0,-41.034861905327375
0.1609210270797152,0.13032450323906383,1.0,-44.05417459582841
0.17276146900324868,0.13032450323906383,1.0,-47.56547562782857
0.18653127697187674,0.13032450323906383,1.0,-50.584744428398594
0.19837154677803367,0.13032450323906383,0.0,-50.867622346994075
0.19948087194899636,0.12385712909869802,0.0,-51.756138379071736
0.20296524854537937,0.11818697381161537,0.0,-52.07621283753851
0.20422044250015103,0.11137881230273593,0.0,-52.722000085241746
0.20675294151075194,0.10570865701565327,0.0,-52.31271821133634
0.20514791455426015,0.09890049550677382,0.0,-52.707802811908394
0.20669726592905252,0.09323034021969118,0.0,-52.565441537692145
0.20613898642232215,0.08642217871081173,0.0,-54.16681865777467
0.21241889669715555,0.16657752048391472,0.0,-55.87723667818016
0.21912641834580454,0.15976935897503527,0.0,-57.248063584778784
0.22450221013638738,0.15409920368795285,0.0,-58.16705986646135
0.22810611712337786,0.1472910421790734,0.0,-59.305243527261666
0.23256958245984966,0.14162088689199098,0.0,-59.97913286507533
0.23521228574539346,0.13481272538311148,0.0,-61.393683683604266
0.24075954385727166,0.12914257009602903,0.0,-61.34007563249933
0.2405493162058797,0.12233440858714953,1.0,-64.11002308798177
0.25141185524698734,0.1219943798047756,0.0,-64.54403467978744
0.25311386148936255,0.11552700566441014,0.0,-65.07083219256815
0.2551797340885026,0.1098568503773277,0.0,-65.214810329023
0.25574435423146274,0.10304868886844826,0.0,-65.49537029699289
0.2568445893999721,0.09737853358136583,0.0,-64.92362610246833
0.2546024553037974,0.09057037207248639,0.0,-65.02590137449687
0.2550035348019485,0.08490021678540373,0.0,-64.67329882298951
0.25362077969799807,0.07809205527652428,0.0,-64.03688562914685
0.2511250416829288,0.07242189998944162,0.0,-63.54977851132985
0.2492148176914896,0.06561373848056219,0.0,-63.18441142842713
0.24778200560167501,0.05994358319347953,1.0,-64.14494695004409
0.2515488115688003,-0.006574643973316372,1.0,-63.56735472762071
0.24928374402988512,-0.006574643973316372,1.0,-63.4875574877671
0.24897081367751803,-0.006574643973316372,1.0,-63.51992331181427
0.24909773847770303,-0.006574643973316372,1.0,-63.43988438034106
0.248783860315063,-0.006574643973316372,1.0,-63.36055888024129
0.24847277992251487,-0.006574643973316372,1.0,-62.894910978616416
0.24664670972006436,-0.006574643973316372,1.0,-62.814966234270955
0.24633320091870964,-0.006574643973316372,1.0,-62.84753140856475
0.24646090748456762,-0.006574643973316372,1.0,-62.76734233749228
0.2461464405391854,-0.006574643973316372,1.0,-62.687873969744594
0.24583479988135135,-0.006574643973316372,1.0,-62.22249971441495
0.24400980280162726,-0.006574643973316372,1.0,-62.14240431479955
0.24369570319529235,-0.006574643973316372,1.0,-62.17517313625795
0.24382420837748214,-0.006574643973316372,1.0,-62.094830717171824
0.2435091400673405,-0.006574643973316372,1.0,-61.517479589874505
0.24124501799950787,-0.006574643973316372,1.0,-61.550121999667944
0.2413730274496782,-0.006574643973316372,0.0,-59.2238835504119
0.23225052372710547,-0.013042018113681822,1.0,-59.01009129747111
0.2314121227351808,-0.013382046896055773,1.0,-58.7741151991571
0.23048672627120434,-0.013382046896055773,1.0,-58.66106674113082
0.23004339898482673,-0.013382046896055773,1.0,-58.42481801821206
0.22911693340475314,-0.013382046896055773,1.0,-56.70395634085209
0.22236845623863566,-0.08464817330712068,2.0,-56.113079933797955
0.22005129385803118,-0.07818079916675523,2.0,-56.05580689073687
0.2198266936891642,-0.07251064387967258,2.0,-56.3942089747284
0.22115376068520942,-0.06570248237079314,2.0,-56.15016075899414
0.22019670885880055,-0.060032327083710486,2.0,-56.82624061089198
0.2228480023956548,-0.05322416557483105,2.0,-57.40406866542459
0.22511399476637095,-0.047554010287748395,2.0,-57.96832658838816
0.2273267709348555,-0.04074584877886895,2.0,-58.859057571112004
0.23081983361220396,-0.03507569349178652,2.0,-59.701269227648936
0.23412262442215268,-0.028267531982907074,2.0,-60.91540529873671
0.2388839423479871,-0.022597376695824643,2.0,-62.623927009849155
0.24558402748960453,-0.015789215186945184,1.0,-62.028587239981775
0.24324936172541872,-0.015449186404571243,1.0,-61.842713454451754
0.24252044491941865,-0.015449186404571243,1.0,-61.6568777375951
0.24179167740233373,-0.015449186404571243,1.0,-60.96123828855212
0.2390636795629495,-0.015449186404571243,1.0,-60.77546976754291
0.2383351755589918,-0.015449186404571243,1.0,-60.58974063135883
0.23760682600532873,-0.015449186404571243,1.0,-59.8941821542031
0.23487914570275725,-0.015449186404571243,1.0,-59.70852357145704
0.2341510728292433,-0.015449186404571243,1.0,-59.02607666569454
0.23147481045370405,-0.053453100016214235,2.0,-59.77827564077425
0.23442461035597745,-0.04698572587584875,2.0,-59.95538582271434
0.23511916008907585,-0.04131557058876628,2.0,-61.13800227933191
0.23975687168365453,-0.034507409079886794,2.0,-62.14264895626121
0.2436966625735734,-0.028837253792804364,2.0,-63.643156379594835
0.24958100541017583,-0.022029092283924915,2.0,-64.45770201678219
0.25277530202659687,-0.01635893699684248,1.0,-64.15891096464323
0.2516035724103656,-0.016132311320210188,1.0,-63.793388998881994
0.2501701529367921,-0.016132311320210188,1.0,-63.42807112129961
0.24873753380901809,-0.016132311320210188,1.0,-63.06296087868766
0.24730572893603003,-0.016132311320210188,1.0,-62.65106739834344
0.2456904603856606,-0.016132311320210188,1.0,-62.28544933744911
0.2442566640684279,-0.016132311320210188,1.0,-61.920039200539954
0.24282368313937236,-0.016132311320210188,1.0,-61.55484069053508
0.24139153211974543,-0.016132311320210188,1.0,-61.18985759658377
0.239960225868956,-0.016132311320210188,1.0,-61.285544789176754
0.24033546976147746,-0.016132311320210188,1.0,-60.91995266446521
0.23890177515476552,-0.016132311320210188,1.0,-60.554573465490265
0.23746891555094224,-0.016132311320210188,1.0,-60.189411069942615
0.23603690615663772,-0.016132311320210188,1.0,-59.77773917782646
0.2344225065797116,-0.016132311320210188,1.0,-59.41204476340833
0.23298841083689542,-0.016132311320210188,1.0,-59.04656744586018
0.23155516645435364,-0.016132311320210188,1.0,-58.681311281532246
0.23012278933934213,-0.016132311320210188,1.0,-58.31628042591492
0.22869129578790165,-0.016132311320210188,1.0,-57.904185414192035
0.22707523691840015,-0.016132311320210188,1.0,-57.53860514361565
0.22564158879849275,-0.016132311320210188,1.0,-57.173250543212795
0.22420882565965802,-0.016132311320210188,0.0,-54.70145541699955
0.21451551143921394,-0.02259968546057563,2.0,-55.88651527943197
0.21916280501738025,-0.017289319483649663,1.0,-55.60304515224235
0.21805115745977394,-0.016949290701275724,1.0,-55.21943270248525
0.21654679491170686,-0.016949290701275724,1.0,-54.79053473126018
0.21486484208337325,-0.016949290701275724,1.0,-54.40634277954962
0.21335820697862595,-0.016949290701275724,1.0,-54.022383697336295
0.2118524850875933,-0.016949290701275724,1.0,-53.63866248543624
0.2103476960213186,-0.016949290701275724,1.0,-53.25518428565259
0.20884385994373567,-0.016949290701275724,1.0,-52.8258568836783
0.20716022307324825,-0.016949290701275724,1.0,-52.44177739449304
0.2056540289980119,-0.016949290701275724,1.0,-52.05794122206721
0.2041487891061459,-0.016949290701275724,1.0,-51.67435378845873
0.20264452466062247,-0.016949290701275724,1.0,-51.24543825703209
0.20096250296875331,-0.016949290701275724,1.0,-50.861231385568196
0.1994558093551694,-0.016949290701275724,1.0,-50.47727351140583
0.1979500922015915,-0.016949290701275724,1.0,-50.09357036009903
0.19644537396117265,-0.016949290701275724,0.0,-48.15100765275855
0.18882748099121,-0.023416664841641163,2.0,-49.27903747103516
0.19325112733739278,-0.0181062988647152,0.0,-47.17380260658471
0.18499530433954786,-0.023416664841641163,2.0,-48.29825137639893
0.1894049073584272,-0.0181062988647152,0.0,-46.23179127870429
0.1813011422694286,-0.023416664841641163,2.0,-47.359321946457065
0.18572283116257673,-0.0181062988647152,0.0,-45.25492867789187
0.17747030854075244,-0.023416664841641163,2.0,-46.42161926592844
0.182045565748739,-0.0181062988647152,0.0,-44.31263303726078
0.17377503151866974,-0.023416664841641163,2.0,-45.43962094230371
0.17819459193060277,-0.0181062988647152,1.0,-45.13754272235195
0.17700997146020372,-0.017766270082341256,1.0,-44.73536994708626
0.1754328233219069,-0.017766270082341256,1.0,-44.33348466913706
0.1738568026240669,-0.017766270082341256,1.0,-43.88691518680063
0.17210554975215936,-0.017766270082341256,1.0,-43.48430778490199
0.17052669719569408,-0.017766270082341256,1.0,-43.08198811297091
0.1689489729920428,-0.017766270082341256,1.0,-42.6799643078068
0.16737240905022271,-0.017766270082341256,1.0,-42.23393129571935
0.16562325998321312,-0.017766270082341256,1.0,-41.83115784381007
0.16404375625023554,-0.017766270082341256,1.0,-41.4286803764178
0.16246541324085412,-0.017766270082341256,1.0,-41.0265076045285
0.160888265115798,-0.017766270082341256,1.0,-40.624648577346555
0.15931234736214336,-0.017766270082341256,1.0,-40.17810339074186
0.15756118976761513,-0.017766270082341256,1.0,-39.775455977252214
0.15598218030294989,-0.017766270082341256,1.0,-39.37312257917743
0.15440440227128407,-0.017766270082341256,1.0,-38.97111292209856
0.15282789381215123,-0.017766270082341256,1.0,-38.52515671742625
0.15107904595069116,-0.017766270082341256,1.0,-38.1223257575793
0.1494993166963894,-0.017766270082341256,1.0,-37.719818657400126
0.14792085748000047,-0.017766270082341256,1.0,-37.31764589631466
0.1463437093973124,-0.017766270082341256,1.0,-36.91581840151625
0.14476791530006372,-0.017766270082341256,1.0,-36.97763397583466
0.14501032931699864,-0.017766270082341256,1.0,-36.574811061336526
0.14343063161308442,-0.017766270082341256,1.0,-36.17232604090517
0.14185225898394185,-0.017766270082341256,1.0,-35.77019032046168
0.14027525615867326,-0.017766270082341256,1.0,-35.36841581453671
0.13869966986092827,-0.017766270082341256,1.0,-34.92178135032543
0.13694816215813896,-0.017766270082341256,1.0,-34.51910043237762
0.13536902130344167,-0.017766270082341256,1.0,-34.116781119511124
0.13379129850788676,-0.017766270082341256,1.0,-33.714836356834134
0.13221504453660443,-0.017766270082341256,1.0,-33.26887890640637
0.13046619178982893,-0.017766270082341256,1.0,-32.86598394409211
0.12888621154545926,-0.017766270082341256,1.0,-32.46346369155535
0.12730770075119743,-0.017766270082341256,1.0,-32.06133226190016
0.12573071475254965,-0.017766270082341256,1.0,-31.65960447128818
0.12415531165211051,-0.017766270082341256,1.0,-31.212993913878133
0.12240389770148288,-0.017766270082341256,0.0,-28.788569152610844
0.11289634961808175,-0.0242336442227067,0.0,-26.467068248141427
0.1037924245025154,-0.02990379950978913,2.0,-27.486910661762927
0.10779180651671735,-0.024343867196943925,1.0,-27.043154910349767
0.10605158788372457,-0.024003838414569982,1.0,-26.499400289904777
0.103919216823156,-0.024003838414569982,1.0,-25.956038662517877
0.10178838691183481,-0.024003838414569982,1.0,-25.41309523615183
0.09965919700451699,-0.024003838414569982,1.0,-24.870597399729125
0.09753175450874167,-0.024003838414569982,1.0,-24.292379446099538
0.09526423312195896,-0.024003838414569982,1.0,-23.74860810639323
0.09313179649565972,-0.024003838414569982,1.0,-23.205275562571924
0.09100108063753695,-0.024003838414569982,1.0,-22.66241337512044
0.0888722093141978,-0.024003838414569982,1.0,-22.120056173998798
0.08674531832940705,-0.024003838414569982,2.0,-23.561144248177452
0.0923966441104998,-0.017536464274204543,1.0,-23.271835107861595
0.09126209846220233,-0.0171964354918306,1.0,-22.882702941961885
0.08973608996847798,-0.0171964354918306,1.0,-123.06203003314606
