Lateral Error,Yaw Error,Action,Reward
-0.02690587564230071,-0.02876850015418156,0.0,-9.338737145590645
-0.0366224986101594,-0.035235874294547,0.0,-12.226885791687952
-0.04794857173210961,-0.040906029581629436,2.0,-11.296466885390597
-0.044299870138786654,-0.03534609726878423,2.0,-10.156445898656104
-0.03982919960257296,-0.029675941981701797,2.0,-9.08853740982036
-0.03564132317576612,-0.02286778047282235,2.0,-7.709932271772663
-0.03023502851675554,-0.01719762518573992,0.0,-9.641896067705266
-0.03781135712825595,-0.022757557498585126,0.0,-12.252646576801302
-0.04804959441882863,-0.028427712785667556,0.0,-14.874799399087102
-0.05833254666308667,-0.035235874294547,2.0,-13.851586177008075
-0.05431994579218853,-0.029925508317621034,0.0,-15.988626483028682
-0.06270049601187719,-0.035235874294547,2.0,-15.518729018491186
-0.06085776085682818,-0.029925508317621034,0.0,-17.65589428918361
-0.06923880113405337,-0.035235874294547,2.0,-16.67756563359265
-0.06540221817095157,-0.029925508317621034,2.0,-15.931716838593763
-0.062477320935661815,-0.024255353030538603,0.0,-18.054914172172314
-0.07080358498891104,-0.029815285343383808,2.0,-16.920445535784506
-0.06635468837562551,-0.024504919366457843,0.0,-18.973069584373008
-0.0744041944485216,-0.029815285343383808,2.0,-18.345550533207458
-0.07194333542434297,-0.024504919366457843,0.0,-20.361470337572406
-0.07984890328459768,-0.029815285343383808,2.0,-19.26190852924273
-0.07553689619310874,-0.024504919366457843,0.0,-21.78694487783697
-0.08543899952092929,-0.029815285343383808,2.0,-20.68750812198355
-0.08112748283130804,-0.024504919366457843,0.0,-22.70374641535933
-0.0890342996680758,-0.029815285343383808,2.0,-22.083678935376593
-0.08660266249167291,-0.024504919366457843,0.0,-24.129561101814723
-0.09462572981103813,-0.029815285343383808,2.0,-22.998749132014215
-0.09019117306672242,-0.024504919366457843,0.0,-25.04684827926366
-0.09822293442848494,-0.029815285343383808,1.0,-26.181146346276222
-0.10267116214225969,-0.03015531412575775,2.0,-24.69010987026279
-0.09682396027554036,-0.023687939985392308,2.0,-23.30508065797292
-0.09139247316852125,-0.018017784698309877,0.0,-25.788786135030197
-0.10113249464717725,-0.023577717011155082,2.0,-24.524493044267004
-0.09617448252653728,-0.018267351034229114,2.0,-23.025819876514014
-0.09029733284907457,-0.012597195747146645,2.0,-21.06028803749109
-0.08258936485290624,-0.005789034238267163,2.0,-19.812194629789843
-0.07769488090113665,-0.00011887895118469348,2.0,-17.58877336264623
-0.06897558181429894,0.006689282557694778,0.0,-18.89122525769891
-0.0740832363047016,0.0013789165807687955,0.0,-20.96188035044845
-0.08220345235469981,-0.004291238706313678,2.0,-19.22218037171274
-0.0753810994969127,0.0012686936065315615,2.0,-17.301240029932895
-0.0678480001173839,0.006938848893614011,0.0,-18.69147184716361
-0.07329988959672004,0.001378916580768791,2.0,-17.42221055662878
-0.0683223943397207,0.0066892825576947736,1.0,-17.013282402001366
-0.06671875451765241,0.007029311340068713,0.0,-18.67120244055711
-0.07322040172767494,0.000561937199703251,2.0,-17.41579742954325
-0.06829724482173824,0.00587230317662924,0.0,-18.737542697809424
-0.07348055959925263,0.000561937199703251,2.0,-16.969399936530053
-0.06654666641776491,0.00587230317662924,0.0,-18.30426526640725
-0.07178143241728333,0.000561937199703251,2.0,-17.033505904117586
-0.06679806236908856,0.00587230317662924,0.0,-18.368773806277307
-0.07203440708344042,0.000561937199703251,0.0,-19.942317575845326
-0.07820516696409932,-0.0051082180873792205,0.0,-22.507853765327116
-0.08826609319736126,-0.0119163795962587,0.0,-24.375890133178068
-0.09559172601246302,-0.017586534883341175,2.0,-22.91227198063426
-0.08985204698287944,-0.012026602570495933,2.0,-21.798257415663898
-0.08548336241436823,-0.0063564472834134675,0.0,-23.488260025338512
-0.09211082362877847,-0.0119163795962587,2.0,-21.98404524260294
-0.08621194212785466,-0.006606013619332706,0.0,-23.60378139574487
-0.0925638486107642,-0.0119163795962587,0.0,-25.989153966154777
-0.10191825084766579,-0.017586534883341175,0.0,-28.352108291454932
-0.11118473839786247,-0.02439469639222062,2.0,-27.103509231462514
-0.10628827149593142,-0.019084330415294653,2.0,-26.12946999381995
-0.10246850977968606,-0.013414175128212191,2.0,-24.176949498571716
-0.09481156666106555,-0.006606013619332708,2.0,-22.441373094387007
-0.08800538468387062,-0.0009358583322502401,2.0,-20.23973288378835
-0.07937150150505234,0.005872303176629238,2.0,-18.724875727174094
-0.07343088520460431,0.01154245846371167,2.0,-16.25478284836134
-0.06374424646416213,0.018350619972591114,2.0,-13.99594528685396
-0.0548860599484469,0.024020775259673544,0.0,-15.469129015961364
-0.06066325104298574,0.01846084294682834,0.0,-16.647063265200103
-0.0652826010400004,0.01279068765974591,0.0,-18.277880289407456
-0.07167796191924491,0.005982526150866466,0.0,-20.244987060837342
-0.07939210612093076,0.00031237086378400685,0.0,-22.171967797619168
-0.08694889332399675,-0.0064957906450954775,0.0,-23.915486582425935
-0.0937862218918664,-0.012165945932177945,2.0,-22.334429862451536
-0.08758599946059427,-0.006606013619332712,0.0,-24.45922876047793
-0.09591854415873699,-0.011916379596258705,2.0,-22.95858743214823
-0.09003367620450287,-0.006606013619332712,0.0,-24.573684025500988
-0.09636738833529798,-0.011916379596258705,2.0,-23.58118225479569
-0.09247522452861054,-0.006606013619332712,0.0,-25.198635060448805
-0.09881817670764237,-0.011916379596258705,2.0,-23.69394993329647
-0.09291745071880969,-0.006606013619332712,0.0,-25.314175844192317
-0.09927127782036202,-0.011916379596258705,2.0,-24.317321805002358
-0.0953620462941269,-0.006606013619332712,0.0,-25.940089173565724
-0.10172583989633617,-0.011916379596258705,2.0,-24.431280388243067
-0.09580894269899243,-0.006606013619332712,0.0,-26.5562443031979
-0.1041421345223447,-0.011916379596258705,2.0,-25.054404644514378
-0.09825256723338971,-0.006606013619332712,0.0,-26.67100151988396
-0.10459216282307435,-0.011916379596258705,2.0,-25.167053155580977
-0.09869432610031756,-0.006606013619332712,0.0,-27.296189229692118
-0.10704387933212596,-0.011916379596258705,2.0,-25.790273507809516
-0.10113832748160594,-0.006606013619332712,0.0,-27.411938489988632
-0.10749779799995543,-0.011916379596258705,2.0,-26.41403880513344
-0.10358446590248409,-0.006606013619332712,0.0,-28.028923774653325
-0.1099173481358954,-0.011916379596258705,2.0,-26.527642874849718
-0.1040299720582342,-0.006606013619332712,0.0,-28.653430668638794
-0.11236639477897566,-0.011916379596258705,2.0,-27.150181883276645
-0.10647130150304566,-0.006606013619332712,2.0,-25.411786531151613
-0.09965406482804554,-0.0009358583322502434,0.0,-26.973211067585137
-0.10577729830425545,-0.0064957906450954775,1.0,-27.586355270991195
-0.10818178537643605,-0.00683581942746942,0.0,-29.57903892731697
-0.11599623108751753,-0.06760061030382969,2.0,-29.632051014500032
-0.11620412162549032,-0.0622902443269037,2.0,-28.939462138157353
-0.11348808681630336,-0.05662008903982123,0.0,-32.06783238998766
-0.12575620545093197,-0.06218002135266647,2.0,-32.01188371850186
-0.12553679889608574,-0.05686965537574047,2.0,-31.21004603946798
-0.12239233740967834,-0.05119950008865799,2.0,-30.447692944487432
-0.11940271742936248,-0.04439133857977855,2.0,-29.41393022004824
-0.11534874596097348,-0.03872118329269611,2.0,-28.389822876821306
-0.11133263873263258,-0.031913021783816664,2.0,-27.060488076550723
-0.10611956108451263,-0.026242866496734234,2.0,-25.325000895046422
-0.09931372900018205,-0.019434704987854785,2.0,-24.240499632617336
-0.09506078287300916,-0.013764549700772134,2.0,-22.180722398735963
-0.0869832250930822,-0.006956388191892689,0.0,-24.10102406031885
-0.09451381984438764,-0.012266754168818656,2.0,-22.987306679924878
-0.09014630070558774,-0.006956388191892689,2.0,-21.13288530549266
-0.08287406002153985,-0.001286232904810038,2.0,-19.309267130877522
-0.07572261619951969,0.005521928604069406,2.0,-17.18921050709993
-0.06740866865529384,0.011192083891152059,1.0,-17.116670953222446
-0.06712419981655862,0.011418709567784355,2.0,-14.63960851251502
-0.05741022946084321,0.017886083708149807,2.0,-12.761575943338407
-0.050045395856229045,0.02355623899523245,0.0,-13.931757606533694
-0.05463434355503409,0.017996306682386932,1.0,-13.398288797546854
-0.052542309009987666,0.01765627790001298,1.0,-13.134014830795905
-0.05150594051292512,0.01765627790001298,1.0,-12.873069275415427
-0.05048262460947226,0.01765627790001298,1.0,-12.23897220144815
-0.047995969417443725,0.01765627790001298,1.0,-11.974695221511068
-0.04695958910396497,0.01765627790001298,1.0,-11.71407592895488
-0.04593755266256816,0.01765627790001298,0.0,-12.941478132204823
-0.050750894636097346,0.011188903759647529,1.0,-13.050159776329394
-0.05117709716207606,0.01084887497727358,1.0,-12.941557010536142
-0.050751203962886834,0.01084887497727358,0.0,-14.3207822216088
-0.05615993028081882,0.004381500836908129,1.0,-14.469346857468325
-0.056742536695954214,0.004041472054534178,1.0,-14.52067423335146
-0.0569438205229469,0.004041472054534178,1.0,-14.172114258987236
-0.05557691866269504,0.004041472054534178,1.0,-14.220836509615333
-0.05576798631221699,0.004041472054534178,1.0,-14.374597350493783
-0.0563709700019364,0.004041472054534178,1.0,-13.923160393555424
-0.054600628994335,0.004041472054534178,1.0,-14.473016900015258
-0.05675692901966768,-0.07367956224388762,1.0,-16.227501405960574
-0.06363726041553167,-0.07367956224388762,1.0,-17.877728714439996
-0.07010874005662744,-0.07367956224388762,2.0,-17.54518432869975
-0.06880464442627353,-0.06721218810352217,1.0,-18.943672238391198
-0.07428891073878902,-0.06687215932114822,2.0,-18.572248681182298
-0.07283234776934235,-0.06040478518078277,2.0,-17.814064710482025
-0.06985907729600793,-0.054734629893700135,2.0,-17.08387310626292
-0.0669955808088742,-0.047926468384820245,2.0,-16.072705165094543
-0.06303021633370409,-0.04225631309773759,2.0,-15.081644492520436
-0.05914370389223701,-0.03544815158885771,0.0,-17.484660919299433
-0.06856729772274288,-0.04075851756578402,2.0,-16.774068076784914
-0.06578065912464671,-0.03544815158885771,2.0,-15.980218259820036
-0.06266752258752956,-0.029777996301775057,2.0,-14.237062134073245
-0.05583161621205194,-0.02296983479289517,2.0,-13.179100746609354
-0.05168274802591903,-0.01729967950581252,2.0,-11.181691816449845
-0.04384977182921508,-0.010491517996932632,2.0,-9.861390990168529
-0.038672121530072656,-0.004821362709849981,2.0,-7.854850729592941
-0.030803336194482122,0.0019867987990299057,0.0,-9.615532921324519
-0.037707972240488316,-0.0033235671778964054,2.0,-8.049219657248091
-0.031565567283325845,0.0019867987990299057,1.0,-7.628675825146774
-0.02991637578488931,0.0023268275814038474,1.0,-7.546583478822851
-0.02959444501499157,0.0023268275814038474,1.0,-7.6915507647825105
-0.03016294417561769,0.0023268275814038474,1.0,-7.608510608750088
-0.029837296504902307,0.0023268275814038474,1.0,-7.531380023362411
-0.02953482362102906,0.0023268275814038474,2.0,-5.687699063456962
-0.022304702209635145,0.008794201721769687,0.0,-7.083098907047877
-0.027776858459011282,0.003483835744843375,1.0,-7.304964652894668
-0.028646920207430072,0.003143806962469434,1.0,-6.747728603404333
-0.02646168079766405,-0.003667856398000102,1.0,-7.330923003283832
-0.028748717659936595,-0.003667856398000102,1.0,-7.233133224096214
-0.028365228329789077,-0.003667856398000102,1.0,-7.357046990033333
-0.028851164666797387,-0.003667856398000102,1.0,-7.258235656000878
-0.02846366923921913,-0.003667856398000102,1.0,-7.383334854961387
-0.028954254333181904,-0.003667856398000102,1.0,-7.2835113971220755
-0.02856278979263559,-0.003667856398000102,1.0,-7.409784853885037
-0.029057979819157004,-0.003667856398000102,1.0,-7.771681907525635
-0.03047718395108092,-0.003667856398000102,1.0,-7.8918999007156385
-0.030948627061629957,-0.003667856398000102,1.0,-7.796284741105358
-0.03057366565139356,-0.003667856398000102,1.0,-7.917627466732582
-0.031049519477382676,-0.003667856398000102,0.0,-9.803957118157303
-0.03844689065944041,-0.010135230538365942,0.0,-12.06779813011045
-0.047324698549452746,-0.015805385825448593,1.0,-12.521815361796206
-0.04910515828155375,-0.016032011502080883,0.0,-14.69159728353329
-0.057614106994248196,-0.02249938564244672,2.0,-13.606397642514537
-0.053358422127507986,-0.01718901966552041,1.0,-13.71065437715847
-0.05376727206728812,-0.016848990883146467,1.0,-14.11744358918723
-0.055362523879165605,-0.016848990883146467,1.0,-14.321375613788486
-0.05616225730897445,-0.016848990883146467,0.0,-16.98441495633368
-0.06660554884836738,-0.02331636502351231,1.0,-17.63701057888424
-0.06916474736817349,-0.023656393805886248,2.0,-16.210362933859045
-0.06357005072101587,-0.01718901966552041,2.0,-14.885130414877558
-0.058373060450500225,-0.011518864378437759,2.0,-13.088317424862245
-0.05132673499945978,-0.004710702869557872,2.0,-11.493978454646193
-0.04507442531233802,0.0009594524175247797,0.0,-12.988150056114257
-0.05093392178868337,-0.004600479895320782,0.0,-14.655567677031335
-0.05747281441973072,-0.010270635182403435,2.0,-13.226981140197127
-0.05187051427528285,-0.004710702869557872,0.0,-15.237293704092512
-0.05975409295722554,-0.010021068846484182,2.0,-13.416920007649578
-0.05261537257901795,0.06940083799555273,0.0,-13.35932898139296
-0.05238952541722729,0.06409047201862642,0.0,-13.806737895124538
-0.05414407017695897,0.05842031673154376,0.0,-14.47159010775984
-0.05675133375592094,0.05161215522266388,0.0,-14.93933437960754
-0.058585625018068785,0.04594199993558123,0.0,-16.36131802260609
-0.06416203146120034,0.03913383842670134,1.0,-15.477174521710172
-0.060694802045922244,0.0387938096443274,0.0,-16.4770029459306
-0.06461569782717883,0.03232643550396156,1.0,-15.747568092975992
-0.061755168992062716,0.03198640672158762,0.0,-16.902452011702632
-0.06628412553608876,0.02551903258122178,0.0,-17.9619479532105
-0.07043901158121765,0.019848877294139127,0.0,-19.853815140871067
-0.07785809859165124,0.013040715785259241,0.0,-21.202212693558153
-0.08314593213160061,0.007370560498176589,2.0,-19.366456545043683
-0.07594688841193602,0.012930492811022116,0.0,-20.59204914401546
-0.08075313389809982,0.00762012683409584,0.0,-22.0626528303572
-0.08652020717787139,0.0019499715470131889,0.0,-24.400767813430022
-0.09568928554286284,-0.004858189961866256,2.0,-23.016846385686698
-0.09026214268896746,0.00045217601505971095,2.0,-21.286200078041155
-0.0834752944236908,0.006122331302142362,0.0,-22.62991116631487
-0.08874474967182303,0.0005623989892971536,0.0,-24.26455100388923
-0.0951551019760362,-0.005107756297785498,2.0,-22.69532464880938
-0.0890012731325858,0.00045217601505971095,0.0,-24.207304313634367
-0.09493060515150732,-0.004858189961866256,1.0,-24.330439389231337
-0.0954134878009072,-0.005198218744240206,1.0,-24.45712348413672
-0.09591028817308518,-0.005198218744240206,0.0,-26.865957176993643
-0.10535669481173977,-0.011665592884605657,2.0,-25.615071823932368
-0.10045126205463675,-0.00635522690767969,1.0,-25.05593355002571
-0.09825856294127729,0.017443774587351378,0.0,-26.48383074746978
-0.10385815979399915,0.010976400446985926,2.0,-24.6498221118373
-0.09666596906602862,0.016286766423911893,0.0,-26.336273460948544
-0.10327950376842565,0.010976400446985926,0.0,-27.67781219378411
-0.10854043997562395,0.005306245159903276,0.0,-29.509323467810507
-0.11572283712866867,-0.0015019163489761692,0.0,-31.15630845703009
-0.12218160179227486,-0.0071720716360588205,2.0,-29.696263291844986
-0.11645593447782347,-0.001612139323213612,2.0,-28.00573513462985
-0.1098264122926661,0.004058015963869039,2.0,-25.8445333622277
-0.10135111122442235,0.010866177472748484,0.0,-27.15301560092584
-0.10648241412127782,0.0055558114958225175,0.0,-29.129083339575995
-0.11423169937088626,-0.00011434379126013406,1.0,-29.140780282097698
-0.11427756973371646,-0.00034096946789243145,0.0,-31.003043554276907
-0.12158056295794865,-0.006808343608257882,2.0,-29.614034377395058
-0.1161334681466473,-0.0014979776313319153,0.0,-31.13103845123324
-0.12208250373032643,-0.006808343608257882,0.0,-32.90380319549357
-0.1290345223352689,-0.012478498895340365,0.0,-35.67233440444714
-0.13989150746842016,-0.01928666040421981,2.0,-34.47645694516548
-0.1352017919418254,-0.013976294427293843,0.0,-36.347377723212816
-0.14253873616946203,-0.01928666040421981,2.0,-35.15427229417794
-0.13785989134971743,-0.013976294427293843,1.0,-35.29944477859082
-0.13842919521016006,-0.013636265644919902,0.0,-37.48050703685172
-0.1469823805366734,-0.020103639785285343,2.0,-36.3547486550645
-0.14256764178456666,-0.014793273808359377,0.0,-38.19117042542363
-0.149769295785975,-0.020103639785285343,2.0,-37.01502280237991
-0.14515695216619573,-0.014793273808359377,0.0,-38.8557084510416
-0.15237532725898667,-0.020103639785285343,2.0,-37.730072105416625
-0.1479610670800652,-0.014793273808359377,0.0,-40.074253500004396
-0.1571539352941349,-0.020103639785285343,2.0,-38.89766422203401
-0.15253985969425102,-0.014793273808359377,2.0,-37.03683176250967
-0.1452424775000379,-0.009123118521276946,2.0,-34.14505851918053
-0.13390219027129618,0.09022881372119908,1.0,-32.007109712500785
-0.12551807730392464,0.09056884250357303,0.0,-31.81471960519706
-0.12476360629489043,0.08410146836320757,0.0,-31.093511645035864
-0.12193533978445437,0.07843131307612514,0.0,-31.31544419186695
-0.12280566349751745,0.07162315156724569,0.0,-31.397515814219453
-0.12312751299693903,0.06595299628016327,0.0,-31.962778907095576
-0.12534423100821795,0.05914483477128382,0.0,-32.33820668280253
-0.12681649679530405,0.053474679484201385,0.0,-33.194571544628865
-0.13017479037109358,0.04666651797532189,0.0,-33.364671243580666
-0.1308418480140418,0.04099636268823942,0.0,-34.53054714209583
-0.1354139103611601,0.03418820117935993,1.0,-33.852147896163736
-0.1327535211614264,0.033848172396985995,0.0,-35.08080010291382
-0.13757176510946595,0.027380798256620556,0.0,-36.22267757651153
-0.1420497159863197,0.02171064296953812,0.0,-37.850900819870326
-0.14843490517596206,0.014902481460658675,0.0,-39.291633677003574
-0.15408483794903363,0.009232326173576244,0.0,-41.28362271879008
-0.16189655968152972,0.002424164664696796,0.0,-43.03009951962567
-0.16874548831225755,-0.0032459906223858558,0.0,-44.84564510295356
-0.17586527491354337,-0.010054152131265301,2.0,-43.77626915913205
-0.17167164376130215,-0.004743786154339334,0.0,-43.56148217822865
-0.17082934187540647,0.07577134492892021,0.0,-43.51289135759098
-0.1706387896376117,0.07010118964183755,0.0,-44.050590880187734
-0.1727474152164225,0.0632930281329581,1.0,-42.55366615178992
-0.16687712216388204,0.06295299935058415,0.0,-43.05080334384416
-0.16882667977978102,0.05648562521021871,0.0,-43.58199931470687
-0.17090980123414462,0.05081546992313606,0.0,-43.98763752945736
-0.1725005393312053,0.04400730841425618,0.0,-44.84247514372843
-0.17585284370089577,0.03833715312717353,0.0,-46.0440779080253
-0.1805650114040208,0.03152899161829364,0.0,-46.573324092347015
-0.18264048663665497,0.02585883633121099,0.0,-48.24583111088072
-0.1891993376897283,0.019050674822331103,0.0,-49.56422263052857
-0.19436950051187674,0.01338051953524845,0.0,-51.55781628043447
-0.20218751482523323,0.006572358026368564,0.0,-52.70945308335125
-0.2067037375817696,0.0009022027392859126,0.0,-55.02614386131729
-0.2157887994561462,-0.005905958769593974,0.0,-57.1689395561741
-0.22419191982813375,-0.011576114056676625,0.0,-60.950565968757914
-0.23902182732846242,-0.0846758770557201,1.0,-62.90973133172777
-0.2467048287518736,-0.08501590583809406,2.0,-62.79467892630276
-0.2462536428482461,-0.07854853169772823,2.0,-62.33374737785866
-0.2444460681484653,-0.07287837641064557,2.0,-61.672018355039505
-0.24185105237270393,-0.06607021490176568,2.0,-61.43857991164827
-0.2409356074966599,-0.06040005961468303,2.0,-60.08651826930111
-0.2356334049776514,-0.05359189810580315,2.0,-59.6145006448283
-0.2337823554699149,-0.0479217428187205,1.0,-60.567814110832096
-0.23752083965032195,-0.047695117142088204,0.0,-63.93515774062253
-0.25072610878675505,-0.054162491282454046,2.0,-63.11917231930917
-0.2475261659580752,-0.04885212530552773,2.0,-62.380607402508446
-0.24462983295101354,-0.043181970018445086,2.0,-61.20006687998267
-0.24000026227444185,-0.036373808509565196,2.0,-59.911250566716475
-0.2349460806537901,-0.030703653222482544,2.0,-58.505146772687496
-0.22943194812818626,-0.023895491713602657,2.0,-57.4601576704139
-0.22533395164868195,-0.01822533642652001,2.0,-55.33654251429408
-0.21700604907566307,-0.011417174917640386,1.0,-55.79653680969566
-0.2188099482733163,-0.011077146135266435,0.0,-57.71416985157372
-0.2263300778493087,-0.017544520275632018,2.0,-56.67215151638926
-0.22224373143682064,-0.01223415429870592,0.0,-58.75247505157555
-0.23040186294735512,-0.017544520275632018,2.0,-57.08868639030482
-0.22387720153060714,-0.01223415429870592,1.0,-57.68576448807639
-0.22621868426696623,-0.08316025192739689,2.0,-57.16055227353752
-0.22415902852367653,-0.07669287778703143,2.0,-57.25410812238262
-0.22452591420542203,-0.07102272249994879,2.0,-56.39466866403587
-0.22115556338837594,-0.06421456099106934,2.0,-55.75319353547565
-0.21863997464892412,-0.05854440570398668,2.0,-54.65548302647626
-0.21433522755480888,-0.051736244195107244,2.0,-54.28102079178943
-0.21286674820309578,-0.046066088908024626,2.0,-52.94470941696392
-0.20762631143907417,-0.03925792739914518,2.0,-51.82501524331431
-0.20323535389535025,-0.03358777211206275,1.0,-52.85328462265536
-0.2072677828339426,-0.03336114643543046,1.0,-53.44034582077993
-0.20956998361090168,-0.03336114643543046,2.0,-51.93450828323445
-0.2036647383656253,-0.026893772295065014,1.0,-52.2686933231439
-0.20497526793389764,-0.026553743512691075,0.0,-55.264605541476804
-0.21672394329990902,-0.033021117653056514,2.0,-54.189502505079815
-0.2125078529610973,-0.02771075167613055,1.0,-54.509221399747595
-0.21376165254802978,-0.027370722893756607,1.0,-55.47114291541921
-0.21753389378595767,-0.027370722893756607,2.0,-53.8881753425067
-0.21132617781375176,-0.020903348753391164,2.0,-52.420036227149026
-0.20556876951823147,-0.015233193466308715,2.0,-50.49395517647427
-0.19801551049597754,-0.008425031957429227,1.0,-50.92441796626658
-0.19970359986771208,-0.008085003175055283,0.0,-52.94624260820927
-0.20763232395376185,-0.014552377315420762,0.0,-54.870637738963445
-0.21517897152534685,-0.02022253260250322,0.0,-57.84357027268204
-0.22683753048110603,-0.027030694111382664,2.0,-57.12309699740768
-0.22401214508787323,-0.059724241746099686,2.0,-56.686823377368654
-0.22230126814654377,-0.05405408645901724,2.0,-55.277907948842014
-0.21677610960330201,-0.047245924950137755,2.0,-54.60712575837037
-0.2141455912092956,-0.04157576966305528,2.0,-53.47719499626522
-0.20971449018143223,-0.034767608154175796,2.0,-52.052134881494474
-0.20412601914311562,-0.029097452867093365,2.0,-50.713643741236496
-0.19887703427935882,-0.022289291358213916,2.0,-49.5620816764745
-0.1943611046136255,-0.016619136071131486,2.0,-47.444316817999336
-0.18605614438431112,-0.009810974562252042,2.0,-46.04893276768026
-0.18058405006933437,-0.004140819275169563,2.0,-44.19483157703517
-0.17331306500798105,0.002667342233709882,2.0,-42.05397955197071
-0.16491756687047338,0.008337497520792533,2.0,-39.86362245852098
-0.1563279312098862,0.015145659029671977,1.0,-39.50841181116482
-0.15493494827907772,0.015485687812045928,1.0,-39.157476032369225
-0.15355872953870284,0.015485687812045928,1.0,-38.8068773724084
-0.15218383283297415,0.015485687812045928,0.0,-40.349100513153196
-0.15823176671824785,0.009018313671680479,1.0,-40.25271247066527
-0.15785377439476578,0.008678284889306527,1.0,-40.056313190928115
-0.15708358114089457,0.008678284889306527,1.0,-39.94612706879348
-0.1566514787011509,0.008678284889306527,1.0,-39.7489397553527
-0.1558781951190302,0.008678284889306527,1.0,-39.55211573940276
-0.155106336232952,0.008678284889306527,1.0,-39.35566047167215
-0.15433592341832217,0.008678284889306527,1.0,-39.159579501955186
-0.15356697843903994,0.008678284889306527,1.0,-39.04841677706416
-0.15313104618456536,0.008678284889306527,1.0,0.0
