Lateral Error,Yaw Error,Action,Reward
0.0018918493881759323,0.0020073178708682024,1.0,-0.5297474359939743
0.002077440925466566,0.0020073178708682024,1.0,-0.5811727967175647
0.0022791090067355475,0.0020073178708682024,1.0,-0.6357035594126158
0.002492955134951435,0.0020073178708682024,1.0,-0.692606622375401
0.0027161044014721606,0.0020073178708682024,1.0,-0.7513431794923513
0.002946443841146476,0.0020073178708682024,1.0,-0.7772533328665939
0.0030480522857513487,0.0020073178708682024,1.0,-0.8094609637779457
0.003174356720697826,0.0020073178708682024,1.0,-0.8459072540245808
0.003317283349116003,0.0020073178708682024,1.0,-0.886069317291577
0.0034747816364375573,0.0020073178708682024,1.0,-0.9294656044108386
0.003644963154552308,0.0020073178708682024,1.0,-0.9756646486488769
0.003826135877054419,0.0020073178708682024,1.0,-1.024287276874294
0.004016812850487428,0.0020073178708682024,1.0,-1.0750046821354158
0.0042157046358251606,0.0020073178708682024,1.0,-1.1275342255393697
0.004421702845252429,0.0020073178708682024,1.0,-1.1816342560265127
0.004633859827554952,0.0020073178708682024,1.0,-1.2143069514924598
0.00476198804506847,0.0020073178708682024,1.0,-1.251302971351107
0.004907070475886694,0.0020073178708682024,1.0,-1.29081547940997
0.005062021487882235,0.0020073178708682024,1.0,-1.3326206511080885
0.005225963337678779,0.0020073178708682024,1.0,-1.376509614836811
0.005398076920928671,0.0020073178708682024,1.0,-1.422289478910575
0.005577605799649313,0.0020073178708682024,1.0,-1.4697835643401127
0.005763857115059267,0.0020073178708682024,1.0,-1.518831067726769
0.005956200265595173,0.0020073178708682024,1.0,-1.5692863412018925
0.006154064083144676,0.0020073178708682024,1.0,-1.6210179367226984
0.006356933085187052,0.0020073178708682024,1.0,-1.6567005450439252
0.006496864882525197,0.0020073178708682024,1.0,-1.6958737850616215
0.006650485431614202,0.0020073178708682024,1.0,-1.736820893435103
0.006811062327196482,0.0020073178708682024,1.0,-1.7794194162673578
0.006978115357911208,0.0020073178708682024,1.0,-1.8235536252627491
0.007151190687304898,0.0020073178708682024,1.0,-1.8691147400659083
0.00732986172574866,0.0020073178708682024,1.0,-1.9160009710220596
0.007513729298125724,0.0020073178708682024,1.0,-1.9641174232938268
0.007702421267818928,0.0020073178708682024,1.0,-2.0133758978686496
0.007895591756347645,0.0020073178708682024,1.0,-2.063694619330454
0.008092920075805702,0.0020073178708682024,1.0,-2.101063710116892
0.008239465529870165,0.0020073178708682024,1.0,-2.141474575642157
0.008397939512322185,0.0020073178708682024,1.0,-2.183251182153907
0.008561769341780026,0.0020073178708682024,1.0,-2.226316647005587
0.00873065351766897,0.0020073178708682024,1.0,-2.270597635688687
0.008904304453681126,0.0020073178708682024,1.0,-2.3160244290073884
0.009082448741205446,0.0020073178708682024,1.0,-2.3625309332209863
0.009264827189101908,0.0020073178708682024,1.0,-2.4100546440270088
0.00945119468245886,0.0020073178708682024,1.0,-2.4585365740759997
0.009641319898337252,0.0020073178708682024,1.0,-2.5079211524778113
0.009834984911677693,0.0020073178708682024,1.0,-2.5463655327754675
0.009985747187354775,0.0020073178708682024,1.0,-2.587573287058686
0.010147346223759554,0.0020073178708682024,1.0,-2.629889983895823
0.010313294054493424,0.0020073178708682024,1.0,-2.673262961437678
0.010483384162500699,0.0020073178708682024,1.0,-2.7176416461146253
0.010657418220057353,0.0020073178708682024,1.0,-2.762977577632826
0.010835206186795395,0.0020073178708682024,1.0,-2.8092244115431577
0.011016566319777089,0.0020073178708682024,1.0,-2.8563379030537175
0.011201325110014577,0.0020073178708682024,1.0,-2.9042758754181266
0.011389317158502457,0.0020073178708682024,1.0,-2.9529981758804453
0.011580385003452726,0.0020073178708682024,1.0,-2.9921869650072064
0.011734066529440024,0.0020073178708682024,1.0,-3.033950290989131
0.011897844278388749,0.0020073178708682024,1.0,-3.0766464900813872
0.012065280353260342,0.0020073178708682024,1.0,-3.120237267223489
0.012236224577347018,0.0020073178708682024,1.0,-3.164685656540563
0.01241053198643358,0.0020073178708682024,1.0,-3.2099560320602425
0.012588062870824479,0.0020073178708682024,1.0,-3.2560141082171876
0.012768682777322304,0.0020073178708682024,1.0,-3.3028269316090273
0.012952262476898147,0.0020073178708682024,1.0,-3.3503628653501893
0.013138677903334076,0.0020073178708682024,1.0,-3.398591567249028
0.013327810067643248,0.0013986955032209043,1.0,-3.4383258913498262
0.013483630946469908,0.0013986955032209043,1.0,-3.4804985152994647
0.013649013785488098,0.0013986955032209043,1.0,-3.523475928253249
0.013817552659816662,0.0013986955032209043,1.0,-3.567229042416743
0.013989133499673503,0.0013986955032209043,1.0,-3.611729666966501
0.014163645752809808,0.0013986955032209043,1.0,-3.6569505131370743
0.014340982404459116,0.0013986955032209043,1.0,-3.7028651941333566
0.014521039976993555,0.0013986955032209043,1.0,-3.749448220527673
0.014703718511873229,0.0013986955032209043,1.0,-3.7966749917546374
0.014888921536292695,0.0013986955032209043,1.0,-3.8445217842685118
0.015076556016739262,0.0013986955032209043,1.0,-3.884672924611566
0.015234011469064964,0.0013986955032209043,1.0,-3.9271595532046772
0.015400625698841871,0.0013986955032209043,1.0,-3.97035367486908
0.015570014411251295,0.0013986955032209043,1.0,-4.0142324512749825
0.01574208804421562,0.0013986955032209043,1.0,-4.058773677392593
0.01591675951918664,0.0013986955032209043,1.0,-4.103955784097085
0.01609394425136112,0.0013986955032209043,1.0,-4.149757837929335
0.01627356014874249,0.0013986955032209043,1.0,-4.196159538338723
0.016455527601328325,0.0013986955032209043,1.0,-3.7339022121770364
0.01464275377324328,0.0013986955032209043,1.0,-3.781818037617281
0.01483065897104816,0.0013986955032209043,1.0,-3.821722265692864
0.014987146139972016,0.0013986955032209043,1.0,-3.8641913363672793
0.015153691515165801,0.0013986955032209043,1.0,-3.9073796864551547
0.015323057593941782,0.0013986955032209043,1.0,-3.9512637302883142
0.015495151883483585,0.0013986955032209043,1.0,-3.99582054659172
0.015669884496438115,0.0013986955032209043,1.0,-4.041027881237676
0.015847168161716378,0.0013986955032209043,1.0,-4.086864146924762
0.016026918223234363,0.0013986955032209043,1.0,-4.13330842014009
0.016209052628000355,0.0013986955032209043,1.0,-4.1803404357403675
0.016393491904864187,0.0013986955032209043,1.0,-4.227940579463489
0.016580159135150936,0.0013986955032209043,1.0,-4.268204615205765
0.01673805731453241,0.0013986955032209043,1.0,-4.310927706476691
0.0169055988489282,0.0013986955032209043,1.0,-4.354291270204151
0.01707565204001628,0.0013986955032209043,1.0,-4.39827636275699
0.017248142599047018,0.0013986955032209043,1.0,-4.442864524459496
0.01742299813513528,0.0013986955032209043,1.0,-4.488037781070661
0.017600148161061417,0.0013986955032209043,1.0,-4.533778643475849
0.017779524092062154,0.0013986955032209043,1.0,-4.070461100101267
0.015962592549416732,-0.019303401845100356,1.0,-3.608377688678351
0.014150500739915103,-0.019303401845100356,1.0,-3.148071904861771
0.01234538001906577,-0.019303401845100356,1.0,-2.6776376376433704
0.010500539755464198,-0.019303401845100356,1.0,-2.209979436870705
0.00866658602694394,-0.019303401845100356,1.0,-1.7425573452751966
0.006833558216765477,-0.019303401845100356,1.0,-1.7855006216346923
0.007001963222096832,-0.019303401845100356,1.0,-1.3199886806567251
0.005176426198653824,-0.019303401845100356,1.0,-0.8572974755474827
0.003361950884499932,-0.019303401845100356,1.0,-0.40715967802876374
0.001596704619720642,-0.019303401845100356,1.0,-0.18662862202535604
-0.0007318769491190434,-0.019303401845100356,1.0,-0.5849039912839332
-0.0022937411422899344,-0.019303401845100356,1.0,-1.0341859405782572
-0.004055631139522577,-0.019303401845100356,1.0,-1.4836177455769288
-0.005818108806184034,-0.019303401845100356,1.0,-1.94188925214731
-0.007615251969205138,-0.019303401845100356,1.0,-2.4039503567114306
-0.00942725630082914,-0.019303401845100356,1.0,-2.867970007648966
-0.011246941206466535,-0.019303401845100356,1.0,-3.333130331884469
-0.013071099340723407,-0.019303401845100356,1.0,-3.7990123520720234
-0.014898087655184406,-0.019303401845100356,1.0,-4.265379595109515
-0.01672697880435104,-0.019303401845100356,1.0,-4.222465675548224
-0.016558688923718527,-0.019303401845100356,1.0,-4.68956770687711
-0.018390461595596506,-0.019303401845100356,1.0,-5.15495701824407
-0.020215517718604196,-0.019303401845100356,1.0,-5.617891897766193
-0.022030948618690954,-0.019303401845100356,1.0,-6.08161722630943
-0.023849479318860507,-0.019303401845100356,1.0,-6.5459650164825485
-0.025670451045029602,-0.019303401845100356,1.0,-7.010811586684983
-0.027493378771313658,-0.019303401845100356,1.0,-7.476063898087865
-0.029317897639560258,-0.019303401845100356,1.0,-7.941650641390762
-0.03114372800545397,-0.019303401845100356,1.0,-8.407516256827883
-0.03297065198756032,-0.019303401845100356,2.0,-6.895767109460975
-0.02704222395867049,-0.012836027704734873,1.0,-7.106834873837376
-0.0278699406817152,-0.012495998922360927,2.0,-5.4363645178309135
-0.021319076540513387,-0.006028624781995479,2.0,-3.892419623057268
-0.01526439067865595,-0.0003584694949130461,1.0,-3.34971482204632
-0.013136136557044393,-0.00013184381828075314,1.0,-3.3814465045680016
-0.013260574527717653,-0.00013184381828075314,1.0,-3.4146240667270087
-0.01339068261461572,-0.00013184381828075314,1.0,-3.958641571668991
-0.015524084594780357,-0.023385989426574407,2.0,-2.017875908303727
-0.007913238856093048,-0.016918615286208964,2.0,-0.7191216099362912
-0.0028200847448482,-0.011248459999126534,1.0,-0.9035208869796127
-0.0035432191646259325,-0.01102183432249424,1.0,-1.1715912538923474
-0.0045944755054601865,-0.01102183432249424,1.0,-1.4476734765477384
-0.005677150888422504,-0.01102183432249424,1.0,-1.7547131842791124
-0.0068812281736435775,-0.01102183432249424,1.0,-2.010903539362245
-0.007885896232793118,-0.01102183432249424,1.0,-2.2749294682847596
-0.008921292032489253,-0.01102183432249424,2.0,-0.597098495234381
-0.0023415627264093374,-0.004554460182128799,1.0,-0.6404096891370344
-0.0025114105456354287,-0.004214431399754848,1.0,-0.7323695236525225
-0.002872037347656951,-0.004214431399754848,1.0,-0.8464754113531999
-0.0033195114170713725,-0.004214431399754848,1.0,-0.9749826041997646
-0.003823461192940253,-0.004214431399754848,1.0,-1.1357696413264746
-0.004453998593437156,-0.004214431399754848,1.0,-1.2336264092304305
-0.004837750624433061,-0.004214431399754848,1.0,-1.3444740646657396
-0.005272447312414665,-0.004214431399754848,1.0,-0.955428185279932
-0.0037467771971762044,-0.004214431399754848,1.0,-1.1452702919156295
-0.004491256046727959,-0.004214431399754848,1.0,-1.2340504863314252
-0.004839413671887942,-0.004214431399754848,1.0,-1.3371731816414774
-0.005243816398594029,-0.004214431399754848,1.0,-1.4515848532565088
-0.005692489620613759,-0.004214431399754848,1.0,-1.6405989160826595
-0.006433721239539841,-0.004214431399754848,1.0,-1.7344803991050302
-0.006801883918058941,-0.004214431399754848,1.0,-1.8382585944103824
-0.0072088572329818915,-0.004214431399754848,1.0,-1.950354331546939
-0.0076484483590076036,-0.004214431399754848,1.0,-2.0694164227772873
-0.008115358520695243,-0.004214431399754848,1.0,-2.2352833758491895
-0.0087658171601929,-0.004214431399754848,1.0,-2.3394198138747146
-0.009174195348528293,-0.004214431399754848,1.0,-2.4501414886425685
-0.00960839799467674,-0.004214431399754848,1.0,-2.5665962901870283
-0.010065083490929522,-0.004214431399754848,1.0,-2.7362545841385915
-0.010730410133876829,-0.004214431399754848,1.0,-2.8406167172955694
-0.011139673401159095,-0.004214431399754848,1.0,-2.9504292015832077
-0.011570310594443951,-0.004214431399754848,1.0,-2.5562550079047206
-0.01002452944276361,-0.004214431399754848,1.0,-2.7374315922970993
-0.010735025852145487,-0.004214431399754848,1.0,-2.838119276870536
-0.011129879517139358,-0.004214431399754848,1.0,-2.944524628967805
-0.011547155407716881,-0.004214431399754848,1.0,-3.0560504748887913
-0.011984511666230555,-0.01352010127630108,2.0,-1.758598423508415
-0.006896464405915353,-0.00705272713593563,1.0,-1.6082392512483503
-0.006306820593130785,-0.0067126983535616795,1.0,-1.5674006615478222
-0.006146669260971851,-0.0067126983535616795,1.0,-2.1062932420510374
-0.008259973498239363,-0.0067126983535616795,1.0,-2.053684622522142
-0.008053665186361341,-0.0067126983535616795,1.0,-2.5153776645932537
-0.009864226135659817,-0.0067126983535616795,1.0,-2.4799878836274223
-0.009725442680891852,-0.0067126983535616795,1.0,-2.500148087966703
-0.009804502305751778,-0.0067126983535616795,1.0,-2.9571926924488805
-0.011596834088034826,-0.0067126983535616795,1.0,-2.9177971116331625
-0.011442341614247696,-0.0067126983535616795,1.0,-2.9471669936050127
-0.011557517621980441,-0.0067126983535616795,1.0,-3.400703653431599
-0.01333609275855529,-0.0067126983535616795,1.0,-3.358373558707004
-0.013170092387086291,-0.0067126983535616795,1.0,-3.394521911562448
-0.013311850633578226,-0.0067126983535616795,1.0,-3.8453237770186073
-0.01507970108634748,-0.0067126983535616795,1.0,-3.8007550339954204
-0.014904921701942825,-0.0067126983535616795,1.0,-3.7602474653999325
-0.014746068491764441,-0.0067126983535616795,1.0,-4.290708269644752
-0.016826306939783344,-0.0067126983535616795,1.0,-4.244377173451047
-0.016644616366474695,-0.0067126983535616795,1.0,-4.201642062348356
-0.016477027695483752,-0.0067126983535616795,1.0,-4.736641516279514
-0.018575064769723586,-0.0067126983535616795,1.0,-4.688887847457505
-0.01838779548022551,-0.0067126983535616795,1.0,-4.644358290721657
-0.018213169767535908,-0.0067126983535616795,1.0,-5.182981877813098
-0.020325419128678815,-0.0067126983535616795,1.0,-5.134056271118239
-0.020133554004385254,-0.0067126983535616795,1.0,-5.088051172948888
-0.01995314185470152,-0.0067126983535616795,1.0,-5.55177485900046
-0.021771666113727293,-0.0067126983535616795,1.0,-5.5797250144997355
-0.02188127456666563,-0.0067126983535616795,1.0,-5.532485737708656
-0.02169602250081826,-0.0067126983535616795,1.0,-5.993920392880733
-0.02350557016815974,-0.0067126983535616795,1.0,-6.0257830672296215
-0.023630521832273023,-0.0067126983535616795,1.0,-5.977496552136558
-0.02344116294955513,-0.0067126983535616795,1.0,-6.436916354964147
-0.02524280923515352,-0.0067126983535616795,1.0,-6.395026303184992
-0.02507853452229409,-0.0067126983535616795,2.0,-4.440173583965247
-0.0174124454273147,-0.0002453242131962291,1.0,-4.646486269448383
-0.018221514782150523,9.470456917772129e-05,1.0,-4.534370355851451
-0.017781844532750786,9.470456917772129e-05,1.0,-4.331260472962719
-0.016985335188089097,0.003896024148126996,1.0,-4.131311571754159
-0.016201221850016313,0.003896024148126996,1.0,-4.441237827002363
-0.017416618929421028,0.003896024148126996,1.0,-4.3234104154960304
-0.01695455064900404,0.003896024148126996,1.0,-4.121933369800021
-0.016164444587451064,0.003896024148126996,1.0,-3.923952987353238
-0.015388050930797013,0.003896024148126996,1.0,-3.730026091930384
-0.014627553301687779,0.003896024148126996,1.0,-3.6133920834207696
-0.014170165033022625,0.003896024148126996,1.0,-3.9136482458611557
-0.015347640179847669,0.003896024148126996,1.0,-3.7179119486407695
-0.014580046857414783,0.003896024148126996,1.0,-3.6069451781100463
-0.014144883051411946,0.003896024148126996,1.0,-3.4026200487290397
-0.013343608034231527,0.003896024148126996,1.0,-3.202219251046087
-0.012557722553121908,0.003896024148126996,1.0,-3.513420261735274
-0.013778118673471663,0.003896024148126996,1.0,-3.3952776776853946
-0.013314814422295665,0.003896024148126996,1.0,-3.192935093348554
-0.012521314091562957,0.003896024148126996,1.0,-2.995058224763019
-0.011745326371619683,0.003896024148126996,1.0,-2.8025931361402288
-0.010990561318196975,0.003896024148126996,1.0,-2.685989645732172
-0.010533292728361458,0.003896024148126996,1.0,-2.984566348985976
-0.011704181760729317,0.003896024148126996,1.0,-2.7896827551730623
-0.010939932373227695,0.003896024148126996,1.0,-2.680675012520048
-0.010512451029490385,0.003896024148126996,1.0,-2.4743191221763454
-0.009703212243828804,0.003896024148126996,1.0,-2.2731271349446196
-0.00891422405860635,0.003896024148126996,1.0,-2.586518209125638
-0.010143208663237795,0.003896024148126996,1.0,-2.4678673804214863
-0.009677911295770534,0.003896024148126996,1.0,-2.2640142063585196
-0.0088784870837589,0.003896024148126996,1.0,-2.066341332760355
-0.008103299344158254,0.003896024148126996,1.0,-1.8768025836486935
-0.00736001013195566,0.003896024148126996,1.0,-1.7603705338434243
-0.0069034138582095075,0.003896024148126996,1.0,-2.0554941015868318
-0.008060761182693457,0.003896024148126996,1.0,-1.8623148235906342
-0.0073031953866299374,0.003896024148126996,1.0,-1.7573871339571128
-0.006891714250812207,0.003896024148126996,1.0,-1.5469689886074653
-0.006066545053362609,0.003896024148126996,1.0,-1.3440356477653006
-0.005270728030452159,0.003896024148126996,1.0,-1.152547548195054
-0.00451979430664727,0.003896024148126996,1.0,-1.542483165904763
-0.006048953591783385,0.003896024148126996,1.0,-1.3353322260175717
-0.005236596964774791,0.018607587637884997,1.0,-0.6327335490800002
-0.0024813080356078437,0.018607587637884997,1.0,-0.44839636528121235
-0.0017584171187498524,0.018607587637884997,1.0,-0.30755002636646306
0.0012060785347704436,0.018607587637884997,1.0,-0.5405037414381301
0.0021196225154436472,0.018607587637884997,1.0,-1.1017723868884386
0.004320676027013485,0.018607587637884997,1.0,-1.285543420177237
0.0050413467457930865,0.018607587637884997,1.0,-1.9857085276742443
0.007787092265389194,0.018607587637884997,1.0,-2.1860026461680997
0.008572559396737645,0.018607587637884997,1.0,-2.888825396039257
0.011328727043291204,0.018607587637884997,1.0,-3.0947909623271252
0.012136435146380884,0.018607587637884997,1.0,-3.202621196068069
0.012559298808110075,0.018607587637884997,1.0,-3.9028607728827622
0.015305336364246127,0.018607587637884997,1.0,-4.100551014035031
0.01608059221190208,0.018607587637884997,1.0,-4.802743636062269
0.018834288768871645,0.018607587637884997,1.0,-5.004537197329827
0.019625636067960105,0.018607587637884997,1.0,-5.707320606249563
0.022381649436272792,0.018607587637884997,1.0,-5.820094206063189
0.022823898847306623,0.018607587637884997,1.0,-6.520905852401178
0.025572179813337953,0.018607587637884997,1.0,-6.718576575286346
0.026347359118769988,0.018607587637884997,1.0,-7.420530701671218
0.029100120398710662,0.018607587637884997,1.0,-7.620904387018387
0.029885899556934846,0.018607587637884997,1.0,-7.82308805493987
0.030678776686038706,0.018607587637884997,1.0,-8.438033017559365
0.03309032555905633,0.018607587637884997,1.0,-8.635049881821727
0.03386294071302638,0.018607587637884997,1.0,-9.33671325324358
0.03661456177742581,0.018607587637884997,1.0,-9.535971337464598
0.037395966029272934,0.018607587637884997,1.0,-10.238220811680218
0.040149885536000865,0.018607587637884997,1.0,-10.439279193694292
0.0409383497791933,0.018607587637884997,1.0,-11.056106748734807
0.043357281367587486,0.018607587637884997,1.0,-11.25326811870476
0.04413046321060691,0.018607587637884997,1.0,-11.954888044002285
0.046881913898048175,0.018607587637884997,1.0,-12.153795488496195
0.04766194309214194,0.018607587637884997,1.0,-12.353896416329059
0.048446652613055134,0.018607587637884997,1.0,-13.056285231584031
0.051201118555231497,0.018607587637884997,1.0,-13.170032757321948
0.05164718728361548,0.018607587637884997,1.0,-13.871488414636335
0.05439799378288759,0.018607587637884997,1.0,-14.069833498054368
0.055175817639428894,0.018607587637884997,1.0,-15.274789944635227
0.0599011370377852,0.046039620339481585,1.0,-15.97660154286924
0.06265333938380094,0.046039620339481585,1.0,-17.181576033484536
0.06737872954307662,0.046039620339481585,1.0,-18.38665834793957
0.0721045425409395,0.046039620339481585,1.0,-19.088362779915627
0.0748563246271201,0.046039620339481585,1.0,-20.29344743438521
0.07958214680151063,0.046039620339481585,1.0,-21.498611955223772
0.08430828217734813,0.046039620339481585,1.0,-22.200236571307837
0.08705975126003074,0.046039620339481585,1.0,-23.405396300772406
0.0917858678461663,0.046039620339481585,1.0,-24.6955152427575
0.09684515781473531,0.046039620339481585,1.0,-25.39779809029919
0.09959920819725172,0.046039620339481585,1.0,-26.602059403965974
0.1043218015841803,0.046039620339481585,1.0,-27.80645380668502
0.10904491688896087,0.046039620339481585,1.0,-28.508636365855462
0.1117985739837469,0.046039620339481585,1.0,-29.713085015810716
0.11652190202278712,0.046039620339481585,0.0,-28.851818774041277
0.11314438734918149,0.03957224619911614,1.0,-29.301324092272015
0.11490715330302752,0.03923221741674218,1.0,-30.35500486112757
0.11903923474951987,0.03923221741674218,1.0,-30.904892992613412
0.1211956587945624,0.03923221741674218,1.0,-31.958564572755662
0.12532770420688494,0.03923221741674218,1.0,-33.012275136151985
0.12945990249471367,0.03923221741674218,1.0,-33.56212659562664
0.13161618272794762,0.03923221741674218,1.0,-34.61582750480283
0.13574834315608952,0.03923221741674218,1.0,-35.66956276030808
0.13988063827571795,0.03923221741674218,1.0,-36.21938266532854
0.14203679476599426,0.03923221741674218,1.0,-37.27310808658413
0.1461690513199378,0.03923221741674218,1.0,-38.32686412503328
0.15030142794130702,0.03923221741674218,1.0,-38.87665659486134
0.15245747684259348,0.03923221741674218,1.0,-39.93040279444655
0.15658981488018256,0.03923221741674218,1.0,-40.98417655762541
0.16072226101029574,0.03923221741674218,1.0,-41.53394495629682
0.1628782155148895,0.03923221741674218,1.0,-42.587708984165275
0.16701062346731482,0.03923221741674218,1.0,-43.64149803633127
0.1711431295542403,0.03923221741674218,1.0,-44.19124514619672
0.17329900057332048,0.03923221741674218,1.0,-45.24502463270183
0.1774314691478503,0.03923221741674218,1.0,-46.29882700354553
0.18156402746488445,0.03923221741674218,1.0,-46.848555151791565
0.1837198241246728,0.03923221741674218,1.0,-47.90234816591238
0.187852345748676,0.04715783684724676,1.0,-48.95616223984492
0.19198494996017618,0.04715783684724676,1.0,-50.00999604226785
0.19611763153830528,0.04715783684724676,1.0,-51.06384835173679
0.20025038569308543,0.04715783684724676,1.0,-52.11771804558019
0.2043832080218831,0.04715783684724676,1.0,-53.17160409011483
0.20851609447103855,0.04715783684724676,1.0,-54.225505532001584
0.212649041301967,0.04715783684724676,1.0,-55.279421490589534
0.21678204506113544,0.04715783684724676,1.0,-56.33335115111888
0.22091510255340738,0.04715783684724676,1.0,-57.38729375867252
0.2250482108183236,0.04715783684724676,1.0,-58.44124861278192
0.2291813671089487,0.04715783684724676,1.0,-59.4952150626056
0.23331456887296315,0.04715783684724676,1.0,-60.54919250261146
0.2374478137357312,0.04715783684724676,1.0,-61.60318036870177
0.241581099485105,0.04715783684724676,1.0,-62.65717813472936
0.24571442405776217,0.04715783684724676,1.0,-63.711185309359195
0.2498477855268988,0.04715783684724676,1.0,-64.76520143323654
0.2539811820911237,0.04715783684724676,1.0,-65.89447544628239
0.25840970763247995,0.04715783684724676,0.0,-64.75172366361409
0.25392832809260424,0.040690462706881314,1.0,-65.5540134515468
0.25707456255508554,0.040350433924507365,1.0,-66.45667873962896
0.2606144264299175,0.040350433924507365,1.0,-67.35934493802198
0.26415429387459594,0.040350433924507365,1.0,-68.26201201061319
0.26769416474750274,0.040350433924507365,1.0,-69.1646799231752
0.27123403891441256,0.040350433924507365,0.0,-67.90569449203335
0.2662968411452288,0.03388305978414191,1.0,-68.55633929432221
0.2688483893894989,0.03354303100176797,0.0,-67.17873516944489
0.26344602027233294,0.02707565686140253,1.0,-67.6773721856242
0.26540145955146743,0.026735628079028587,1.0,-68.27639393050113
0.2677505644333378,0.026735628079028587,0.0,-66.7790330588201
0.2618785610149808,0.020268253938663144,1.0,-67.12540011910716
0.2632368632121849,0.0199282251562892,1.0,-67.57216222933766
0.26498887148759864,0.0199282251562892,1.0,-68.01894389305579
0.26674095644335605,0.0199282251562892,0.0,-66.40029499565773
0.26039331370846164,0.013460851015923763,1.0,-66.5942299465165
0.2611538429275157,0.013120822233549824,1.0,-66.88856911021574
0.2623081141577088,0.013120822233549824,1.0,-67.18293736738431
0.2634624994799385,0.013120822233549824,0.0,-65.44245132492726
0.2566370640193226,0.006653448093184357,1.0,-65.48383635542959
0.2567993582565866,0.006313419310810413,1.0,-65.61535238642406
0.25731510739774144,0.006313419310810413,1.0,-65.75680078983842
0.2578698070189742,0.006313419310810413,1.0,-65.89828719991876
0.25842465568595585,0.006313419310810413,1.0,-66.03981137238394
0.25897965244072135,0.006313419310810413,1.0,-66.18137306497742
0.2595347963332448,0.006313419310810413,1.0,-66.32297203744702
0.2600900864213609,0.006313419310810413,1.0,-66.46460805152495
0.26064552177068606,0.006313419310810413,1.0,-66.60628087090798
0.2612011014545411,0.006313419310810413,1.0,-66.747990261238
0.2617568245538745,0.006313419310810413,1.0,-66.88973599008264
0.26231269015718683,0.006313419310810413,1.0,-67.02134738831614
0.2628288132875143,0.006313419310810413,1.0,-67.16278872501393
0.2633834851961331,0.006313419310810413,1.0,-67.30426730412387
0.2639383031534269,0.006313419310810413,1.0,-67.44578289127979
0.2644932662403129,0.006313419310810413,1.0,-67.58733525401736
0.2650483735451661,0.006313419310810413,1.0,-67.72892416175542
0.26560362416374667,0.006313419310810413,1.0,-67.87054938577768
0.26615901719912816,0.006313419310810413,1.0,-68.01221069921455
0.2667145517616257,0.006313419310810413,1.0,-68.153907877025
0.26727022696872554,0.006313419310810413,1.0,-68.29564069597902
0.2678260419450157,0.006313419310810413,1.0,-68.43740893463976
0.2683819958221167,0.006313419310810413,1.0,-68.56877809017931
0.26889716898109534,0.006313419310810413,1.0,-68.71024915585717
0.2694519574739497,0.006313419310810413,1.0,-68.851756504742
0.2700068882538902,0.006313419310810413,1.0,-68.99329991357992
0.2705619604454114,0.006313419310810413,0.0,-67.13891461994484
0.2632898612546857,-0.00015395482955506384,1.0,-67.0274187360826
0.2628526224944416,-0.000493983611929007,1.0,-67.01633707816518
0.26280916501241247,-0.000493983611929007,1.0,-67.0052942246262
0.26276585970441646,-0.000493983611929007,1.0,-66.99429019465437
0.2627227066457034,-0.000493983611929007,1.0,-66.9833250073835
0.26267970591130785,-0.000493983611929007,1.0,-66.97239868189243
0.2626368575760487,-0.000493983611929007,2.0,-68.95483262448161
0.27041110833130044,0.005973390528436469,0.0,-67.4605525440733
0.26455118644734626,0.0006630245515104737,1.0,-67.367576663895
0.26418657515252936,0.0003229957691365306,1.0,-67.3743149799263
0.2642129999212796,0.0003229957691365306,1.0,-67.38140445425971
0.2642408017814106,0.0003229957691365306,1.0,-67.38853255321749
0.2642687551106568,0.0003229957691365306,1.0,-67.39569926454425
0.26429685986095786,0.0003229957691365306,1.0,-67.40290457592347
0.2643251159840136,0.0003229957691365306,1.0,-67.41014847497753
0.26435352343128443,0.0003229957691365306,1.0,-67.41743094926788
0.26438208215399167,0.0003229957691365306,1.0,-67.42475198629509
0.264410792103118,0.0003229957691365306,1.0,-67.43211157349904
0.264439653229408,0.0003229957691365306,0.0,-65.46725514016633
0.2567343338830052,-0.006144378371228946,1.0,-65.22155500179207
0.2557708039285963,-0.00648440715360289,1.0,-65.07626758487959
0.25520104935246896,-0.00648440715360289,1.0,-64.9412414762827
0.25467153520110863,-0.00648440715360289,1.0,-64.79564114467182
0.2541005535085169,-0.00648440715360289,1.0,-64.65007802657243
0.2535297177512644,-0.00648440715360289,1.0,-64.50455237391633
0.2529590289173189,-0.00648440715360289,1.0,-64.35906444084871
0.2523884880033283,-0.00648440715360289,1.0,-64.2136144837519
0.25181809601471333,-0.00648440715360289,1.0,-64.06820276126916
0.25124785396576144,-0.00648440715360289,1.0,-63.922829534328955
0.2506777628797214,-0.00648440715360289,1.0,-63.7774950661693
0.25010782378889923,-0.00648440715360289,1.0,-63.632199622362684
0.24953803773475564,-0.00648440715360289,1.0,-63.4972806767338
0.24900894383032862,-0.00648440715360289,1.0,-63.351665377841805
0.24843790344251687,-0.00648440715360289,1.0,-63.206088073671815
0.24786701205361497,-0.00648440715360289,1.0,-63.060549027359954
0.24729627069552923,-0.00648440715360289,1.0,-62.91504850440769
0.24672568040944193,-0.00648440715360289,1.0,-62.769586772707605
0.24615524224591218,-0.00648440715360289,1.0,-62.624164102569516
0.2455849572649785,-0.00648440715360289,1.0,-62.47878076674701
0.24501482653626278,-0.00648440715360289,1.0,-62.33343704046416
0.24444485113907516,-0.00648440715360289,1.0,-62.18813320144266
0.2438750321625202,-0.00648440715360289,1.0,-62.042869529929305
0.24330537070560512,-0.00648440715360289,1.0,-61.90769546059513
0.24277527631605933,-0.00648440715360289,1.0,-61.762103320810006
0.24220432674827452,-0.00648440715360289,1.0,-61.61655026535989
0.24163353045239172,-0.00648440715360289,1.0,-61.47103657188015
0.24106288851717705,-0.00648440715360289,1.0,-61.32556252056579
0.24049240204143446,-0.00648440715360289,1.0,-61.18012839420013
0.23992207213411815,-0.00648440715360289,1.0,-61.03473447818376
0.2393518999144461,-0.00648440715360289,1.0,-60.88938106056397
0.23878188651201557,-0.00648440715360289,1.0,-60.74406843206447
0.23821203306691952,-0.00648440715360289,1.0,-60.59879688611557
0.23764234072986498,-0.00648440715360289,1.0,-60.463731812023795
0.23711267377264234,-0.00648440715360289,1.0,-60.31812414144574
0.2365416632997872,-0.00648440715360289,1.0,-60.17255641797157
0.23597080948224147,-0.00648440715360289,1.0,-60.02702893222085
0.2354001134596896,-0.00648440715360289,1.0,-59.881541977557454
0.23482957638257823,-0.00648440715360289,1.0,-59.73609585012119
0.23425919941223997,-0.00648440715360289,1.0,-59.5906908488595
0.23368898372101765,-0.00648440715360289,1.0,-59.44532727555987
0.23311893049239166,-0.00648440715360289,1.0,-59.30000543488244
0.23254904092110765,-0.00648440715360289,1.0,-59.1547256343933
0.23197931621330709,-0.00648440715360289,1.0,-59.01977489223154
0.23145009761659424,-0.00648440715360289,1.0,-58.874150945674835
0.23087902331637192,-0.00648440715360289,1.0,-58.728567847710366
0.23030810920670733,-0.00648440715360289,1.0,-58.58302590287332
0.22973735648185617,-0.00648440715360289,1.0,-58.43752541864624
0.2291667663476323,-0.00648440715360289,1.0,-58.29206670549361
0.22859634002154355,-0.00648440715360289,1.0,-58.146650076896954
0.2280260787329292,-0.00648440715360289,1.0,-58.001275849390375
0.22745598372309953,-0.00648440715360289,1.0,-57.85594434259667
0.22688605624547714,-0.00648440715360289,1.0,-57.71065587926408
0.2263162975657415,-0.00648440715360289,1.0,-57.565410785302504
0.2257467089619706,-0.00648440715360289,1.0,-57.430184184836996
0.22521640856798825,-0.00648440715360289,1.0,-57.28458495364402
0.22464543119076086,-0.00648440715360289,1.0,-57.13902783337152
0.22407461895439812,-0.00648440715360289,1.0,-56.9935131466638
0.22350397312417178,-0.00648440715360289,1.0,-56.84804121937415
0.22293349497793785,-0.00648440715360289,1.0,-56.70261238060355
0.2223631858062884,-0.00648440715360289,1.0,-56.55722696273991
0.22179304691270554,-0.00648440715360289,1.0,-56.41188530149797
0.2212230796137175,-0.00648440715360289,1.0,-56.2665877359596
0.22065328523905725,-0.00648440715360289,1.0,-56.121334608614795
0.2200836651318227,-0.00648440715360289,1.0,-55.98622435683298
0.21955382100718812,-0.00648440715360289,1.0,-55.84060817611568
0.21898277716123796,-0.00648440715360289,1.0,-55.69503510949521
0.2184119023901773,-0.00648440715360289,1.0,-55.54950549592606
0.21784119802323945,-0.00648440715360289,1.0,-55.40401967782234
0.21727066540322487,0.0026424375094821297,1.0,-55.768477670268965
0.2186999124324273,0.0026424375094821297,1.0,-55.62308934111834
0.2181297621220327,0.0026424375094821297,1.0,-55.4777454901095
0.21755978623572353,0.0026424375094821297,1.0,-55.84237297097739
0.21898969792540152,0.0026424375094821297,1.0,-55.69712673394578
0.21842010483900304,0.0026424375094821297,1.0,-56.071816922344446
0.21988947812684095,0.0026424375094821297,1.0,-55.92621541481705
0.219318491822812,0.0026424375094821297,1.0,-55.7806570318127
0.21874767463455963,0.0026424375094821297,1.0,-56.1450262386685
0.2201765734849745,0.0026424375094821297,1.0,-55.99956455356692
0.219606135504184,0.0026424375094821297,1.0,-56.36405105958255
0.22103549435130412,0.0026424375094821297,1.0,-56.21868587282793
0.22046543479540368,0.0026424375094821297,1.0,-56.073364811760385
0.21989554828141328,0.0026424375094821297,1.0,-56.438018499381286
0.2213255627426717,0.0026424375094821297,1.0,-56.30304417129622
0.22079625165214206,0.0026424375094821297,2.0,-58.63473576304969
0.22994014024725368,0.009109811649847607,1.0,-58.74248763685532
0.23036269661511893,0.00944984043222155,1.0,-59.259902170015856
0.23239177321574847,0.00944984043222155,1.0,-59.26664779226677
0.23241822663634024,0.00944984043222155,1.0,-59.27371532212543
0.23244594243970756,0.00944984043222155,1.0,-59.79082641505783
0.23447382907865816,0.00944984043222155,1.0,-59.79798207834457
0.23450189050331205,0.00944984043222155,1.0,-59.80518124813083
0.23453012254168953,0.00944984043222155,1.0,-60.32242341803823
0.23655852320799303,0.00944984043222155,1.0,-60.329708769357744
0.23658709321316765,0.00944984043222155,1.0,-60.84703482699518
0.23861582285096147,0.00944984043222155,1.0,-60.85440485370532
0.23864472491649144,0.00944984043222155,1.0,-60.861817580426404
0.23867379443304473,0.00944984043222155,1.0,-61.37857270165703
0.24070028510453736,0.00944984043222155,1.0,-61.385644591834875
0.24072801800719562,0.00944984043222155,1.0,-61.902758557347944
0.24275591591116844,0.00944984043222155,1.0,-61.909915536709114
0.24278398249689848,0.00944984043222155,1.0,-61.91711453829966
0.2428122138756849,0.00944984043222155,1.0,-62.434355089159546
0.24484060819278253,0.00944984043222155,1.0,-62.44163735902829
0.2448691661138364,0.00944984043222155,1.0,-62.958959035751846
0.24689787857157586,0.00944984043222155,1.0,-62.96632316749396
0.24692675751958415,0.0448878610933988,1.0,-63.99371811738872
0.250955757323093,0.0448878610933988,1.0,-65.02049272888375
0.2549823244269951,0.0448878610933988,1.0,-66.04756972438591
0.259010077350533,0.0448878610933988,0.0,-65.10060140693255
0.2552964761056179,0.03842048695303332,1.0,-65.8846607076951
0.25837121846154937,0.03808045817065937,0.0,-64.2964802533798
0.2521430598171757,0.031613084030293906,1.0,-64.93806195523915
0.2546590664911339,0.03127305524791997,1.0,-65.65896385190666
0.25748613275257515,0.03127305524791997,0.0,-64.47809255626633
0.25285526492653465,0.024805681107554527,1.0,-64.94506366669795
0.2546865241831292,0.024465652325180585,1.0,-65.51256769201414
0.25691203016476133,0.024465652325180585,0.0,-63.69855895641114
0.2497982704172986,0.017998278184815142,1.0,-64.01188165345195
0.25102698687628217,0.017658249402441203,1.0,-64.46877640070521
0.25281873098315766,0.017658249402441203,1.0,-64.88197880521551
0.2544391325694726,0.017658249402441203,0.0,-63.460048276528
0.24886293441775686,0.01119087526207576,1.0,-63.61893920097361
0.24948603608224942,0.010850846479701817,1.0,-63.878428245876464
0.2505036401799077,0.010850846479701817,1.0,-63.63085559869764
0.24953276705371624,0.010850846479701817,1.0,-63.94455594262879
0.2507629644808972,0.010850846479701817,1.0,-64.20366431255611
0.25177907573551417,0.010850846479701817,0.0,-62.660062880357906
0.2457257367857173,0.004383472339336376,1.0,-62.664754053356816
0.24574413354257577,0.004043443556962426,1.0,-62.770061355926195
0.24615710335657331,0.004043443556962426,1.0,-62.875608042680106
0.24657101193207884,0.004043443556962426,1.0,-63.045532239984304
0.24723738133327178,0.004043443556962426,1.0,-63.15057127703333
0.2476492991256209,0.004043443556962426,0.0,-60.979571544758706
0.23913557468532826,-0.002423930583403025,1.0,-60.829976960878895
0.2385489292583486,-0.0027639593657769754,1.0,-60.781007735056754
0.23835689307865393,-0.0027639593657769754,1.0,-60.73228894376924
0.23816583899517346,-0.0027639593657769754,1.0,-60.758868446405515
0.23827007233884517,-0.0027639593657769754,1.0,-60.709626431080125
0.23807696639639264,-0.0027639593657769754,1.0,-60.66063470445612
0.23788484197825926,-0.0027639593657769754,1.0,-60.61189387344784
0.23769370146450136,-0.0027639593657769754,1.0,-60.63854303770527
0.23779820799100104,-0.0027639593657769754,1.0,-60.589277973644116
0.23760501166134945,-0.0027639593657769754,1.0,-60.540263658427115
0.2374127986604985,-0.0027639593657769754,1.0,-60.49150070157544
0.2372215713787272,0.015862725032788617,1.0,-60.518219803706295
0.23732635217139725,0.015862725032788617,1.0,-60.97323868054517
0.23911073992370654,0.015862725032788617,1.0,-61.42890697761407
0.24089767442201598,0.015862725032788617,1.0,-61.95969638672463
0.24297920151656718,0.015862725032788617,1.0,-61.91059895162724
0.242786662555401,0.015862725032788617,1.0,-62.366316395430296
0.24457378978600114,0.015862725032788617,1.0,-62.8970266299337
0.24665500639189686,0.015862725032788617,1.0,-63.352403706803386
0.24844079885020937,0.015862725032788617,1.0,-63.30372881545229
0.2482499169233423,0.015862725032788617,1.0,-63.83436217565706
0.2503308320614003,0.015862725032788617,1.0,-64.28979135004424
0.2521168288237029,0.015862725032788617,1.0,-64.82093425891796
0.25419974219183517,0.015862725032788617,1.0,-64.77170279369061
0.2540066776223161,0.015862725032788617,1.0,-65.22718253281762
0.2557928726777162,0.015862725032788617,1.0,-65.75824482007711
0.25787546988265536,0.015862725032788617,1.0,-66.21340165366858
0.2596603986418376,0.015862725032788617,1.0,-66.1645771046839
0.25946892982228975,0.015862725032788617,1.0,-66.6955610094876
0.26155121964504946,0.015862725032788617,1.0,-67.15077092646953
0.2633363565743903,0.015862725032788617,1.0,-67.60656834918255
0.26512379744777476,0.015862725032788617,1.0,-67.63288259314578
0.265226990561356,0.015862725032788617,1.0,-68.08814409589382
0.26701232978781897,0.015862725032788617,0.0,-66.29597692443383
0.2599842232330739,0.009395350892423167,1.0,-66.58152486963337
0.26110401909660147,0.009055322110049217,1.0,-66.88071799315384
0.2622773254633484,0.009055322110049217,1.0,-67.18055083463994
0.26345314052799973,0.009055322110049217,1.0,-67.06345057384371
0.2629939238189949,0.009055322110049217,1.0,-67.3627437785502
0.26416762266098115,0.009055322110049217,0.0,-65.44876442978739
0.25666182129328385,0.002587947969683766,1.0,-65.58900314319195
0.2572117770321253,0.002247919187309816,1.0,-65.73207933540357
0.25777286013883755,0.002247919187309816,1.0,-65.3748878239361
0.2563721091134749,0.002247919187309816,1.0,-65.61533658655912
0.2573150454374868,0.002247919187309816,1.0,-65.75853322262752
0.2578766008730491,0.002247919187309816,1.0,-65.90241047946816
0.25844082540967905,0.002247919187309816,1.0,-65.64169132062028
0.2574183973357658,0.002247919187309816,1.0,-65.78500825751539
0.25798042453927605,0.002247919187309816,1.0,-66.02563209795102
0.25892404744294517,-0.0009739524138777295,1.0,-65.66806731974144
0.257521832626437,-0.0009739524138777295,1.0,-65.81150441454503
0.2580843310374315,-0.0009739524138777295,1.0,-66.05196467222551
0.2590273124401,-0.0009739524138777295,1.0,-65.69446455830904
0.25762535120905505,-0.0009739524138777295,1.0,-65.83802166821481
0.25818832026750904,-0.0009739524138777295,1.0,-65.577887916064
0.25716818790613327,-0.0009739524138777295,1.0,-65.72088301073045
0.2577289529832566,-0.0009739524138777295,1.0,-65.86455999304427
0.2582923921295854,-0.0009739524138777295,1.0,-65.60420702872324
0.25727140011264016,-0.0009739524138777295,1.0,-65.74732265143318
0.25783263784875754,-0.0009739524138777295,1.0,-65.39015252784169
0.2564319706974184,-0.0009739524138777295,1.0,-65.63054744718848
0.25737469587132733,-0.0009739524138777295,1.0,-65.77378345486557
0.25793640570535514,-0.0009739524138777295,1.0,-65.41667881141761
0.25653599533889254,-0.0009739524138777295,1.0,-65.65690914581697
0.2574780750816351,-0.0009739524138777295,0.0,-63.624786358892464
0.24950896611330378,-0.00744132655424318,0.0,-61.60270871388632
0.2415792498583777,-0.013111481841325831,1.0,-61.51212107278973
0.24122400420701856,-0.01333810751795813,1.0,-60.8751135336618
0.23872593542612472,-0.01333810751795813,1.0,-60.73491278692438
0.23817612857617404,-0.01333810751795813,1.0,-60.71115545790087
0.23808296258000344,-0.01333810751795813,1.0,-60.07417983356087
0.23558501895514067,-0.01333810751795813,1.0,-59.93405854180125
0.23503552369333822,-0.01333810751795813,1.0,-59.41404909274294
0.2329962709519331,-0.01333810751795813,1.0,-59.27325375501085
0.23244413237259157,-0.01333810751795813,1.0,-59.133214088538274
0.231894957209954,-0.01333810751795813,1.0,-58.61305779090448
0.22985512859178225,-0.01333810751795813,1.0,-58.472335611200776
0.2293032769066697,-0.01333810751795813,1.0,-57.83558132695059
0.22680620128215917,-0.01333810751795813,1.0,-57.81207270715198
0.22671401061628224,-0.01333810751795813,1.0,-57.67142573271418
0.22616245385378106,-0.01333810751795813,1.0,-57.034709242884
0.22366552644268234,-0.01333810751795813,1.0,-57.01109410357129
0.22357291805322074,-0.01333810751795813,1.0,-56.374061708649265
0.22107475179862454,-0.01333810751795813,1.0,-56.23384694742513
0.22052488998990247,-0.01333810751795813,1.0,-56.21012225718418
0.22043185198895757,-0.01333810751795813,1.0,-55.57312393226479
0.21793381934221484,-0.01333810751795813,1.0,-55.43299486483345
0.21738429358758213,-0.03855487341700094,1.0,-54.29961520702675
0.21293966747853627,-0.03855487341700094,1.0,-53.663116385914584
0.21044359367025328,-0.03855487341700094,1.0,-52.52971078020145
0.20599886580471155,-0.03855487341700094,1.0,-51.893361289779094
0.20350337760697684,-0.03855487341700094,1.0,-50.87615168609741
0.19951432033763689,-0.03855487341700094,1.0,-50.239017623045726
0.19701575538449306,-0.03855487341700094,1.0,-49.10575056350263
0.19257157083726523,-0.03855487341700094,1.0,-48.46874665627051
0.19007351629910005,-0.03855487341700094,1.0,-47.33544561491792
0.1856291984898742,-0.03855487341700094,1.0,-46.6985830434986
0.1831316982097984,-0.03855487341700094,1.0,-45.565248050027456
0.17868724725500962,-0.03855487341700094,1.0,-44.92853947382555
0.17619035087774726,-0.03855487341700094,1.0,-43.79517089015608
0.1717457681966905,-0.03855487341700094,1.0,-43.15863071705857
0.1692495322237591,-0.03855487341700094,1.0,-42.02522934946559
0.1648048209782964,-0.03855487341700094,1.0,-41.38887406817838
0.16230931007128777,-0.03855487341700094,1.0,-40.372240605101204
0.15832251217686746,-0.03855487341700094,1.0,-39.73490224317284
0.1558231460516582,-0.03855487341700094,1.0,-39.09777867693726
0.15332462226249904,-0.03855487341700094,1.0,-37.964504112819725
0.14888040828556753,-0.03855487341700094,1.0,-37.32755009924253
0.14638254940879422,-0.03855487341700094,1.0,-36.194232053324114
0.1419381649149965,-0.03855487341700094,1.0,-35.55746673333067
0.13944104601306145,-0.03855487341700094,1.0,-34.424105514409646
0.13499649221337118,-0.03855487341700094,1.0,-33.78755140154638
0.1325002015746917,-0.03855487341700094,1.0,-32.65414816136394
0.12805548298574096,-0.03855487341700094,1.0,-32.01783197020258
0.12556012537334343,-0.03855487341700094,1.0,-30.884389081883644
0.1211152513015045,-0.03855487341700094,1.0,-30.364197795511643
0.11907528547259467,-0.03855487341700094,1.0,-29.231056472012202
0.114631594007891,-0.03855487341700094,1.0,-28.593654315645757
0.11213197770841474,-0.03855487341700094,1.0,-27.46045127605404
0.10768804421981977,-0.03855487341700094,1.0,-26.82326176325516
0.1051892618166869,-0.03855487341700094,1.0,-25.68999515840505
0.10074507905256883,-0.03855487341700094,1.0,-25.05305213456698
0.09824726327281168,-0.03855487341700094,1.0,-23.919721221890885
0.09380282832114072,-0.03855487341700094,1.0,-23.28306715263951
0.09130614569662554,-0.03855487341700094,1.0,-21.653121622530055
0.08491420244129434,-0.07087334066889149,2.0,-21.891999463840353
0.08585097828957,-0.06440596652852604,2.0,-22.040629384539283
0.08643384072368346,-0.058735811241443385,2.0,-22.673135771796563
0.08891425792861399,-0.051927649732563946,2.0,-23.620720474397004
0.09263027637018434,-0.046257494445481294,2.0,-24.551424433683312
0.09628009581836593,-0.03944933293660184,1.0,-23.722590918045885
0.09302976830606229,-0.03910930415422789,1.0,-22.793387954598728
0.08938583511607343,-0.03910930415422789,1.0,-21.864191050773396
0.08574192568930744,-0.03910930415422789,1.0,-20.93500101343626
0.08209804318994611,-0.03910930415422789,1.0,-20.00581879934962
0.07845419136999851,-0.03910930415422789,1.0,-19.076645551674552
0.07481037471244924,-0.03910930415422789,1.0,-18.14748264768474
0.07116659861837152,-0.03910930415422789,2.0,-19.646173560447775
0.07704381788410893,-0.03264193001386244,1.0,-18.968965285822154
0.07438809916008689,-0.0323019012314885,1.0,-18.191389020652004
0.0713387804731451,-0.0323019012314885,1.0,-17.41382123201317
0.06828949502750262,-0.0323019012314885,1.0,-16.636263108467883
0.06524024748418777,-0.0323019012314885,1.0,-15.858716071664391
0.06219104341829172,-0.0323019012314885,1.0,-15.081181836414672
0.05914188955456734,-0.0323019012314885,1.0,-14.303662490361829
0.05609279407985031,-0.0323019012314885,1.0,-13.526160601116892
0.0530437670632035,-0.0323019012314885,1.0,-13.256358386733197
0.05198571916365959,-0.0323019012314885,1.0,-12.478977366674286
0.04893716614382073,-0.0323019012314885,1.0,-11.701634905955213
0.045888764337079266,-0.0323019012314885,1.0,-10.92433923587207
0.042840546023027726,-0.0323019012314885,1.0,-10.147101109302092
0.03979255336981212,-0.0323019012314885,1.0,-9.369934845996971
0.036744842533321456,-0.0323019012314885,1.0,-8.64816531231256
0.03391437377377475,-0.0323019012314885,1.0,-7.870631419757186
0.03086522125394975,-0.0323019012314885,1.0,-7.093127627224439
0.027816186773429168,-0.0323019012314885,1.0,-6.3156650513119335
0.024767313926713462,-0.0323019012314885,1.0,-6.043147696639869
0.023698618418195566,-0.0323019012314885,1.0,-5.26558430367483
0.02064935021048953,-0.0323019012314885,1.0,-4.488058260389834
0.017600228472116997,-0.0323019012314885,2.0,-5.691814697992213
0.02232084195291064,-0.02583452709112306,1.0,-5.165990070455268
0.02025878459002066,-0.025494498308749117,1.0,-4.5398788791138145
0.017803446584760053,-0.02792894327945607,1.0,-3.9137680298901385
0.015348109921137798,-0.02792894327945607,1.0,-3.2876577182458844
0.012892775365670133,-0.02792894327945607,1.0,-2.661548323566282
0.010437444406142282,-0.02792894327945607,1.0,-2.0354406920370836
0.007982120360929738,-0.02792894327945607,1.0,-1.4093371735349476
0.005526812445235088,-0.02792894327945607,1.0,-0.7832476315953394
0.0030715593395895663,-0.02792894327945607,1.0,-0.15733900303835177
0.0006170156981896147,-0.02792894327945607,1.0,-0.46911341607296686
-0.0018396604551881052,-0.02792894327945607,1.0,-1.0951768616014834
-0.004294811221966602,-0.02792894327945607,1.0,-1.7212758189842712
-0.006750101250918711,-0.02792894327945607,1.0,-2.347381872989085
-0.009205419109761116,-0.02792894327945607,1.0,-2.973490540768641
-0.011660747218700553,-0.02792894327945607,1.0,-3.5996004584159764
-0.014116080229082261,-0.02792894327945607,1.0,-4.225711070364566
-0.016571415962213988,-0.02792894327945607,2.0,-2.8378076477417937
-0.01112865744212468,-0.02146156913909063,1.0,-3.207115813492276
-0.01257692475879324,-0.02112154035671669,1.0,-3.6778265569674535
-0.014422849243009623,-0.02112154035671669,1.0,-4.1494559932129595
-0.01627237644397239,-0.02112154035671669,1.0,-4.621722883360697
-0.018124403464159597,-0.02112154035671669,1.0,-5.094449950293156
-0.01997823509918885,-0.02112154035671669,1.0,-5.567519977152939
-0.021833411675109562,-0.02112154035671669,1.0,-6.0408523910492296
-0.023689617219800903,-0.02112154035671669,1.0,-6.514389997489125
-0.025546627441133823,-0.02112154035671669,1.0,-6.98809108289386
-0.02740427875644651,-0.02112154035671669,1.0,-7.461924513203554
-0.029262449071386486,-0.02112154035671669,1.0,-7.935866582369474
-0.031121045421056766,-0.02112154035671669,1.0,-8.409898923297598
-0.03297999577763764,-0.02112154035671669,1.0,-8.884007085853119
-0.034839243473933794,-0.02112154035671669,1.0,-9.358179546118347
-0.03669874331811116,-0.02112154035671669,1.0,-9.79703341534563
-0.03841973888370835,-0.02112154035671669,1.0,-10.269634583674408
-0.04027307679872317,-0.02112154035671669,1.0,-10.742424574438354
-0.0421271551938759,-0.02112154035671669,1.0,-11.215379507947368
-0.04398188042332301,-0.02112154035671669,1.0,-11.688479361814686
-0.045837173967900734,-0.02112154035671669,1.0,-12.16170722350869
-0.04769296950395565,-0.02112154035671669,1.0,-12.63504870998178
-0.049549210627379534,-0.02112154035671669,1.0,-13.108491512427129
-0.05140584906834168,-0.02112154035671669,1.0,-13.582025035819548
-0.053262843277723716,-0.02112154035671669,1.0,-14.055640111015116
-0.05512015729809849,-0.02112154035671669,1.0,-14.529328762940725
-0.056977759854669505,-0.02112154035671669,1.0,-15.003084022538527
-0.058835623617798136,-0.02112154035671669,1.0,-15.476899773132153
-0.06069372460051825,-0.02112154035671669,2.0,-13.93469311165309
-0.054645855339816043,-0.014654166216351246,1.0,-14.155521561298313
-0.05551184925999338,-0.014314137433977307,1.0,-14.476845708732306
-0.05677194395581296,-0.014314137433977307,1.0,-14.79828409572492
-0.05803248664990165,-0.014314137433977307,1.0,-15.119829436287105
-0.05929344876975336,-0.014314137433977307,1.0,-15.41797585792293
-0.06046265042322717,-0.014314137433977307,1.0,-15.738311175342888
-0.061718867354285833,-0.014314137433977307,1.0,-16.058791276109048
-0.06297565206317274,-0.014314137433977307,1.0,-16.379407661714612
-0.06423297122241024,-0.014314137433977307,1.0,-16.700152482804466
-0.0654907940502136,-0.014314137433977307,1.0,-17.02101847864839
-0.06674909207313094,-0.014314137433977307,1.0,-17.34199892323098
-0.0680078389146313,-0.014314137433977307,1.0,-17.66308757713339
-0.06926701010640544,-0.014314137433977307,1.0,-17.984278644496918
-0.07052658291959575,-0.014314137433977307,1.0,-18.30556673445585
-0.07178653621355235,-0.014314137433977307,1.0,-18.626946826509403
-0.07304685030003688,-0.014314137433977307,1.0,-18.94841423937336
-0.074307506821072,-0.014314137433977307,1.0,-19.2461581811899
-0.07547513012231334,-0.014314137433977307,1.0,-19.566662667314045
-0.07673201046005508,-0.014314137433977307,2.0,-17.89174930076397
-0.070163722748094,-0.00784676329361185,1.0,-17.959168758831613
-0.07042811277973182,-0.0075067345112379055,1.0,-18.127101559262513
-0.07108667278142163,-0.0075067345112379055,1.0,-18.295173670229794
-0.07174577909894037,-0.0075067345112379055,1.0,-18.463381287303516
-0.07240541681295497,-0.0075067345112379055,1.0,-18.631720740427006
-0.07306557153108631,-0.0075067345112379055,1.0,-18.800188488166665
-0.07372622936535947,-0.0075067345112379055,1.0,-18.968781112247534
-0.07438737691077466,-0.0075067345112379055,1.0,-19.137495312358705
-0.0750490012249361,-0.0075067345112379055,1.0,-19.306327901213432
-0.07571108980868013,-0.0075067345112379055,1.0,-19.463145465068685
-0.07632606064732818,-0.0075067345112379055,1.0,-19.630934044156827
-0.07698405507512482,-0.0075067345112379055,1.0,-19.798853798896424
-0.07764256391724088,-0.0075067345112379055,1.0,-19.966901419763246
-0.07830157419514998,-0.0075067345112379055,1.0,-20.135073705239808
-0.07896107335388161,-0.0075067345112379055,1.0,-20.303367557544828
-0.07962104924527384,-0.0075067345112379055,1.0,-20.47177997855869
-0.08028149011199485,-0.0075067345112379055,1.0,-20.64030806593489
-0.08094238457229368,-0.0075067345112379055,1.0,-20.808949009387895
-0.08160372160544274,-0.0075067345112379055,1.0,-20.97770008714831
-0.08226549053783652,-0.0075067345112379055,1.0,-21.14655866257693
-0.08292768102971344,-0.0075067345112379055,1.0,-21.3026996549589
-0.08353999864689764,-0.0075067345112379055,1.0,-21.47060839300652
-0.08419846428630007,-0.0075067345112379055,1.0,-21.63863528956311
-0.08485739329240435,-0.0075067345112379055,1.0,-21.80677761330266
-0.08551677495412809,-0.0075067345112379055,1.0,-21.97503271464637
-0.08617659888096617,-0.0075067345112379055,1.0,-22.143398022795573
-0.08683685499135518,-0.0075067345112379055,1.0,-22.311871042889777
-0.08749753350152853,-0.0075067345112379055,1.0,-22.48044935328402
-0.08815862491483929,-0.0075067345112379055,1.0,-22.649130602939724
-0.08882012001152832,-0.0075067345112379055,1.0,-22.817912508923804
-0.08948200983891688,-0.0075067345112379055,1.0,-22.97446552018664
-0.0900959432164182,-0.0075067345112379055,1.0,-23.14236483134593
-0.0907543718876311,-0.0075067345112379055,1.0,-23.31037396286076
-0.09141323122690494,-0.0075067345112379055,1.0,-23.478490557149218
-0.09207251198882047,-0.0075067345112379055,1.0,-23.64671232218765
-0.09273220518504961,-0.0075067345112379055,1.0,-23.815037029299067
-0.09339230207568261,-0.0075067345112379055,1.0,-23.983462511028264
-0.09405279416089515,-0.0075067345112379055,1.0,-24.151986659099887
-0.09471367317294073,-0.0075067345112379055,1.0,-24.320607422455705
-0.09537493106845375,-0.0075067345112379055,1.0,-24.489322805367742
-0.09603656002104996,-0.0075067345112379055,1.0,-24.658130865623782
-0.09669855241421091,-0.0075067345112379055,1.0,-24.81412274117101
-0.09731028525949416,-0.0075067345112379055,1.0,-24.98211647534324
-0.09796908421703232,-0.0075067345112379055,1.0,-25.15021073497716
-0.0986282773920673,-0.0075067345112379055,1.0,-25.31840351784316
-0.09928785693271827,-0.0075067345112379055,1.0,-25.486692873406174
-0.09994781518982813,-0.0075067345112379055,1.0,-25.655076901205373
-0.1006081447106093,-0.0075067345112379055,1.0,-25.823553749292877
-0.10126883823252109,-0.0075067345112379055,1.0,-25.992121612729175
-0.10192988867736932,-0.0075067345112379055,1.0,-26.16077873213285
-0.10259128914561903,-0.0075067345112379055,1.0,-26.32952339228258
-0.10325303291091208,-0.0075067345112379055,1.0,-26.485881843846396
-0.10386620330920156,-0.0075067345112379055,1.0,-26.653862104624242
-0.10452494942989898,-0.0075067345112379055,1.0,-26.821936794178086
-0.10518406585952192,-0.0075067345112379055,1.0,-26.990104148407298
-0.1058435456800286,-0.0075067345112379055,1.0,-27.158362445944505
-0.10650338214095885,-0.0075067345112379055,1.0,-27.326710006898622
-0.10716356865450441,-0.0075067345112379055,1.0,-27.49514519164076
-0.10782409879074809,-0.0075067345112379055,1.0,-27.663666399631587
-0.10848496627306506,-0.0075067345112379055,1.0,-27.832272068288542
-0.10914616497368054,-0.0075067345112379055,1.0,-28.000960671891082
-0.1098076889093768,-0.0075067345112379055,1.0,-28.15764192690845
-0.11042212520356254,-0.0075067345112379055,1.0,-28.325610298853938
-0.111080824701388,-0.0075067345112379055,1.0,-28.493667699569965
-0.11173987333164692,-0.0075067345112379055,2.0,-26.67331991955555
-0.10460125458649235,-0.0010393603708724255,1.0,-26.588652777936883
-0.10426922658014463,-0.0006993315884984821,1.0,-26.60445864545775
-0.10433121037434412,-0.0006993315884984821,1.0,-26.620362013294194
-0.10439357652272233,-0.0006993315884984821,1.0,-26.636362706807116
-0.10445632434042007,-0.0006993315884984821,1.0,-26.65246055070934
-0.1045194531400366,-0.0006993315884984821,1.0,-26.666834433723505
-0.10457582130871963,-0.0006993315884984821,1.0,-26.682152043654362
-0.10463589036727201,-0.0006993315884984821,1.0,-26.697567441146013
-0.10469634290645495,-0.0006993315884984821,1.0,-26.713080456906773
-0.10475717826237949,-0.0006993315884984821,1.0,-26.728690920967175
-0.10481839576849872,-0.0006993315884984821,1.0,-26.744398662688145
-0.10487999475563978,-0.0006993315884984821,1.0,-26.76020351076916
-0.10494197455203591,-0.0006993315884984821,1.0,-26.776105293256375
-0.10500433448335833,-0.0006993315884984821,1.0,-26.792103837550833
-0.10506707387274836,-0.0006993315884984821,1.0,-26.808198970416566
-0.10513019204084928,-0.0006993315884984821,1.0,-26.822576902162528
-0.10518657608691187,-0.0006993315884984821,1.0,-26.83789633101475
-0.10524665227848921,-0.0006993315884984821,2.0,-24.876419278328186
-0.09755458540520857,0.005768042551866993,1.0,-24.63896163446469
-0.09662337895868504,0.0061080713342409375,1.0,-24.50197937917527
-0.09608619364382459,0.0061080713342409375,1.0,-24.365098660279582
-0.09554940651090033,0.0061080713342409375,1.0,-24.228321198702695
-0.09501302430863802,0.0061080713342409375,1.0,-24.09164875313799
-0.09447705393387446,0.0061080713342409375,1.0,-23.95508312104895
-0.09394150243548607,0.0061080713342409375,1.0,-23.8278157971124
-0.09344241489063687,0.0061080713342409375,1.0,-23.69039624916699
-0.09290351470261565,0.0061080713342409375,1.0,-23.55307664358718
-0.0923650064454399,0.0061080713342409375,1.0,-23.415858738674498
-0.0918268970144098,0.0061080713342409375,1.0,-23.278744332870414
-0.0912891934622369,0.0061080713342409375,1.0,-23.141735265866604
-0.09075190300339846,0.0061080713342409375,1.0,-23.004833419750785
-0.09021503301863053,0.0061080713342409375,1.0,-22.8680407201892
-0.0896785910595655,0.0061080713342409375,1.0,-22.73135913764728
-0.08914258485351875,0.0061080713342409375,1.0,-22.594790688649685
-0.08860702230843012,0.0061080713342409375,1.0,-22.46778722344515
-0.08810896950370647,0.0061080713342409375,1.0,-22.330314413971685
-0.08756986044694778,0.0061080713342409375,1.0,-22.192947012291512
-0.08703116475408436,0.0061080713342409375,1.0,-22.055686987909628
-0.08649289014866521,0.0061080713342409375,1.0,-21.918536358106444
-0.08595504454159389,0.0061080713342409375,1.0,-21.781497189342666
-0.0854176360366379,0.0061080713342409375,1.0,-21.644571598712027
-0.08488067293612558,0.0061080713342409375,1.0,-21.507761755443557
-0.08434416374683748,0.0061080713342409375,1.0,-21.37106988245535
-0.08380811718609943,0.0061080713342409375,1.0,-21.23449825796175
-0.0832725421880853,0.0061080713342409375,1.0,-21.107792656998864
-0.08277565747842693,0.0061080713342409375,1.0,-20.970259900322702
-0.08223631333459883,0.0061080713342409375,1.0,-20.832838641866108
-0.08169740643869063,0.0061080713342409375,1.0,-20.69553110272113
-0.08115894550086718,0.0061080713342409375,1.0,-20.558339561455007
-0.0806209394566863,0.0061080713342409375,1.0,-20.42126635591424
-0.0800833974741735,0.0061080713342409375,1.0,-20.284313885094168
-0.07954632896115361,0.0061080713342409375,1.0,-20.14748461107674
-0.07900974357284997,0.0061080713342409375,1.0,-20.010781061039182
-0.07847365121976149,0.0061080713342409375,1.0,-19.874205829336553
-0.07793806207582962,0.0061080713342409375,1.0,-19.737761579661107
-0.07740298658690631,0.0061080713342409375,1.0,-19.61023839282167
-0.07690289565812419,0.0061080713342409375,1.0,-19.472755987318408
-0.0763637489698761,0.0061080713342409375,1.0,-19.335394431319816
-0.07582507620125419,0.0061080713342409375,1.0,-19.198156318837032
-0.0752868875248511,0.0061080713342409375,1.0,-19.061044316222855
-0.07474919339695238,0.0061080713342409375,1.0,-18.924061164619012
-0.07421200456713337,0.0061080713342409375,1.0,-18.7872096824992
-0.07367533208823215,0.0061080713342409375,1.0,-18.650492768312112
-0.07313918732671416,0.0061080713342409375,1.0,-18.513913403228763
-0.07260358197344613,0.0061080713342409375,1.0,0.0
