Lateral Error,Yaw Error,Action,Reward
6.0020415411264596e-05,-0.00034802271140407966,1.0,-0.15726985734095006
0.000616744538591961,-0.00034802271140407966,1.0,-0.2561825715417454
-0.0010046375354578253,-0.00034802271140407966,1.0,-0.19212492564427885
-0.0007534310809579563,-0.00034802271140407966,1.0,-0.2321652788519511
0.00091045207392922,-0.00034802271140407966,1.0,-0.388269683073098
-0.001522626208129796,-0.00034802271140407966,1.0,-0.24710000887978958
-0.0009690196426658416,-0.00034802271140407966,1.0,-0.13065119418358104
-0.0005123576242493374,-0.00034802271140407966,1.0,-0.40261604238066256
-0.0015788864407084806,-0.00034802271140407966,1.0,-0.25474284313402595
-0.0009989915417020624,-0.00034802271140407966,1.0,-0.11573420942937274
-0.00045385964482106957,-0.00034802271140407966,1.0,-0.08718457945628186
0.00034190031159326217,-0.00034802271140407966,1.0,-0.36401671740092506
-0.0014275165388271571,-0.00034802271140407966,1.0,-0.271104836922194
-0.0010631562232242902,-0.00034802271140407966,1.0,-0.24534414037505448
-0.0009621338838237431,-0.00034802271140407966,1.0,-0.476016691451608
-0.0018667321233396394,-0.00034802271140407966,1.0,-0.32650289906593283
-0.0012804035257487562,-0.00034802271140407966,1.0,-0.1797850055340763
-0.0007050392373885346,-0.00034802271140407966,1.0,-0.06121605908427964
0.00024006297680109664,-0.00034802271140407966,1.0,-0.3658761163059819
-0.0014348082992391446,-0.00034802271140407966,1.0,-0.22819511070706416
-0.0008948827870865261,-0.00034802271140407966,1.0,-0.12643946051991356
-0.0004958410216467198,-0.00034802271140407966,1.0,-0.4742417891198005
-0.0018597717220384335,-0.00034802271140407966,1.0,-0.36824193347044887
-0.0014440860136096035,-0.00034802271140407966,1.0,-0.3060991832752803
-0.0012003889540207072,-0.00034802271140407966,1.0,-0.20576559889573207
-0.000806923917238165,-0.00034802271140407966,1.0,-0.4215071947466707
-0.0016529693911634144,-0.00034802271140407966,1.0,-0.2703590303704831
-0.0010602314916489533,-0.00034802271140407966,1.0,-0.11927257832806176
-0.0004677356012865167,-0.00034802271140407966,1.0,-0.47786524486822896
-0.0018739813524244274,-0.00034802271140407966,0.0,-2.319408413800384
-0.009095719269805427,-0.006815396851769556,1.0,-2.431112812246505
-0.009533775734300018,-0.0071554256341435,1.0,-2.952711255419656
-0.01157925982517512,-0.0071554256341435,1.0,-2.9655206622779766
-0.011629492793246968,-0.0071554256341435,1.0,-2.9791806610868097
-0.011683061416026704,-0.0071554256341435,1.0,-2.9854973491010632
-0.011707832741572798,-0.0071554256341435,1.0,-3.501590827598473
-0.013731728735680288,-0.0071554256341435,1.0,-3.5094873693769943
-0.01376269556618429,-0.0071554256341435,1.0,-3.5181330901760757
-0.013796600353631668,-0.0071554256341435,1.0,-4.037522319332163
-0.01583342086012613,-0.0071554256341435,1.0,-4.0476085931326535
-0.015872974875030012,-0.0071554256341435,1.0,-4.058334601751999
-0.015915037653929407,-0.0071554256341435,1.0,-4.069695286975933
-0.015959589360689933,-0.0071554256341435,1.0,-4.591135189848943
-0.018004451724897817,-0.0071554256341435,1.0,-4.603439183941346
-0.018052702682122928,-0.0071554256341435,1.0,-4.6109853147784
-0.018082295352072158,-0.0071554256341435,1.0,-5.128512786268189
-0.020111814848110546,-0.0071554256341435,1.0,-5.1370158698015
-0.020145160273731373,-0.0071554256341435,1.0,-5.146029174688863
-0.020180506567407306,-0.0071554256341435,1.0,-5.665549949391004
-0.02221784293878825,-0.0071554256341435,1.0,-5.67555551897095
-0.022257080466552743,-0.0071554256341435,1.0,-5.6860179599856275
-0.022298109647002462,-0.0071554256341435,1.0,-5.696934755297534
-0.022340920609009933,-0.0071554256341435,1.0,-6.218012715661978
-0.02438436359083129,-0.0071554256341435,1.0,-6.229665921756369
-0.02443006243826027,-0.0071554256341435,1.0,-6.237798248765966
-0.024461953916729277,-0.0071554256341435,1.0,-6.755967639169387
-0.026493990741840733,-0.0071554256341435,1.0,-6.764784753779043
-0.0265285676618786,-0.0071554256341435,1.0,-6.773988659637625
-0.026564661410343627,-0.0071554256341435,1.0,-6.78357778235919
-0.026602265813173293,-0.0071554256341435,1.0,-7.303538583606922
-0.02864132777885068,-0.0071554256341435,1.0,-7.3138547299200445
-0.028681783254588412,-0.0071554256341435,1.0,-7.324524677478594
-0.028723626186190565,-0.0071554256341435,1.0,-7.845367563115956
-0.03076614730633708,-0.0071554256341435,1.0,-7.8566387813575735
-0.030810348162186564,-0.0071554256341435,1.0,-7.865114028360085
-0.030843584424941513,-0.0071554256341435,1.0,-8.383645051627887
-0.03287703941814858,-0.0071554256341435,1.0,-8.392654154135236
-0.03291236923190289,-0.0071554256341435,1.0,-8.401974691859198
-0.032948920360232156,-0.0071554256341435,1.0,-8.411605629536005
-0.03298668874327845,-0.0071554256341435,1.0,-8.931538025622551
-0.03502563931616687,-0.0071554256341435,1.0,-8.9417611267055
-0.03506572990864902,-0.0071554256341435,1.0,-8.952273910211975
-0.035106956510635196,-0.0071554256341435,1.0,-9.472953738736566
-0.03714883819112379,-0.0071554256341435,1.0,-9.4839737796118
-0.03719205403769333,-0.0071554256341435,1.0,-9.492674050735049
-0.03722617274798058,-0.0071554256341435,1.0,-9.501501511933686
-0.0372607902428772,-0.0071554256341435,1.0,-10.02057508352084
-0.03929637287655231,-0.0071554256341435,1.0,-10.02997434453244
-0.03933323272365662,-0.0071554256341435,1.0,-10.039633522791535
-0.03937111185408444,-0.0071554256341435,1.0,-10.559546270159588
-0.041409985373174855,-0.0071554256341435,1.0,-10.56970497939004
-0.0414498234485884,-0.0071554256341435,1.0,-10.580108923991485
-0.04149062323133916,-0.0071554256341435,1.0,-11.100669490606737
-0.04353203721806564,-0.0071554256341435,1.0,-11.111511806752024
-0.043574556104909894,-0.0071554256341435,1.0,-11.120371075440051
-0.04360929833505902,-0.0071554256341435,1.0,-11.12934178552553
-0.04364447759029619,-0.0071554256341435,1.0,-11.64852593788703
-0.04568049387406679,-0.0071554256341435,1.0,-11.657981911502027
-0.045717576123537364,-0.0071554256341435,1.0,-11.667661442837222
-0.04575553506994989,-0.0071554256341435,1.0,-12.187559789709098
-0.04779435211650627,-0.0071554256341435,1.0,-12.197671290997175
-0.04783400506273401,-0.0071554256341435,1.0,-12.207995404290566
-0.04787449178153163,-0.0071554256341435,2.0,-10.23802891223034
-0.04014913298913859,-0.0006880514937780234,1.0,-10.504460370238577
-0.04119396223622972,-0.00034802271140407966,1.0,-10.361682809785895
-0.040634050234454495,-0.00034802271140407966,1.0,-10.219146729735856
-0.04007508521465041,-0.00034802271140407966,1.0,-10.586850631100772
-0.041517061298434396,-0.00034802271140407966,1.0,-10.444839799484257
-0.04096015607640885,-0.00034802271140407966,1.0,-10.303089674515142
-0.04040427323339272,-0.00034802271140407966,1.0,-10.170031673035373
-0.039882477149158324,-0.00034802271140407966,1.0,-10.535957532567867
-0.04131748051987399,-0.00034802271140407966,1.0,-10.902288984645118
-0.042754074449588696,-0.05464543944739887,1.0,-11.77885094377497
-0.04619157232852929,-0.05464543944739887,0.0,-15.148591813729753
-0.05940624240678335,-0.06111281358776435,0.0,-18.42411279336554
-0.07225142271908055,-0.06678296887484682,0.0,-22.191221850546516
-0.0870243994139079,-0.07359113038372629,0.0,-25.77114299340254
-0.10106330585648053,-0.07926128567080873,0.0,-29.8346771943674
-0.11699873409555843,-0.08606944717968819,0.0,-33.70617246247146
-0.13218106848028024,-0.0917396024667706,0.0,-38.11421021469392
-0.14946749103801535,-0.09854776397565004,0.0,-42.3430752074476
-0.16605127532332392,-0.1042179192627326,0.0,-47.06246677205738
-0.18455869322375446,-0.11102608077161208,2.0,-47.49698020773952
-0.18626266748133144,-0.1057157147946861,2.0,-48.20384177485569
-0.18903467362688503,-0.10004555950760348,2.0,-47.88339990905944
-0.18777803885905664,-0.09323739799872403,0.0,-51.855853908700894
-0.20335628983804271,-0.09854776397564999,0.0,-56.59000654706604
-0.22192159430221978,-0.10421791926273258,0.0,-61.381726972066936
-0.24071265479241935,-0.111026080771612,2.0,-61.81467108159519
-0.24241047482978506,-0.10571571479468604,2.0,-62.45194405802168
-0.2449095845412615,-0.10004555950760342,0.0,-66.67129985931473
-0.2614560778796656,-0.10560549182044862,0.0,-71.14701502364561
-0.27900790205351217,-0.11127564710753127,2.0,-71.43322854072072
-0.2801303080028263,-0.10571571479468608,2.0,-72.07505577487746
-0.282647277548539,-0.10004555950760345,2.0,-71.70123830780611
-0.28118132669727885,-0.093237397998724,0.0,-75.72769556635095
-0.29697135516216056,-0.09854776397564997,0.0,-80.02088564978715
-0.3138073947050476,-0.10421791926273254,2.0,-80.67864429339069
-0.316386840366238,-0.09865798694988732,2.0,-80.62453819479256
-0.31617465958742186,-0.09298783166280492,2.0,-80.12659407547238
-0.3142219375508721,-0.08617967015392544,2.0,-79.85748122836551
-0.3131665930524138,-0.08050951486684303,0.0,-83.62443287190463
-0.3279389524388417,-0.08606944717968823,2.0,-83.98839123576342
-0.32936624014024873,-0.08075908120276226,0.0,-87.67984812365124
-0.3438425416613774,-0.08606944717968823,0.0,-91.686822219531
-0.35955616556678816,-0.09173960246677065,2.0,-91.55720816229622
-0.3590478751462597,-0.08617967015392544,2.0,-91.7627171450661
-0.3598537927257494,-0.08050951486684303,2.0,-91.05008481722147
-0.3570591561459665,-0.15142238765638538,2.0,-92.07902076525005
-0.361094199079412,-0.14575223236930293,2.0,-92.67745003961579
-0.36344098054751295,-0.13894407086042346,2.0,-93.50524377285568
-0.366687230481787,-0.13327391557334098,2.0,-93.38788610296291
-0.3662270043253447,-0.1264657540644615,2.0,-94.01663694765068
-0.3686926939123556,-0.12079559877737907,2.0,-94.2058496666372
-0.36943470457504785,-0.11398743726849961,2.0,-94.62746881673174
-0.3710881130067911,-0.10831728198141718,2.0,-94.09954319960471
-0.36901781646903803,-0.10150912047253774,2.0,-94.30872835382758
-0.36983815040716694,-0.09583896518545519,0.0,-98.45867991630041
-0.38611247026000156,-0.10139889749830039,0.0,-103.25500035763844
-0.40492157002995466,-0.10706905278538283,0.0,-108.52390025052394
-0.42558392255107425,-0.11387721429426227,0.0,-113.67613928107784
-0.4457887814944229,-0.1195473695813447,0.0,-119.82131391415224
-0.46988750554569514,-0.12635553109022415,0.0,-125.30176580998763
-0.49137947376465735,-0.1320256863773066,0.0,-131.8046416110199
-0.5168809474941957,-0.1388338478861861,0.0,-138.16135139164828
-0.5418092211437189,-0.14450400317326856,2.0,-138.61099976993336
-0.5435725481173858,-0.13894407086042332,0.0,-144.8466285337193
-0.5680259942498795,-0.14425443683734931,1.0,-148.13794107397757
-0.5809331022508925,-0.14459446561972325,1.0,-151.83879464792443
-0.5954462535212722,-0.14459446561972325,1.0,-155.53964967855418
-0.609959410504134,-0.14459446561972325,1.0,-158.73058836150992
-0.6224728955353329,-0.14459446561972325,1.0,-162.43144520764514
-0.6369860596378241,-0.14459446561972325,1.0,-165.62238450072783
-0.6494995470616777,-0.14459446561972325,1.0,-169.32324296156253
-0.6640127174963235,-0.1514061289801928,1.0,-173.0241025228255
-0.6785258922463745,-0.1514061289801928,1.0,-176.72496311538345
-0.6930390710407194,-0.1514061289801928,1.0,-180.42582467577506
-0.7075522536304903,-0.1514061289801928,1.0,-184.12668714564137
-0.7220654397868288,-0.1514061289801928,1.0,-187.82755047122282
-0.736578629298913,-0.1514061289801928,1.0,-191.018491705137
-0.7490921243338705,-0.1514061289801928,1.0,-194.71935604545493
-0.7636053178253135,-0.1514061289801928,1.0,-198.4202211260317
-0.7781185142197321,-0.1514061289801928,1.0,-202.12108690620454
-0.7926317133576648,-0.1514061289801928,1.0,-205.83134338221276
-0.8071817387537756,-0.1514061289801928,1.0,-209.53217165762848
-0.8216947908142294,-0.1514061289801928,1.0,-213.2330018737552
-0.8362078504853144,-0.1514061289801928,1.0,-216.93383393126894
-0.8507209173775252,-0.1514061289801928,1.0,-220.6346677375098
-0.8652339911274893,-0.1514061289801928,1.0,-224.3355032059322
-0.8797470713958125,-0.1514061289801928,1.0,-227.52643360028375
-0.8922605239226813,-0.1514061289801928,2.0,-227.16239494400807
-0.8908329213490512,-0.14493875483982732,0.0,-233.89113941321662
-0.9172201545616337,-0.15024912081675332,1.0,-238.19220151766547
-0.9340870647751587,-0.15058914959912725,1.0,-241.36494941053826
-0.9465292133746599,-0.15058914959912725,0.0,-249.7174884528258
-0.9792842684424541,-0.15705652373949275,1.0,-253.65118123980358
-0.9947105146658964,-0.15739655252186668,1.0,-257.4845275291221
-1.0097432452122435,-0.15739655252186668,0.0,-266.6187839913623
-1.045563858789656,-0.1638639266622321,0.0,-272.6701235962884
-1.0692946023383858,-0.09542254108420396,1.0,-274.84394548021726
-1.0778193940400675,-0.09564916676083625,1.0,-276.9121365060894
-1.0859299470827035,-0.09564916676083625,1.0,-279.4888851864896
-1.0960348438685865,-0.09564916676083625,1.0,-281.5571412995012
-1.1041456521549067,-0.09564916676083625,1.0,-283.62542298697167
-1.1122565607332222,-0.09564916676083625,1.0,-285.73237570229765
-1.120519120401167,-0.09564916676083625,1.0,-288.3090693977978
-1.1306238015599914,-0.09564916676083625,1.0,-290.37728724687213
-1.1387344597916553,-0.09564916676083625,1.0,-292.4455304403053
-1.1468452174129617,-0.09564916676083625,1.0,-294.5137984441499
-1.1549560723299996,-0.09564916676083625,1.0,-297.1293070245867
-1.1652129687238693,-0.09564916676083625,1.0,-299.1974884964897
-1.1733234842999596,-0.09564916676083625,1.0,-301.2656950702052
-1.1814340983145304,-0.09564916676083625,1.0,-303.33392623228195
-1.189544808754047,-0.09564916676083625,1.0,-305.91072813944885
-1.1996499142723485,-0.09564916676083625,1.0,-308.01774029755353
-1.2079127070492297,-0.09564916676083625,1.0,-310.08591199763606
-1.216023184304455,-0.09564916676083625,1.0,-312.1541080534277
-1.2241337570722655,-0.09564916676083625,1.0,-314.73085856978327
-1.2342386610579736,-0.09564916676083625,1.0,-316.79911235359276
-1.2423494602101677,-0.09564916676083625,1.0,-318.86738891552767
-1.2504603486883439,-0.09564916676083625,1.0,-320.974339453203
-1.2587228998164823,-0.09564916676083625,1.0,-323.04252567478454
-1.266833434018763,-0.09564916676083625,1.0,-325.61926072148526
-1.2769382773391578,-0.09564916676083625,1.0,-327.68750305200297
-1.2850490315764822,-0.07219019404817914,1.0,-329.24722179253104
-1.2911655756569842,-0.07219019404817914,0.0,-334.41975780547426
-1.3114500306097028,-0.07865756818854457,1.0,-336.27959496246
-1.318743509656706,-0.0789975969709185,2.0,-334.36848399507954
-1.3112489568434493,-0.07253022283055308,1.0,-335.8277790222626
-1.3169716824402453,-0.07219019404817914,1.0,-337.3874559286123
-1.3230880624651462,-0.07219019404817914,1.0,-339.45565653071526
-1.3311986530616284,-0.07219019404817914,1.0,-341.01535230268274
-1.337315107069344,-0.07219019404817914,1.0,-342.57505460445975
-1.343431586684156,-0.07219019404817914,1.0,-344.13476334726226
-1.3495480915578912,-0.07219019404817914,1.0,-345.6944784439082
-1.3556646213486596,-0.07219019404817914,1.0,-347.2541998087814
-1.3617811757207112,-0.07219019404817914,1.0,-348.8139273577967
-1.3678977543443007,-0.07219019404817914,1.0,-350.920886631027
-1.3761603397295175,-0.07219019404817914,1.0,-352.4805636369013
-1.3822767201447108,-0.07219019404817914,1.0,-354.04024712646867
-1.3883931259861517,-0.07219019404817914,1.0,-355.5999370144153
-1.3945095569192758,-0.07219019404817914,1.0,-357.1596332169171
-1.4006260126153611,-0.07219019404817914,1.0,-358.71933565160833
-1.4067424927514054,-0.07219019404817914,1.0,-360.2790442375487
-1.412858997009995,-0.07219019404817914,1.0,-362.347300842405
-1.4209698072251178,-0.07219019404817914,1.0,-363.9070264155872
-1.427086378100342,-0.07219019404817914,0.0,-369.12012868404764
-1.44752991640803,-0.07865756818854457,0.0,-374.3273941431235
-1.467950565267151,-0.084327723475627,0.0,-380.7780332829887
-1.4932471893450538,-0.09113588498450645,0.0,-386.6053909077829
-1.5160995721873838,-0.004262269537992529,0.0,-389.0244011791911
-1.52558588697722,-0.011070431046871974,0.0,-391.3051490708043
-1.5345299963560954,-0.016740586333954626,0.0,-393.91586077916315
-1.5447680814869142,-0.023548747842834068,0.0,-397.1463088143824
-1.5574365051544405,-0.02921890312991672,0.0,-400.4828370920466
-1.570520929772732,-0.036027064638796236,0.0,-403.8949965376511
-1.5839019472064748,-0.04169721992587889,0.0,-408.35119424033036
-1.601377232315021,-0.04850538143475877,0.0,-412.322351644914
-1.616950398607506,-0.05417553672184142,0.0,-417.3876191911496
-1.6368141929064692,-0.06098369823072131,0.0,-422.07937024342624
-1.655213216640887,-0.06665385351780397,0.0,-423.75911156295973
-1.6618004375018027,0.012363482033501655,0.0,-424.67131510956074
-1.6653777063120028,0.006693326746419003,0.0,-426.79939003360516
-1.6737230981710005,-0.00011483476246088344,0.0,-428.27930499386116
-1.6795266862504359,-0.0057849900495435345,0.0,-431.2491766559565
-1.6911732417880647,-0.01259315155842342,0.0,-433.3023172373418
-1.6992247734797719,-0.01826330684550607,0.0,-436.46406544636557
-1.7116237860641785,-0.025071468354385958,0.0,-439.7825932822085
-1.724637620714543,-0.030741623641468294,0.0,-445.8725784856335
-1.7485199156299351,-0.10384138664051179,0.0,-453.00159129467
-1.7764768286065489,-0.10951154192759356,0.0,-461.13610896107303
-1.808376897886561,-0.11631970343647345,0.0,-468.7032725681635
-1.8380520492869157,-0.12198985872355522,0.0,-478.0592766691088
-1.8747422614474853,-0.1287980202324351,0.0,-486.532528907168
-1.9079707015967373,-0.13446817551951687,0.0,-496.85934764587563
-1.948468029983826,-0.14127633702839676,0.0,-506.2526564344246
-1.9853045350369591,-0.14694649231547852,0.0,-610.1909802984145
