Lateral Error,Yaw Error,Action,Reward
-0.00092101686764296,3.831546600176526e-05,2.0,-2.1074811897217587
0.008264632116555915,0.006505689606367569,2.0,-3.745330602228725
0.014687570989132256,0.012175844893449337,2.0,-6.2998807987164716
0.02470541489692734,0.018984006402329223,2.0,-8.23927633562357
0.03231088759068067,0.02465416168941099,2.0,-11.070609159867915
0.04341415356810947,0.03146232319829088,2.0,-13.612590476188462
0.05338270774975867,0.03713247848537265,2.0,-16.325553438394945
0.06402177818978409,0.04394063999425253,2.0,-19.56294867665893
0.07671744579081934,0.0496107952813343,2.0,-22.559615933554625
0.08846908209237109,0.056418956790214185,2.0,-25.704686833317417
0.10080269346398987,0.062089112077295956,2.0,-29.337440438373136
0.11504878603283582,0.06889727358617584,2.0,-32.78153767473094
0.1285550497048272,0.07456742887325761,2.0,-36.72617001777598
0.1440241961481411,0.0813755903821375,2.0,-40.469728329653854
0.1587048169790347,0.08704574566921926,2.0,-44.73771640418282
0.17544202511444243,0.09385390717809915,2.0,-49.160434519553476
0.19278601772373913,0.09952406246518092,2.0,-53.74442085667182
0.21076243473204634,0.10633222397406081,2.0,-58.14837138900347
0.22803282897648422,0.11200237926114258,2.0,-63.45006302003448
0.24882377654915483,0.11881054077002245,2.0,-68.5759635607518
0.2689253472970659,0.12448069605710423,2.0,-74.32434604822025
0.29146802371851077,0.1312888575659841,2.0,-79.48947440113984
0.3117234290240778,0.1369590128530659,2.0,-85.58525023121426
0.33562843227927164,0.14376717436194578,2.0,-92.21342185596343
0.36162126218024876,0.16072416158885308,2.0,-99.26353843604056
0.3892687781805512,0.16753232309773297,2.0,-105.97123830078606
0.41557348353249435,0.1732024783848165,2.0,-113.83981994547429
0.44643066645284035,0.1800106398936964,2.0,-121.79020644014093
0.47760865270643504,0.18568079518077993,2.0,-130.26033989937096
0.5108248623504743,0.19248895668965982,2.0,-138.8051232140507
0.544333816525689,0.19815911197674335,2.0,-148.1265880176867
0.5808885804615165,0.20496727348562324,2.0,-157.30258460336947
0.6168728807975272,0.21063742877270678,2.0,-167.76429237005286
0.657899185764913,0.21744559028158666,2.0,-178.09445949337214
0.6984096450720476,0.2231157455686702,2.0,-189.27307960334997
0.7422473709935293,0.22992390707755006,2.0,-200.3238567710035
0.785583752043151,0.2355940623646336,2.0,-213.08233339725217
0.8356169937147143,0.24240222387351348,2.0,-225.52578633136764
0.8844148483583044,0.24807237916059702,2.0,-239.59056852359868
0.939570856955289,0.2548805406694769,2.0,-253.67869241791743
0.994818401638892,0.26055069595656044,2.0,-269.48562125000694
1.0568063578431646,0.26735885746544036,2.0,-284.91337916094176
1.117307369258595,0.2730290127525239,2.0,-304.1357825561907
1.1926893433576107,0.3037994065195804,2.0,-323.8719436252502
1.2700860534323537,0.3094695618066639,2.0,-347.57863941270966
1.363053487892979,0.3162777233155438,2.0,-370.20168511185733
1.4517713141641464,0.32194787860262736,2.0,-397.26669280908374
1.5579085992513086,0.3287560401115072,2.0,-423.82890524371055
1.6620741382106297,0.33442619539859075,2.0,-454.9141974331844
1.7839772448360176,0.34123435690747067,2.0,-486.02912948493395
1.9059965862154271,0.3469045121945542,2.0,-610.5084345121114
