Lateral Error,Yaw Error,Action,Reward
0.0012618939596754284,0.0013391267574387306,1.0,-0.5103619359707191
0.002001419356747918,0.0013391267574387306,1.0,-0.2490679107524723
0.0009767369049116562,0.0013391267574387306,1.0,-0.4703038712886652
0.0018443289070143732,0.0013391267574387306,1.0,-0.692645628354793
0.0027162573660972278,0.0013391267574387306,1.0,-0.5597502513243608
0.002195099024801415,0.0013391267574387306,1.0,-0.46245418020571005
0.0018135458047282746,0.0013391267574387306,1.0,-0.678085082277861
0.0026591571854033768,0.0013391267574387306,1.0,-0.459428653185309
0.0018016809928835646,0.0013391267574387306,0.0,-1.3168916737802239
-0.0051642810736479364,-0.005128247382927074,1.0,-1.3455777720855757
-0.005276775576806179,-0.00546827616530098,0.0,-3.9537543882515442
-0.015504919169613898,-0.011935650305666784,1.0,-4.134327750579612
-0.016213050002272987,-0.01227567908804069,0.0,-6.639052277774617
-0.02603549912852791,-0.018743053228406494,1.0,-6.971102293035656
-0.027337656051120218,-0.019083082010780437,1.0,-7.2027847499648345
-0.028246214705744448,-0.019083082010780437,1.0,-7.885711175684855
-0.030924357551705313,-0.019083082010780437,1.0,-8.117102385212217
-0.03183177405965575,-0.019083082010780437,1.0,-8.592741830232965
-0.03369702678522731,-0.019083082010780437,1.0,-9.269195031583047
-0.03634978443758057,-0.019083082010780437,1.0,-9.50087263617751
-0.03725832406344122,-0.019083082010780437,1.0,-9.73255517467385
-0.038166883037936666,-0.019083082010780437,1.0,-10.414636187913846
-0.04084171054083861,-0.019083082010780437,1.0,-10.646115052785476
-0.04174947079523716,-0.019083082010780437,1.0,-11.121830419391179
-0.04361502125251442,-0.019083082010780437,1.0,-11.798964376449412
-0.04627044853509573,-0.019083082010780437,1.0,-12.030643086589768
-0.04717899249643046,-0.019083082010780437,1.0,-12.262325670971142
-0.04808755165086723,-0.007796250070956659,1.0,-12.494011914067729
-0.048996125153206775,-0.007796250070956659,1.0,-12.725701616046011
-0.04990471221978828,-0.007796250070956659,1.0,-12.957394591362007
-0.050813312122988265,-0.007796250070956659,1.0,-13.189090667507555
-0.051721924186304134,-0.007796250070956659,1.0,-13.420789683884971
-0.05263054777994106,-0.007796250070956659,1.0,-13.20779427198315
-0.051795271654835884,-0.007796250070956659,1.0,-13.193083287384335
-0.05173758151915425,-0.007796250070956659,1.0,-13.424675272971406
-0.052645785384201595,-0.007796250070956659,1.0,-13.656273679355657
-0.053554014428845706,-0.007796250070956659,1.0,-13.8878781853116
-0.054462267393378824,-0.007796250070956659,1.0,-14.11948849068218
-0.05537054310071443,-0.007796250070956659,1.0,-14.351104314679782
-0.05627884044972463,-0.007796250070956659,1.0,-14.582725394349128
-0.05718715840921227,-0.007796250070956659,1.0,-14.814351483174374
-0.058095496012448525,-0.007796250070956659,1.0,-15.04598234981441
-0.05900385235221338,-0.007796250070956659,1.0,-15.27761777695344
-0.059912226576287995,-0.007796250070956659,1.0,-15.062091606921479
-0.059067025909495995,-0.007796250070956659,1.0,-15.293833217580149
-0.05997581653952999,-0.007796250070956659,1.0,-15.525576010663267
-0.06088461180652262,-0.007796250070956659,1.0,-15.757319934001101
-0.06179341150588667,-0.007796250070956659,1.0,-15.989064938448205
-0.06270221544489493,-0.007796250070956659,1.0,-15.977566776760938
-0.06265712461474877,-0.007796250070956659,1.0,-16.209115240585277
-0.06356515780621677,-0.007796250070956659,1.0,-16.440670263804716
-0.0644732167208028,-0.007796250070956659,1.0,-16.672231573115624
-0.06538130028672794,-0.007796250070956659,1.0,-16.903798910182736
-0.0662894074909127,-0.007796250070956659,1.0,-17.13537203062882
-0.06719753737501497,-0.007796250070956659,1.0,-16.917882199297456
-0.06634463607567628,-0.007796250070956659,1.0,-17.149577428775714
-0.06725324481872828,-0.007796250070956659,1.0,-17.38127495109905
-0.06816186255332961,-0.007796250070956659,1.0,-17.61297467578073
-0.06907048892463032,-0.007796250070956659,1.0,-17.844676517032905
-0.06997912359620748,-0.007796250070956659,1.0,-18.07638039346572
-0.07088776624888518,-0.007796250070956659,1.0,-18.308086227808765
-0.07179641657964221,-0.007796250070956659,1.0,-18.539793946653056
-0.07270507430060022,-0.007796250070956659,1.0,-18.53075718577171
-0.07266963602263415,-0.007796250070956659,1.0,-18.311443379577153
-0.07180958188069472,0.01616598218721998,1.0,-18.095530992637826
-0.0709628666377954,0.01616598218721998,1.0,-17.63488282555888
-0.06915640323748581,0.01616598218721998,1.0,-17.4197522678142
-0.06831275399142825,0.01616598218721998,1.0,-16.958474402716153
-0.06650382118712217,0.01616598218721998,1.0,-16.49948686022914
-0.06470387004011427,0.01616598218721998,1.0,-16.282237070890854
-0.06385191008192491,0.01616598218721998,1.0,-15.82263224769832
-0.06204953822626792,0.01616598218721998,1.0,-15.60619307091035
-0.0612007571408249,0.01616598218721998,1.0,-15.145921695613515
-0.05939577135534711,0.01616598218721998,1.0,-14.930368664875381
-0.05855046535245247,0.01616598218721998,1.0,-14.46937541644884
-0.056742648691956235,0.01616598218721998,1.0,-14.011098065566088
-0.05494548261006309,0.01616598218721998,1.0,-13.793017582941573
-0.05409026503114343,0.01616598218721998,1.0,-13.334039625485882
-0.052290351472493654,0.01616598218721998,1.0,-13.116877346124056
-0.051438734690682573,0.01616598218721998,1.0,-12.657131769633676
-0.04963581086130854,0.01616598218721998,1.0,-12.440990183739965
-0.048788196798980256,0.01616598218721998,1.0,-11.980400022638525
-0.046981960873092254,0.01616598218721998,1.0,-11.76539971098689
-0.04613882239602702,0.01616598218721998,1.0,-11.30387601399307
-0.04432892554507087,0.01616598218721998,1.0,-10.845815926333048
-0.04253261147581587,0.01616598218721998,1.0,-10.627599415942628
-0.04167686045467697,0.01616598218721998,1.0,-10.168638755695435
-0.03987701472821739,0.01616598218721998,1.0,-9.951620668036181
-0.03902596340406345,0.01616598218721998,1.0,-9.491645449999037
-0.03722213901960406,0.01616598218721998,1.0,-9.276004887016297
-0.036376489753005094,0.01616598218721998,1.0,-8.814878372494324
-0.034568150480369896,0.01616598218721998,1.0,-8.35829063669838
-0.03277761033999364,0.01616598218721998,1.0,-8.138393960971223
-0.03191527043518127,0.01616598218721998,1.0,-7.680731250313385
-0.03012051470711131,0.01616598218721998,1.0,-7.46226909021665
-0.029263800353790788,0.01616598218721998,1.0,-7.00334711979108
-0.027464106352121882,0.01616598218721998,1.0,-6.786611220215682
-0.026614161647904633,0.01616598218721998,1.0,-6.326194542515743
-0.024808606049081344,0.01616598218721998,1.0,-5.872351361498123
-0.02302882886862009,0.01616598218721998,1.0,-5.649356783559567
-0.022154340327684575,0.01616598218721998,1.0,-4.741260819642489
-0.0185931796848725,0.05448834111955914,1.0,-3.833698641299891
-0.0150341123188231,0.05448834111955914,1.0,-2.2355093310797356
-0.008766703259136217,0.05448834111955914,1.0,-1.3263379602169083
-0.005201325334183954,0.05448834111955914,1.0,-0.2425057215706609
0.0009510028296888662,0.05448834111955914,1.0,-1.1932898335582918
0.004679567974738398,0.05448834111955914,1.0,-2.5416919567215595
0.009967419438123763,0.05448834111955914,1.0,-3.4509138613645094
0.013532995534762782,0.05448834111955914,1.0,-5.0462290980974265
0.019789133718029126,0.05448834111955914,1.0,-5.954579404888243
0.02335129178387546,0.05448834111955914,1.0,-7.55456811127282
0.029625757299109094,0.05448834111955914,1.0,-8.462154951868696
0.03318492137987724,0.05448834111955914,1.0,-9.821057247923607
0.03851394999185728,0.05448834111955914,1.0,-10.970959762003739
0.04302337161570094,0.05448834111955914,1.0,-12.326543630424956
0.048339386785980216,0.05448834111955914,1.0,-13.235073970880181
0.051902250866196785,0.05448834111955914,1.0,-14.833645250183784
0.05817115784385798,0.05448834111955914,1.0,-15.741807896589885
0.061732579986627,0.05448834111955914,1.0,-17.34166157187896
0.06800651596815278,0.05448834111955914,1.0,-18.24951204337702
0.07156671389559614,0.05448834111955914,1.0,-19.607020458403873
0.07689027630746617,0.05448834111955914,1.0,-20.757834783991616
0.08140327366271222,0.05448834111955914,1.0,-22.113680993677587
0.08672031762226504,0.05448834111955914,1.0,-23.022017481062466
0.09028242149436261,0.05448834111955914,1.0,-24.62107560716629
0.09655323767516193,0.05448834111955914,1.0,-25.52919397797283
0.10011448618812875,0.05448834111955914,1.0,-27.12900075836287
0.1063882382680897,0.05448834111955914,1.0,-28.03692284401723
0.10994871703536169,0.05448834111955914,1.0,-29.393963094377916
0.11527044350736437,0.05448834111955914,1.0,-30.54506803213211
0.11978458051816514,0.05448834111955914,1.0,-31.901000386439044
0.12510196229976095,0.05448834111955914,1.0,-32.80925363567528
0.1286637397477462,0.05448834111955914,1.0,-34.4085080473901
0.1349353256760396,0.05448834111955914,1.0,-35.31660662952705
0.1384964965863806,0.05448834111955914,1.0,-36.91639022939305
0.14477015776232569,0.05448834111955914,1.0,-37.8243456605561
0.14833076729629843,0.05448834111955914,1.0,-39.18115121941751
0.1536515734094804,0.05448834111955914,1.0,-41.22946941562217
0.1616841937867536,0.10876399400369913,1.0,-43.51958132976603
0.17066502482261187,0.10876399400369913,1.0,-46.01631477324896
0.1804561363656822,0.10876399400369913,1.0,-48.7551314985076
0.19119659411179452,0.10876399400369913,1.0,-51.49428944129471
0.2019383899658616,0.10876399400369913,1.0,-53.542211115626365
0.20996945535539752,0.10876399400369913,1.0,-56.2814701168823
0.22071164751718547,0.10876399400369913,1.0,-58.778326428030034
0.23050324089423543,0.10876399400369913,1.0,-61.51715610708763
0.24124374943955934,0.10876399400369913,1.0,-63.80824587414978
0.25022841519274425,0.10876399400369913,1.0,-66.30422191914339
0.26001655654566036,0.10876399400369913,1.0,-69.04341074547168
0.2707584735116536,0.10876399400369913,1.0,-71.54034427859844
0.28055036971999386,0.10876399400369913,1.0,-73.83058555140735
0.2895317080447347,0.10876399400369913,1.0,-76.3273052298139
0.29932276560711335,0.10876399400369913,1.0,-79.06623860350726
0.31006368079806773,0.10876399400369913,1.0,-81.80537895315524
0.32080540765943233,0.10876399400369913,1.0,-83.853325502022
0.3288365705961648,0.10876399400369913,1.0,-86.59253227762079
0.33957855795145403,0.10876399400369913,1.0,-89.08933336826705
0.34936993477751777,0.10876399400369913,1.0,-91.82825871681041
0.36011081849729576,0.10876399400369913,1.0,-93.87633752010728
0.36814250007885213,0.10876399400369913,1.0,-96.61533540224599
0.3788836682441019,0.10876399400369913,1.0,-99.35450014513135
0.389625490765221,0.10876399400369913,1.0,-101.8513617278152
0.3994171048149616,0.10876399400369913,1.0,-104.14165392249375
0.40839864283330884,0.10876399400369913,1.0,-106.63836615910259
0.418189671212167,0.10876399400369913,1.0,-109.37734976438192
0.428930783389733,0.10876399400369913,1.0,-111.66822493652396
0.43791460759421164,0.10876399400369913,1.0,-114.16443990774455
0.4477036859127238,0.10876399400369913,1.0,-116.90362153965674
0.45844557466532054,0.10876399400369913,1.0,-119.40039487969703
0.46823684266547855,0.10876399400369913,1.0,-121.69077563132265
0.4772187279659712,0.10876399400369913,1.0,-124.18742412475694
0.4870095063715959,0.10876399400369913,1.0,-126.92644933416035
0.4977507817025896,0.10876399400369913,1.0,-130.35705362891918
0.5112041318781144,0.17186088155126006,1.0,-134.6844067898865
0.5281741442740647,0.17186088155126006,1.0,-139.01194400037997
0.5451448784328626,0.17186088155126006,1.0,-143.3396485905989
0.5621162689827408,0.17186088155126006,1.0,-147.21851783486437
0.5773275209210368,0.17186088155126006,1.0,-151.54628051479992
0.5942991392737251,0.17186088155126006,1.0,-156.11621961023627
0.61222046905975,0.17186088155126006,1.0,-159.9952271824407
0.6274322634605516,0.17186088155126006,1.0,-164.32276010351546
0.6444029807980998,0.17186088155126006,1.0,-168.65043550434322
0.6613742568797774,0.17186088155126006,1.0,-172.97824269098768
0.6783460497685792,0.17186088155126006,1.0,-177.09957003108087
0.6945081177689445,0.17186088155126006,1.0,-181.4270410811504
0.7114785924750996,0.17186088155126006,1.0,-185.7546443742917
0.7284495857815361,0.17186088155126006,1.0,-190.0823708781753
0.7454210622673542,0.17186088155126006,1.0,-193.96123157719643
0.760632280694888,0.17186088155126006,1.0,-198.5313507629614
0.7785543167174958,0.17186088155126006,1.0,-202.858893495738
0.7955250725323058,0.17186088155126006,1.0,-206.7378626834988
0.8107367164058777,0.17186088155126006,1.0,-211.06545468776957
0.8277076654422336,0.17186088155126006,1.0,-215.39315587794113
0.8446790426585926,0.17186088155126006,0.0,-214.91309958655407
0.8427964689668788,0.16539350741089423,1.0,-218.9910208318758
0.8587883169877483,0.1650534786285203,1.0,-223.16933430361598
0.8751738600141804,0.1650534786285203,1.0,-226.89386933687746
0.8897798797524606,0.1650534786285203,1.0,-231.07215280436998
0.9061653051151763,0.1650534786285203,1.0,-235.2504529299696
0.9225507958038024,0.1650534786285203,1.0,-238.97502258414914
0.9371569513103888,0.1650534786285203,1.0,-243.15329426445865
0.9535423304488575,0.1650534786285203,1.0,-247.33158218744714
0.9699277732841065,0.1650534786285203,1.0,-251.5098855436046
0.9863132766415867,0.1650534786285203,1.0,-255.23444386489854
1.0009193877054845,0.1650534786285203,1.0,-259.41272059073987
1.0173047866303526,0.1650534786285203,1.0,-265.18522433170904
1.0399420562027806,0.22541997143964213,1.0,-271.190328572108
1.063491484596502,0.22541997143964213,1.0,-277.195515520747
1.0870412373362626,0.22541997143964213,1.0,-283.6544786129554
1.112370504364531,0.22541997143964213,1.0,-289.6596981975521
1.1359203850884396,0.22541997143964213,1.0,-295.4321376477175
1.1585574025400687,0.22541997143964213,1.0,-301.43727758654467
1.1821069709276262,0.22541997143964213,1.0,-307.8962675386934
1.2074363432889936,0.22541997143964213,1.0,-313.90143984520193
1.230986038608635,0.22541997143964213,1.0,-319.90668126205
1.2545360049492156,0.22541997143964213,1.0,-325.6790682664996
1.2771728167313712,0.22541997143964213,1.0,-332.1380806012802
1.3025022768677654,0.22541997143964213,1.0,-338.14321197986175
1.3260518116857325,0.22541997143964213,1.0,-344.1484090289952
1.3496016040352754,0.22541997143964213,1.0,-350.153668369896
1.3731516406662592,0.22541997143964213,1.0,-356.3799128751776
1.3975682857850102,0.22541997143964213,1.0,-362.38500848323923
1.4211176803264283,0.22541997143964213,1.0,-368.39016660661713
1.4446673200259494,0.22541997143964213,1.0,-374.3953842371467
1.4682171930868495,0.22541997143964213,1.0,-380.85433233063424
1.4935464012966049,0.22541997143964213,1.0,-386.6268247715227
1.516183626554991,0.22541997143964213,1.0,-392.6319484732316
1.5397331312675748,0.22541997143964213,1.0,-398.63712910043745
1.5632828592174017,0.22541997143964213,1.0,-405.09609878085405
1.5886121520817806,0.22541997143964213,1.0,-411.1013025909362
1.6121619709448478,0.22541997143964213,1.0,-416.8737503915238
1.6347990211432308,0.22541997143964213,1.0,-422.87889797313113
1.658348619502475,0.22541997143964213,1.0,-429.3378864415469
1.6836779860452822,0.22541997143964213,1.0,-436.4833907450672
1.711699571549283,0.2733660839791889,1.0,-444.76926785039643
1.7441932072564565,0.2733660839791889,1.0,-453.0551784426032
1.7766869742847184,0.2733660839791889,1.0,-461.1081990749823
1.8082674473528715,0.2733660839791889,1.0,-469.3940537487777
1.8407609950932458,0.2733660839791889,1.0,-477.67994096137323
1.8732546704367579,0.2733660839791889,1.0,-485.96585904837633
1.9057484668563778,0.2733660839791889,1.0,-494.0188543838511
1.9373288407209845,0.2733660839791889,1.0,-502.3047202660488
1.9698224324158775,0.2733660839791889,1.0,-610.1250266865642
