Lateral Error,Yaw Error,Action,Reward
0.0010886173844317838,0.0010640235740572463,1.0,-0.44696369691080656
0.0017527988114149277,0.0010640235740572463,1.0,-0.17179169721526294
0.0006736929302559331,0.0010640235740572463,1.0,-0.3859793234093514
0.0015136444055268683,0.0010640235740572463,1.0,-0.6020655558381882
0.002361041395443875,0.0010640235740572463,1.0,-0.47879881886695896
0.0018776424269292507,0.0010640235740572463,1.0,-0.3672975208112561
0.0014403824345539456,0.0010640235740572463,1.0,-0.5729117592499732
0.0022467127813724434,0.0010640235740572463,1.0,-0.3479276212433632
0.0013644220440916202,0.0010640235740572463,1.0,-0.5577862350876498
0.002187397000343725,0.0010640235740572463,1.0,-0.7715131774911606
0.0030255418725143547,0.0010640235740572463,1.0,-0.2929963604820679
0.0011490053352237956,0.0010640235740572463,1.0,-0.5057037090538777
0.001983151800211285,0.0010640235740572463,1.0,-0.7208750654627563
0.0028269610410304167,0.0010640235740572463,1.0,-0.524953817591972
0.002058642421929302,0.0010640235740572463,1.0,-0.7322926796001137
0.0028717359984318184,0.0010640235740572463,1.0,-0.7190807005646437
0.0028199243159397792,0.0010640235740572463,1.0,-0.44615364487840437
0.0017496221367780563,0.0010640235740572463,1.0,-0.662983146463987
0.0025999339077019097,0.0010640235740572463,1.0,-0.8798155913099056
0.003450257220823159,0.0010640235740572463,1.0,-0.7021972872140986
0.0027537148518199947,0.0010640235740572463,1.0,-0.6448477753314632
0.002528814805221424,0.0010640235740572463,1.0,-0.8545027766089175
0.0033509912808192843,0.0010640235740572463,1.0,-0.6125691152892996
0.00240223182466392,0.0010640235740572463,1.0,-0.8284556127063732
0.003248845540024993,0.0010640235740572463,1.0,-1.0447352430174697
0.004097000953009685,0.0010640235740572463,1.0,-0.8795266842579964
0.0034491242519921425,0.0010640235740572463,1.0,-1.0841824816127266
0.004251696006324418,0.012350855513881024,1.0,-1.2928152857654729
0.005069863865746952,0.012350855513881024,1.0,-1.5037706997215115
0.005897139998907888,0.012350855513881024,1.0,-2.1278311787553474
0.008344435995119009,0.012350855513881024,1.0,-2.3445703270358607
0.009194393439356316,0.012350855513881024,1.0,-2.5613257809404155
0.010044414827217317,0.012350855513881024,1.0,-2.7780937238261467
0.010894485191475086,0.012350855513881024,1.0,-2.9948714438475816
0.011744593897441497,0.012350855513881024,1.0,-3.211656961218713
0.012594733181249856,0.012350855513881024,1.0,-3.4284487968284902
0.013444897242464667,0.012350855513881024,1.0,-3.645245823393022
0.014295081660364792,0.012350855513881024,1.0,-3.8620471667255867
0.015145283006767008,0.012350855513881024,1.0,-4.078852138484693
0.015995498582292912,0.012350855513881024,1.0,-4.295660189282741
0.016845726232481338,0.012350855513881024,1.0,-5.215109575095484
0.020451410098413662,0.012350855513881024,1.0,-5.431702152875439
0.02130079275637427,0.012350855513881024,0.0,-3.6664654815164948
0.014378296005947038,0.005883481373515219,1.0,-3.6311725198095415
0.014239892234547222,0.005543452591141313,1.0,-3.696141831342293
0.01449467384840115,0.005543452591141313,1.0,-3.7611246251610715
0.014749508333964986,0.005543452591141313,1.0,-3.826120214316857
0.015004392997321009,0.005543452591141313,1.0,-3.8911279576276896
0.015259325324030158,0.005543452591141313,1.0,-3.956147255939258
0.015514302964467677,0.005543452591141313,1.0,-4.021177548745642
0.015769323720571143,0.005543452591141313,1.0,-4.523588058156722
0.0177395610123793,0.005543452591141313,1.0,-4.58890279448771
0.01799569723328514,0.005543452591141313,1.0,-4.6542187566156255
0.01825183826123775,0.005543452591141313,1.0,-4.71953589364723
0.0185079838966558,0.005543452591141313,1.0,-4.784854157467134
0.018764133950851504,0.005543452591141313,1.0,-4.850173502550803
0.01902028824529727,0.005543452591141313,1.0,-4.915493885793888
0.019276446610956424,0.005543452591141313,1.0,-4.980815266351905
0.01953260888765453,0.005543452591141313,1.0,-5.312380041745844
0.02083286290880723,0.005543452591141313,1.0,-5.377296700905344
0.02108743804276605,0.005543452591141313,1.0,-5.873408131855709
0.02303297306610082,0.005543452591141313,1.0,-5.938625544220968
0.023288727624395954,0.005543452591141313,1.0,-6.003846022793643
0.023544494207033893,0.005543452591141313,1.0,-6.069069468721864
0.02380027242636025,0.02950568484931795,0.0,-4.595700562473908
0.018022355146956503,0.023038310708952146,1.0,-5.102511357403619
0.02000984846040635,0.022698281926578242,1.0,-5.716201342509798
0.022416475852979602,0.022698281926578242,1.0,-6.068514714597808
0.023798096919991404,0.022698281926578242,1.0,-6.679618664923943
0.02619458299970174,0.022698281926578242,1.0,-7.035249197174672
0.02758921253793989,0.022698281926578242,1.0,-7.6443616454025065
0.029977888805500025,0.022698281926578242,0.0,-6.019566512500344
0.02360614318627586,0.016230907786212438,2.0,-8.10030334632491
0.03176589547578396,0.02154127376313875,0.0,-6.817167044101614
0.026733988408241628,0.016230907786212438,1.0,-7.171966450145302
0.02812535862802079,0.015890879003838496,1.0,-7.381450995005533
0.028946866647080523,0.015890879003838496,1.0,-7.835143175361723
0.030726051668085185,0.015890879003838496,0.0,-6.520511351822671
0.02557063275224577,0.009423504863472655,1.0,-6.71421573773102
0.026330257795023605,0.009083476081098715,1.0,-6.7833621440393435
0.026601420172703304,0.009083476081098715,1.0,-7.076348839254999
0.027750387604921566,0.009083476081098715,1.0,-7.146654524492826
0.02802609617448167,0.009083476081098715,0.0,-5.455810572591279
0.02139533557878933,0.0026161019407328753,0.0,-3.643295577944515
0.014287433638998098,-0.0030540533463497763,1.0,-3.5909177069849214
0.01408203022347028,-0.0032806790229820645,1.0,-3.3903763249875243
0.013295593431323624,-0.0032806790229820645,1.0,-3.402670352927523
0.01334380530559813,-0.0032806790229820645,1.0,-3.204933162442931
0.012568365342913456,-0.0032806790229820645,1.0,-3.214721642910831
0.012606751540826789,-0.0032806790229820645,1.0,-3.02015491072396
0.011843744747937097,-0.0032806790229820645,1.0,-3.027127204208554
0.011871087075327663,-0.0032806790229820645,1.0,-3.0490717860648657
0.011957144259077904,-0.0032806790229820645,1.0,-2.839957242261358
0.011137087224554346,-0.0032806790229820645,1.0,-2.8597240328406954
0.011214604050355669,-0.0032806790229820645,1.0,-2.6533015892730782
0.01040510427165913,-0.0032806790229820645,1.0,-2.670580178498592
0.010472863445092517,-0.0032806790229820645,1.0,-2.4672769742690837
0.009675595977525818,-0.0032806790229820645,1.0,-2.4816868444519247
0.00973210527236049,-0.0032806790229820645,1.0,-2.282037723226947
0.008949167542066459,-0.0032806790229820645,1.0,-2.293105940948821
0.008992572317446356,-0.0032806790229820645,1.0,-2.3238222313737893
0.009113028358328586,0.035041679909357096,0.0,-1.266082830587759
0.00496503070818729,0.028574305768991257,0.0,-0.32026899842654044
0.0012559568565746683,0.022904150481908605,0.0,-1.5672582541116233
-0.006146110800437738,0.01609598897302872,0.0,-2.7857035318760466
-0.010924327575984496,0.010425833685946068,1.0,-2.7552997316859376
-0.010805096987003677,0.01019920800931378,1.0,-2.3446408182999092
-0.009194669875685919,0.01019920800931378,1.0,-2.422888770700723
-0.009501524590983228,0.01019920800931378,1.0,-2.0207289893406024
-0.007924427409178833,0.01019920800931378,0.0,-3.6073081174658586
-0.014146306343003368,0.0037318338689479405,1.0,-3.766969212242059
-0.014772428283302191,0.003391805086573999,0.0,-5.491545124361758
-0.021535471075928462,-0.0030755690537918406,0.0,-7.606754363027359
-0.029830409266773956,-0.008745724340874492,1.0,-7.694932967216318
-0.030176207714573793,-0.00897235001750678,1.0,-8.049015993590885
-0.031564768602317196,-0.00897235001750678,1.0,-8.063817795318528
-0.031622814883602066,-0.00897235001750678,1.0,-8.568903287973162
-0.0336035423057771,-0.00897235001750678,1.0,-8.586624350011816
-0.033673036666713,-0.00897235001750678,1.0,-8.60703803341626
-0.033753090327122585,-0.00897235001750678,1.0,-8.962698972087011
-0.03514783910622357,-0.00897235001750678,1.0,-8.97734730890313
-0.035205283564326,-0.00897235001750678,1.0,-9.482418551227795
-0.03718595510285409,-0.00897235001750678,1.0,-9.49971413357552
-0.03725378091598243,-0.00897235001750678,1.0,-10.004845018681598
-0.039234686347770976,-0.00897235001750678,1.0,-10.02450727394563
-0.03931179323115934,-0.00897235001750678,1.0,-9.890905185844602
-0.038787863473900404,-0.00897235001750678,1.0,-10.39596330432259
-0.0407684835463631,-0.00897235001750678,1.0,-10.41290799600263
-0.040834933317657376,-0.00897235001750678,1.0,-10.918038235638043
-0.04281583621818841,-0.00897235001750678,1.0,-10.937169378857003
-0.04289086030924315,-0.00897235001750678,1.0,-11.294935011948684
-0.04429386279195562,-0.00897235001750678,1.0,-11.309530400995271
-0.044351099611746166,-0.00897235001750678,1.0,-11.32618076267553
-0.04441639514774719,-0.00897235001750678,1.0,-11.831307087717029
-0.04639728269692952,-0.00897235001750678,1.0,-11.849988834601834
-0.04647054444941896,-0.00897235001750678,1.0,-12.355102203844028
-0.048451381191545205,-0.00897235001750678,1.0,-12.223114831305288
-0.047933783652177604,-0.00897235001750678,1.0,-12.72815777243909
-0.04991434420564349,-0.00897235001750678,1.0,-11.621663956326099
-0.04557515276990627,0.0453033028666332,1.0,-10.515436879839001
-0.04123700737191765,0.0453033028666332,1.0,-9.557520289167872
-0.03748047172222695,0.0453033028666332,1.0,-8.449827023640127
-0.03313657656329462,0.0453033028666332,1.0,-7.828381859948741
-0.030699536705681336,0.0453033028666332,1.0,-6.7213577814641265
-0.026358265809663238,0.0453033028666332,1.0,-5.614624220209256
-0.022018134196899044,0.0453033028666332,1.0,-4.508395132229696
-0.01767998091070469,0.0453033028666332,1.0,-3.403162504039945
-0.013345735309960569,0.0453033028666332,1.0,-2.300363061765336
-0.009021031614766023,0.0453033028666332,1.0,-1.3603461896202969
-0.0053346909396874385,0.0453033028666332,1.0,-0.7193589573398083
-0.00282101551897964,0.0453033028666332,1.0,-0.39384500918704385
0.0015444902321060544,0.0453033028666332,1.0,-1.499005436767111
0.005878452693204357,0.0453033028666332,1.0,-2.6063744040511123
0.010221076094318087,0.0453033028666332,0.0,-1.733669060236153
0.006798702197004522,0.03883592872626736,1.0,-2.46074511733441
0.009649980852291806,0.038495899943893415,1.0,-3.405849810927269
0.01335627376834223,0.038495899943893415,1.0,-3.8618058218439657
0.015144336556250845,0.038495899943893415,1.0,-4.816217950121912
0.01888712921616436,0.038495899943893415,0.0,-3.7897419183746415
0.014861733013233888,0.03202852580352758,1.0,-4.362995043493325
0.01710978448428755,0.03168849702115364,1.0,-5.160839028231937
0.020238584424438967,0.03168849702115364,1.0,-5.960666785788861
0.023375163865838672,0.03168849702115364,1.0,-6.7617743911787676
0.026516762318348108,0.03168849702115364,1.0,-7.073031775307834
0.02773737951101111,0.03168849702115364,0.0,-5.762398685863742
0.02259764190534801,0.02522112288078815,1.0,-6.310095820426119
0.02474547380559262,0.0248810940984142,1.0,-6.959412185783827
0.027291812493269906,0.0248810940984142,1.0,-7.492484895654138
0.0293822937084476,0.0248810940984142,1.0,-8.13772538113291
0.03191264855346239,0.0248810940984142,1.0,-8.784368570445583
0.034448504197825816,0.0248810940984142,1.0,-9.43212597030477
0.03698872929531283,0.0248810940984142,1.0,-9.586775765838095
0.03759519908171802,0.0248810940984142,1.0,-10.115480953531089
0.039668552758945444,0.0248810940984142,0.0,-8.779546544102736
0.03442959429059896,0.01841371995804875,1.0,-9.068418307639435
0.03556242473584092,0.018073691175674797,1.0,-11.162384916492421
0.04377405849604871,0.08117057872323574,0.0,-10.671237087884995
0.04184798857994116,0.07470320458287029,0.0,-10.778458334981453
0.042268464058750795,0.06903304929578763,0.0,-9.826482702354571
0.038535226283743416,0.06222488778690819,0.0,-9.664012044793044
0.0378980864501688,0.05655473249982554,0.0,-9.026491666529264
0.03539800653540888,0.04974657099094609,0.0,-8.029917176125736
0.031489871278924456,0.04407641570386366,0.0,-7.116646339238386
0.027908417016621122,0.03726825419498422,0.0,-6.4012952080909855
0.025103118463101905,0.03159809890790179,1.0,-6.720544394775994
0.026355076057945077,0.0313714732312695,1.0,-7.615335401302871
0.029864060397266162,0.0313714732312695,0.0,-5.995446314914357
0.023511554176134732,0.024904099090904058,1.0,-6.636889365467582
0.02602701711948071,0.024564070308530115,1.0,-7.3789782143748175
0.028937169468136535,0.024564070308530115,0.0,-5.628659927403775
0.02207317618589716,0.018096696168164634,1.0,-6.1193743302421755
0.02399754639310657,0.017756667385790688,1.0,-6.201043704314796
0.02431781844829332,0.017756667385790688,1.0,-6.792458855169615
0.026637093549684764,0.017756667385790688,1.0,-7.375688594059936
0.028924268996313472,0.017756667385790688,1.0,-7.454597604349598
0.029233716095488617,0.017756667385790688,1.0,-8.043869721789104
0.031544587144271,0.017756667385790688,1.0,-8.633504002589758
0.03385687844152847,0.017756667385790688,1.0,-8.713446717890527
0.0341703792858452,0.017756667385790688,1.0,-9.303639368836805
0.03648486026994825,0.017756667385790688,1.0,-9.384120792580989
0.03680047369639604,0.017756667385790688,1.0,-9.974731845410124
0.039116595472196564,0.017756667385790688,0.0,-8.581979649295196
0.03365482215409881,0.011289293245425212,1.0,-8.40849500741799
0.03297449022516859,0.010949264463051268,1.0,-8.84561995424098
0.03468870570290581,0.010949264463051268,1.0,-8.77313473547734
0.034404449943048386,0.010949264463051268,1.0,-9.210942158587653
0.03612134179838295,0.010949264463051268,1.0,-9.649047399788675
0.037839401567798726,0.010949264463051268,1.0,-9.577429716810167
0.03755854790905948,0.010949264463051268,1.0,-10.016046052803224
0.03927861197177735,0.010949264463051268,1.0,-10.458261600721535
0.04101279059106484,0.010949264463051268,1.0,-10.384894382673513
0.04072507601048436,0.010949264463051268,1.0,-10.821650239595584
0.042437844076845435,0.010949264463051268,1.0,-11.76868710009845
0.04615171411803314,0.07131575727417312,0.0,-11.76752211773732
0.046147145559754195,0.06484838313380764,0.0,-11.336314074776444
0.04445613362657429,0.05917822784672521,0.0,-10.456634479659012
0.04100640972415299,0.05237006633784576,0.0,-9.787532444190967
0.038382480173297914,0.046699911050763335,0.0,-8.594769989976047
0.03370498035284725,0.03989174954188389,0.0,-7.6538355702653025
0.03001504145202079,0.03422159425480143,0.0,-6.7530345899181
0.026482488587914115,0.02741343274592199,0.0,-5.472504547920697
0.021460802148708616,0.021743277458839336,0.0,-3.791274085115806
0.014867741510258062,0.014935115949959893,1.0,-3.9595230203283647
0.015527541256189667,0.014595087167585943,1.0,-4.118449717747369
0.01615078320685243,0.014595087167585943,1.0,-4.793491412731007
0.0187980055401216,0.014595087167585943,1.0,-5.047103603252734
0.01979256315001072,0.014595087167585943,1.0,-5.217011747664743
0.020458869598685266,0.014595087167585943,1.0,-5.4756074402194495
0.021472970353801763,0.014595087167585943,1.0,-6.145752673394369
0.024100990876056348,0.014595087167585943,1.0,-6.40402284660482
0.025113815084724784,0.014595087167585943,1.0,-6.571160060561743
0.025769255139457815,0.014595087167585943,1.0,-6.833062830451665
0.02679632482530065,0.014595087167585943,1.0,-7.500054264129059
0.029411977506388465,0.014595087167585943,1.0,-7.76128755435898
0.03043642178179992,0.014595087167585943,1.0,-7.926594448532876
0.031084684111893635,0.014595087167585943,1.0,-8.190667890602862
0.03212026623765828,0.014595087167585943,1.0,-8.353998838571444
0.03276077975910371,0.014595087167585943,1.0,-9.118743467539698
0.03575977830407724,0.014595087167585943,1.0,-9.282751564339303
0.036402947311134526,0.014595087167585943,1.0,-9.451554579546382
0.03706491991978974,0.014595087167585943,1.0,-9.71072039635701
0.038081256456302,0.014595087167585943,1.0,-10.380438411909436
0.04070760161533112,0.014595087167585943,1.0,-10.639355041670198
0.04172296094772627,0.014595087167585943,1.0,-10.806616593365066
0.04237888860143162,0.014595087167585943,1.0,-11.067732680243854
0.043402873255858246,0.014595087167585943,0.0,-9.35395301042895
0.03668216866834883,0.008127713027220493,0.0,-8.128458406525287
0.031876307476569755,0.0024575577401378407,0.0,-6.034826499701834
0.023665986273340524,-0.004350603768741604,1.0,-5.782586550746623
0.022676810002927934,-0.004690632551115554,1.0,-6.0035320817844795
0.02354326306582149,0.04325547998843117,0.0,-4.988417264775494
0.01956242064617841,0.036788105848065335,0.0,-3.9422539115808934
0.015459819261101543,0.03111795056098268,0.0,-2.419870944420598
0.009489689978119992,0.024309789052102793,0.0,-1.5880479470069098
0.006227639007870234,0.018639633765020144,0.0,-0.3106478153781752
-0.0012182267269732362,0.011831472256140256,1.0,-0.29903829680374455
-0.0011726992031519394,0.011491443473766315,1.0,-0.2639799541528147
0.0010352155064816263,0.011491443473766315,1.0,-0.3306066494624072
0.0012964966645584595,0.011491443473766315,1.0,-0.8516135575260817
0.003339661009906203,0.011491443473766315,1.0,-0.9821481934119544
0.003851561542791978,0.011491443473766315,1.0,-1.1129743269536665
0.004364605203739868,0.011491443473766315,1.0,-1.2439999948832323
0.004878431352483264,0.011491443473766315,1.0,-1.8638903280068337
0.007309373835320916,0.011491443473766315,0.0,-0.23042792769036563
-0.0009036389321190809,0.005024069333400475,1.0,-0.23833294992818793
0.0009346390193262272,0.004684040551026534,1.0,-0.2196416459438247
0.000861339788014999,0.004684040551026534,1.0,-0.20239959192215898
0.0007937238898908195,0.004684040551026534,1.0,-0.47423550963287375
0.001859747096599505,0.004684040551026534,1.0,-0.45357881080175727
0.0017787404345166954,0.004684040551026534,0.0,-1.5510753517304217
-0.006082648438158517,-0.0017833335893393059,0.0,-3.457932046375143
-0.013560517828922128,-0.007453488876421957,0.0,-5.377665696095249
-0.021088885082726466,-0.014261650385301843,1.0,-5.928812505921352
-0.023250245121260203,-0.014601679167675786,1.0,-6.379616803330414
-0.025018105111099663,-0.014601679167675786,1.0,-6.830432134691879
-0.0267860083713407,-0.014601679167675786,1.0,-6.824995839769794
-0.02676468956772468,-0.014601679167675786,1.0,-7.055978336724135
-0.02767050328127112,-0.014601679167675786,1.0,-7.506792211265883
-0.02943840082849366,-0.014601679167675786,1.0,-7.957614471702893
-0.031206331261579973,-0.014601679167675786,1.0,-8.408443769195069
-0.03297428929096106,-0.014601679167675786,1.0,-8.395337713608283
-0.032922892994542284,-0.014601679167675786,1.0,-8.846205566656012
-0.03469100222218044,-0.014601679167675786,1.0,-9.297075362277353
-0.03645911906775432,-0.014601679167675786,1.0,-9.747946830924208
-0.03822724247421258,-0.014601679167675786,1.0,-9.739591000810396
-0.03819447451298195,-0.014601679167675786,1.0,-9.974381578906492
-0.039115221878064675,-0.014601679167675786,1.0,-10.425207500754999
-0.04088316666962744,0.016547556438319382,1.0,-9.95134106975963
-0.03902486694023384,0.016547556438319382,2.0,-7.739879248966686
-0.030352467643006607,0.02301493057868522,1.0,-7.265319374752771
-0.028491448528442237,0.023354959361059163,1.0,-6.426474571056991
-0.025201861062968595,0.023354959361059163,1.0,-6.257823393421122
-0.024540483895769103,0.023354959361059163,1.0,-5.417653887158229
-0.021245701518267567,0.023354959361059163,1.0,-5.049897805780287
-0.019803520806981518,0.023354959361059163,1.0,-4.414167976192582
-0.017310462651735616,0.023354959361059163,1.0,-4.037817815575683
-0.015834579668924244,0.023354959361059163,1.0,-3.1996116249656605
-0.012547496568492786,0.023354959361059163,1.0,-3.031333803318505
-0.011887583542425511,0.023354959361059163,1.0,-2.1905334255574482
-0.008590327159048818,0.023354959361059163,1.0,-1.8291612881731456
-0.0071731815222476295,0.023354959361059163,1.0,-1.2007771978009707
-0.004708930187454787,0.023354959361059163,1.0,-0.8110855629202526
-0.0031807276977264807,0.023354959361059163,1.0,-0.10116161705063709
0.0003967122237279886,0.023354959361059163,1.0,-0.22890088468446732
0.0008976505281743817,0.023354959361059163,1.0,-0.5874197199882769
0.0023036067450520666,0.023354959361059163,1.0,-1.4230158718209942
0.005580454399298017,0.023354959361059163,1.0,-1.5781965614016664
0.006189006123143791,0.023354959361059163,1.0,-2.417959233103693
0.009482193070994873,0.023354959361059163,1.0,-2.8049052934643046
0.010999628601820802,0.023354959361059163,1.0,-3.427912861619091
0.01344279553576114,0.023354959361059163,1.0,-3.8000201343095785
0.014902039742390506,0.023354959361059163,1.0,-4.442651615101167
0.017422163196475167,0.023354959361059163,1.0,-4.80575898161961
0.018846113653410233,0.023354959361059163,1.0,-5.645349758828086
0.02213862650520818,0.023354959361059163,1.0,-5.816613517338301
0.022810249087601184,0.023354959361059163,1.0,-6.654589209160316
0.026096428271216925,0.023354959361059163,1.0,-7.026380583121234
0.027554433659298955,0.023354959361059163,1.0,-7.666788652248788
0.030065837851956028,0.023354959361059163,1.0,-8.03335013405946
0.03150333385905671,0.023354959361059163,1.0,-8.408201551662714
0.03297333941828515,0.023354959361059163,1.0,-9.043335209220569
0.03546405964400223,0.023354959361059163,1.0,-9.413482365483588
0.036915617119543484,0.023354959361059163,1.0,-10.253520135082468
0.040209882882676344,0.023354959361059163,1.0,-10.4217059164785
0.04086943496658235,0.041524201004894436,1.0,-11.731053386008124
0.04600413092552206,0.041524201004894436,1.0,-12.569553988222356
0.04929236858126414,0.041524201004894436,1.0,-13.408398295087405
0.052581954098381976,0.041524201004894436,1.0,-14.247525598361985
0.055872649405341125,0.041524201004894436,1.0,-15.086888677645351
0.05916426932409942,0.041524201004894436,1.0,-16.395106542080466
0.06429453545913909,0.041524201004894436,1.0,-17.234159830433985
0.06758494051150582,0.041524201004894436,1.0,-18.07341680632418
0.0708761443385262,0.041524201004894436,1.0,-18.9128503538919
0.07416804060349766,0.041524201004894436,1.0,-19.75243796146956
0.07746054102537084,0.041524201004894436,1.0,-21.06000387452266
0.08258825048832416,0.041524201004894436,1.0,-21.899342052833376
0.08587977275620931,0.041524201004894436,1.0,-22.738821098695706
0.08917184744586551,0.041524201004894436,1.0,-23.578425965899026
0.09246441555254521,0.041524201004894436,1.0,-24.418143675547665
0.0957574261786183,0.041524201004894436,1.0,-25.725286151014945
0.10088347510201938,0.041524201004894436,1.0,-26.564796993784668
0.10417567448543005,0.041524201004894436,1.0,-27.40441414352467
0.10746829075892028,0.041524201004894436,1.0,-28.24412811963021
0.1107612867436479,0.041524201004894436,1.0,-29.08393053536192
0.11405462955043891,0.041524201004894436,1.0,-30.390776094013148
0.1191795140941692,0.041524201004894436,1.0,-31.23040243069581
0.12247216639488553,0.041524201004894436,1.0,-32.070113561217724
0.12576515122046167,0.041524201004894436,1.0,-32.90990299491933
0.12905844311733072,0.041524201004894436,1.0,-34.216757324222144
0.1341833620557731,0.041524201004894436,1.0,-35.05639079154339
0.137476042319778,0.041524201004894436,1.0,-35.8960996813514
0.1407690183582408,0.041524201004894436,1.0,-36.73587882162377
0.14406226988872067,0.041524201004894436,1.0,-37.57572350228209
0.14735577844032194,0.041524201004894436,1.0,-38.88237920431823
0.15247991844830677,0.041524201004894436,1.0,-39.72208628396066
0.155772887388081,0.041524201004894436,1.0,-40.561857062662384
0.15906610612808778,0.041524201004894436,1.0,-41.19829408599208
0.1615619375921258,0.041524201004894436,1.0,-42.037592827850176
0.1648533052072556,0.041524201004894436,1.0,-43.345728445502566
0.16998324880589238,0.041524201004894436,1.0,-44.184912265099946
0.17327416574548998,0.041524201004894436,1.0,-45.02417298226943
0.17656538424419382,0.04817436391940771,1.0,-45.863506375542826
0.1798568877472268,0.04817436391940771,1.0,-47.374060469022474
0.18578062929028422,0.04817436391940771,1.0,-48.21381848868513
0.18907379799484364,0.04817436391940771,1.0,-49.52069367108802
0.1941987987101491,0.04817436391940771,1.0,-50.36034463585511
0.19749154759158866,0.04817436391940771,1.0,-51.66752706611396
0.2026177532004469,0.04817436391940771,1.0,-52.50707652824613
0.20591010403233775,0.04817436391940771,1.0,-53.81453669509992
0.2110373988043134,0.04817436391940771,1.0,-54.65398992171414
0.21432937224201623,0.04817436391940771,1.0,-55.96170227403423
0.21945765597660483,0.04817436391940771,1.0,-56.80106423564019
0.22274927151231444,0.04817436391940771,1.0,-58.1090065155636
0.22787845692377884,0.04817436391940771,1.0,-59.1512397723653
0.23196564616613843,0.04817436391940771,1.0,-60.45823550839051
0.23709111964074708,0.04817436391940771,1.0,-61.2978561088062
0.2403837494462988,0.04817436391940771,1.0,-62.605099397698766
0.24551019371646574,0.04817436391940771,1.0,-63.44463661794203
0.24880249654094913,0.04817436391940771,1.0,-64.75210773034443
0.25392983423664484,0.04817436391940771,1.0,-65.59156517989294
0.2572218242348742,0.04817436391940771,1.0,-66.89924659939915
0.26234998666431036,0.04817436391940771,1.0,-67.73862771736923
0.2656416773230166,0.04817436391940771,1.0,-68.57805449235825
0.26893354702885586,0.04817436391940771,1.0,-70.08870911526911
0.2748576828049769,0.04817436391940771,1.0,-70.92841914200868
0.27815066330199484,0.04817436391940771,1.0,-72.23538690087122
0.2832760270622401,0.04817436391940771,1.0,-73.07502404718926
0.2865687217536833,0.04817436391940771,1.0,-74.38220117145656
0.29169490655473157,0.04817436391940771,1.0,-75.2217680736692
0.29498732577909487,0.04817436391940771,1.0,-76.52914044089515
0.30011427623880454,0.04817436391940771,1.0,-77.36863964087257
0.30340642996420614,0.04817436391940771,1.0,-78.67619447617065
0.308534095984983,0.04817436391940771,1.0,-79.51562841824406
0.3118259937970355,0.04817436391940771,1.0,-80.82335413109855
0.3169543299258767,0.04817436391940771,1.0,-81.86588690585313
0.32104269374844363,0.04817436391940771,1.0,-83.17292939045907
0.32616835055081994,0.04817436391940771,1.0,-84.01254617460745
0.3294609653906174,0.04817436391940771,1.0,-85.3197684720756
0.3345873273414729,0.04236838356289294,1.0,-86.15932419487694
0.33787970272500767,0.04236838356289294,1.0,-86.9989125378396
0.34117220603074355,0.04236838356289294,1.0,-87.838532565582
0.3444648335905176,0.04236838356289294,1.0,-89.14574185625396
0.34959114453432927,0.04236838356289294,1.0,-89.98530343255577
0.3528835428727677,0.04236838356289294,1.0,-90.82489614668312
0.356176063320326,0.04236838356289294,1.0,-91.66451914302424
0.35946870252166363,0.04236838356289294,1.0,-92.50417159700066
0.3627614572431398,0.04236838356289294,1.0,-93.81128343591236
0.36788738602318577,0.04236838356289294,1.0,-94.65088016103006
0.37117992220011786,0.04236838356289294,1.0,-95.49050588452059
0.3744725720961592,0.04236838356289294,1.0,-96.33015984812354
0.3777653327377394,0.04236838356289294,1.0,-97.63726411493633
0.3828912318232797,0.04236838356289294,1.0,-98.47686453361688
0.38618378248477203,0.04236838356289294,1.0,-99.31649277111134
0.38947644223965233,0.04236838356289294,1.0,-100.15614812778857
0.3927692083442689,0.04236838356289294,1.0,-101.46324539319316
0.3978950799733065,0.04236838356289294,1.0,-102.30284922425058
0.4011876440166689,0.04236838356289294,1.0,-103.14247978665028
0.4044803128888247,0.04236838356289294,1.0,-103.98213643284484
0.4077730840503719,0.04236838356289294,1.0,-105.28922720535854
0.4128989302170923,0.04236838356289294,1.0,-106.12883419853402
0.41619150666091775,0.04236838356289294,1.0,-106.96846691730056
0.41948418398941395,0.04236838356289294,1.0,-107.60487567529728
0.4219799046090089,0.04236838356289294,1.0,-108.91260416738736
0.4271082516368132,0.04236838356289294,1.0,-109.75198229254086
0.4303999305589838,0.04236838356289294,1.0,-110.59138877517464
0.4336917206869593,0.04236838356289294,1.0,-111.4308229744392
0.4369836195076047,0.04236838356289294,1.0,-112.2702842686311
0.44027562458286706,0.04236838356289294,1.0,-113.57791359416568
0.44540358272221836,0.04236838356289294,1.0,-114.4173299795153
0.4486954116843737,0.04236838356289294,1.0,-115.25677301719941
0.45198734516548783,0.04236838356289294,1.0,-116.09624212908241
0.45527938089836234,0.04236838356289294,1.0,-117.40384863188311
0.46040724953679646,0.04236838356289294,1.0,-118.24327425259143
0.46369911471604486,0.04236838356289294,1.0,-119.08272553913251
0.4669910805456177,0.04236838356289294,1.0,-119.92220195252678
0.47028314491186973,0.02664916259200769,1.0,-120.7617029687652
0.4735753057598636,0.02664916259200769,1.0,-121.13357400027492
0.4750336235304899,0.02664916259200769,1.0,-121.77004651036835
0.47752959415830726,0.02664916259200769,1.0,-122.60950168560682
0.4808215752376738,0.02664916259200769,1.0,-122.98115293604032
0.48227903112172676,0.02664916259200769,1.0,-123.61797459952469
0.48477637097852816,0.02664916259200769,0.0,-122.1152533431373
0.4788833464436757,0.02018178845164185,0.0,-120.79724862955003
0.4737147005080393,0.014511633164559199,0.0,-118.80417531697681
0.46589872673324234,0.007703471655679313,0.0,-117.06254512128815
0.4590688043972085,0.0020333163685966613,0.0,-115.34484708454123
0.4523327336648676,-0.004774845140283225,0.0,-113.17273572789917
0.4438146499133301,-0.010445000427364994,0.0,-111.26421624560622
0.43633025978669104,-0.01725316193624488,0.0,-108.89598479343273
0.4270430776213048,-0.022923317223326647,0.0,-106.80015972207163
0.4188241557728299,-0.029731478732206534,0.0,-104.65999418720757
0.41043134975375517,-0.0354016340192883,0.0,-101.66320447116244
0.3986792332202449,-0.04220979552816819,0.0,-99.31794827743373
0.38948215010758325,-0.047879950815249955,1.0,-98.43041635077964
0.3860016327481554,-0.04810657649188223,0.0,-95.74940394822171
0.3754878586204773,-0.054573950632248035,0.0,-92.8818138122049
0.3642424071066859,-0.0602441059193298,0.0,-89.89122510568805
0.35251460825760017,-0.06705226742820969,0.0,-87.1399813367586
0.34172541700689646,-0.07272242271529146,0.0,-83.61164003637644
0.32788878445637826,-0.07953058422417134,0.0,-80.31186715404235
0.3149484986433033,-0.0852007395112531,0.0,-76.56954201982566
0.30027271380323783,-0.092008901020133,0.0,-73.41610435196814
0.2879062915763456,-0.09767905630721477,1.0,-71.07614529005512
0.2787299815296279,-0.09790568198384704,0.0,-67.22524529893403
0.26362841293699624,-0.10437305612421284,1.0,-64.69866738784808
0.25372026426607086,-0.10471308490658675,1.0,-62.2724872392534
0.24420583231079768,-0.10471308490658675,1.0,-59.8463321221358
0.2346914985181796,-0.10471308490658675,1.0,-57.4202052094325
0.22517727533110787,-0.10471308490658675,0.0,-53.419204632016715
0.20948707698830088,-0.11118045904695255,0.0,-49.5365156611184
0.19426084572987606,-0.11685061433403432,0.0,-45.202804479287316
0.17726589991877378,-0.1236587758429142,0.0,-41.01236304727673
0.16083279626383032,-0.12932893112999597,0.0,-36.0393646385722
0.14133084171989102,-0.13613709263887586,2.0,-34.44727187936487
0.13508734070339165,-0.13082672666194956,2.0,-32.38901586308098
0.1270157484826705,-0.12515657137486777,2.0,-31.533400003633574
0.12366039217111205,-0.1183484098659879,2.0,-29.77326444287356
0.11675789977597475,-0.14323713920842787,2.0,-28.50337180241021
0.11177792863690279,-0.13642897769954798,2.0,-26.700311329466082
0.10470710325280816,-0.13075882241246622,2.0,-25.739678447710457
0.10093991548121747,-0.12395066090358633,2.0,-24.23695480158119
0.0950468815748282,-0.11828050561650456,2.0,-23.5674659082043
0.09242143493413452,-0.11147234410762467,2.0,-22.362343924471627
0.08769546637047695,-0.1058021888205429,0.0,-18.15022505603166
0.07117735316090848,-0.11136212113338845,2.0,-17.16500104002589
0.06731372956872897,-0.10605175515646215,0.0,-13.405724629505261
0.052571469135314755,-0.11136212113338845,2.0,-12.423817067103707
0.048720851243543944,-0.10605175515646215,0.0,-8.284841587605387
0.03248957485335445,-0.11136212113338845,2.0,-7.298852999037812
0.028622952937403183,-0.10605175515646215,0.0,-3.5392935699959795
0.013879582627435213,-0.11136212113338845,2.0,-2.1771653274190808
0.008537903244780709,-0.10605175515646215,1.0,-0.2703674751131292
-0.0010602646082867812,-0.10571172637408824,2.0,-0.36717117703141194
-0.001439886968750635,-0.09924435223372242,0.0,-4.679590641491696
-0.018351335848987044,-0.10455471821064874,2.0,-5.172218998113766
-0.020283211757308888,-0.09924435223372242,1.0,-7.056639577266332
-0.027673096381436595,-0.09890432345134853,2.0,-7.778253182254633
-0.03050295365590052,-0.09243694931098272,1.0,-9.511514001469964
-0.03730005490772535,-0.09209692052860881,0.0,-14.047079990575874
-0.05508658819833676,-0.09856429466897462,2.0,-14.40809443460756
-0.056502331116108084,-0.09325392869204831,0.0,-18.217152132107305
-0.07143981228277374,-0.09856429466897462,2.0,-18.639885458582068
-0.07309759003365517,-0.09325392869204831,2.0,-19.15812311587401
-0.07512989457205493,-0.08758377340496654,2.0,-18.80104414387419
-0.07372958487793799,-0.08077561189608665,2.0,-18.740893798072925
-0.07349370116891343,-0.07510545660900489,1.0,-20.536923345370283
-0.08053695429556974,-0.07487883093237262,0.0,-24.269723143591385
-0.09517538487682896,-0.08134620507273842,2.0,-24.247086999889586
-0.09508661568584151,-0.0760358390958121,2.0,-24.0918798355822
-0.09447796013953805,-0.07036568380873033,2.0,-23.476758605494403
-0.09206572002154668,-0.06355752229985046,1.0,-24.986147726746935
-0.09798489304606642,-0.06321749351747655,1.0,-26.171839145889823
-0.10263466331721498,-0.06321749351747655,0.0,-31.051781750199954
-0.12177169313803904,-0.11509300555694282,2.0,-32.023712167710336
-0.12558318497141308,-0.10978263958001652,2.0,-32.342361718776495
-0.12683279105402548,-0.10411248429293475,2.0,-32.6217141196749
-0.12792829066539177,-0.09730432278405486,2.0,-33.11216156133759
-0.12985161396602976,-0.09163416749697309,2.0,-32.44217467693648
-0.12722421441935874,-0.08482600598809321,2.0,-32.6794568929906
-0.12815473291368865,-0.07915585070101144,2.0,-32.449747408272806
-0.1272539114049914,-0.07234768919213155,2.0,-31.740941448833123
-0.12447428019150245,-0.06667753390504891,1.0,-33.49498763951197
-0.1313528927039685,-0.06645090822841662,1.0,-34.860156196944196
-0.13670649488997727,-0.06645090822841662,2.0,-34.249768917989094
-0.13431281928623173,-0.05998353408805077,1.0,-35.81874319391062
-0.14046565958396323,-0.05964350530567684,1.0,-36.80946294002534
-0.14435083505892293,-0.05964350530567684,1.0,-38.017308153154225
-0.14908748295354599,-0.05964350530567684,1.0,-39.68667190035524
-0.1556340074523735,-0.05964350530567684,2.0,-38.945476213263035
-0.15272735769907073,-0.053176131165310996,1.0,-39.68868356600915
-0.1556418963372908,-0.05283610238293705,1.0,-41.205415236367294
-0.1615898636720286,-0.05283610238293705,1.0,-42.25681433887068
-0.16571299740733603,-0.05283610238293705,1.0,-43.566227280355456
-0.170847950119041,-0.05283610238293705,1.0,-44.616727523871894
-0.1749675589171447,-0.05283610238293705,1.0,-46.13368701273382
-0.1809164196577797,-0.05283610238293705,2.0,-44.79000573106244
-0.1756470812982841,-0.04636872824257121,1.0,-45.8538864401638
-0.17981916251044625,-0.046028699460197275,1.0,-46.74851181568384
-0.18332749731640724,-0.046028699460197275,1.0,-47.913669540100486
-0.18789674329451173,-0.046028699460197275,1.0,-48.80766696293341
-0.19140261554091537,-0.046028699460197275,1.0,-49.97365060037294
-0.19597510039361937,-0.046028699460197275,1.0,-50.86706744198842
-0.19947869585093497,-0.046028699460197275,2.0,-49.857900196402575
-0.1955211772407944,-0.039561325319831434,1.0,-50.778793476911474
-0.19913252343886853,-0.03922129653745749,1.0,-51.5153418542081
-0.2020209484478749,-0.03922129653745749,1.0,-52.537067839044425
-0.2060277170158605,-0.03922129653745749,1.0,-53.27325016888567
-0.20891470654464966,-0.03922129653745749,1.0,-54.295405318831286
-0.21292315811306387,-0.03922129653745749,1.0,-55.03124414562808
-0.21580880057109048,-0.03922129653745749,2.0,-54.18558712514572
-0.21249249852998325,-0.09273760851016033,2.0,-54.29240848752038
-0.21291140583341325,-0.08706745322307767,2.0,-53.769356133575016
-0.21086022013166672,-0.0802592917141978,2.0,-53.46724947968175
-0.2096754881556147,-0.07458913642711514,2.0,-53.20194175462418
-0.20863506570440857,-0.06778097491823525,2.0,-52.668083909448924
-0.20654150552725067,-0.0621108196311526,2.0,-51.678937003166205
-0.2026624980516322,-0.055302658122272946,2.0,-51.019967808846225
-0.2000783051327303,-0.049632502835190294,1.0,-52.02146232686934
-0.20400573461517388,-0.04940587715855799,1.0,-53.0898929004414
-0.2081956584331035,-0.04940587715855799,1.0,-54.15832842650133
-0.21238560167255421,-0.04940587715855799,1.0,-55.22676861761169
-0.21657556320632035,-0.04940587715855799,1.0,-56.79245574037623
-0.22271551270735776,-0.04940587715855799,1.0,-57.860932444069284
-0.2269056174277227,-0.04940587715855799,1.0,-58.92941202650574
-0.2310957334372774,-0.04940587715855799,1.0,-59.99789433388661
-0.23528586013288866,-0.04940587715855799,1.0,-61.06637922317614
-0.23947599695363192,-0.04940587715855799,2.0,-59.83304896473891
-0.23463940770485844,-0.042938503018192534,1.0,-60.64954727357693
-0.23784136185716442,-0.04259847423581859,1.0,-61.5664234672087
-0.24143695477336746,-0.04259847423581859,1.0,-62.483301915567374
-0.24503255653163677,-0.04259847423581859,1.0,-63.400182520830974
-0.24862816674835675,-0.04259847423581859,1.0,-64.31706519075534
-0.25222378506178567,-0.04259847423581859,1.0,-65.73398449023057
-0.25778033133423756,-0.04259847423581859,2.0,-64.47540355181755
-0.2528447198110492,-0.03613110009545314,1.0,-65.04928736588084
-0.2550952445720817,-0.03579107131307919,1.0,-65.81406827858027
-0.2580943854061971,-0.03579107131307919,1.0,-66.57886326503073
-0.2610935814314931,-0.03579107131307919,1.0,-67.34367184574265
-0.26409283076761825,-0.03579107131307919,1.0,-68.10849356275509
-0.26709213161864737,-0.03579107131307919,1.0,-68.87332797844165
-0.27009148226839863,-0.03579107131307919,1.0,-69.63817467439466
-0.2730908810760575,-0.03579107131307919,1.0,-70.4030332503819
-0.27609032647208587,-0.03579107131307919,1.0,-71.16790332337055
-0.2790898169543944,-0.03579107131307919,1.0,-72.4347069508349
-0.2840576743169996,-0.03579107131307919,1.0,-73.19956379298017
-0.28705711291364777,-0.03579107131307919,1.0,-73.96443173329443
-0.2900565950325272,-0.03579107131307919,2.0,-72.48962191784976
-0.28427302712882263,-0.02932369717271374,0.0,-74.89510547376534
-0.29370629597555037,-0.0976478062947434,2.0,-75.35899197434999
-0.2955254587229411,-0.09233744031781743,2.0,-75.09421200173063
-0.2944871058891397,-0.08666728503073477,2.0,-74.81290478945138
-0.29338394035078974,-0.07985912352185535,2.0,-74.25775327402548
-0.2912068755844136,-0.0741889682347729,2.0,-73.7677875041906
-0.2892854411929043,-0.06738080672589347,0.0,-77.10254688296168
-0.3023629289527908,-0.07269117270281943,2.0,-76.54726768425155
-0.3001853634676531,-0.06738080672589347,2.0,-76.31951812716616
-0.2992922279496712,-0.061710651438811034,2.0,-75.09698668138374
-0.2944979869858186,-0.05490248992993159,2.0,-74.61216495358559
-0.2925967253081788,-0.04923233464284913,2.0,-73.17167408605592
-0.2869477415139448,-0.04242417313396964,2.0,-72.46873945072923
-0.2841911351008989,-0.036754017846887185,2.0,-70.8097035114351
-0.27768511180954947,-0.029945856338007698,0.0,-73.14572765271795
-0.28684599079497236,-0.035256222314933694,2.0,-72.42479153324854
-0.2840187903264649,-0.029945856338007698,2.0,-70.98963150246314
-0.27839071177436525,-0.024275701050925268,0.0,-73.76837290225586
-0.28928773687159165,-0.029835633363770472,2.0,-72.43340955348566
-0.2840525864842575,-0.024525267386844504,1.0,-72.97938040873538
-0.2861936486617073,-0.02418523860447057,0.0,-75.51048232414279
-0.2961195385260501,-0.030652612744836005,2.0,-74.72586144290663
-0.29304259389375154,-0.025342246767910036,2.0,-73.18101474437641
-0.28698437154657414,-0.019672091480827606,0.0,-75.33336190225054
-0.29542494863627666,-0.02523202379367281,2.0,-74.45181312324381
-0.2919678946009561,-0.019921657816746846,2.0,-72.84648414613655
-0.2856724868475943,-0.014251502529664414,2.0,-71.30128253179652
-0.2796128726737118,-0.007443341020784969,0.0,-73.05443656632696
-0.2864879865346155,-0.012753706997710937,2.0,-71.39177405102969
-0.27996774137658703,-0.007443341020784969,0.0,-73.65597384043294
-0.28884695623699186,-0.012753706997710937,2.0,-72.04476321680578
-0.28252848320315993,-0.007443341020784969,0.0,-73.79708006588635
-0.28940031398386806,-0.012753706997710937,2.0,-72.64215830237602
-0.28487120902892554,-0.007443341020784969,0.0,-74.39841537289784
-0.29175849165842294,-0.012753706997710937,2.0,-72.78827447691276
-0.285444213634952,-0.007443341020784969,0.0,-75.00056934860835
-0.2941198797984641,-0.012753706997710937,1.0,-75.0072638494238
-0.2941461327428384,-0.013093735780084877,1.0,-75.37456267998971
-0.29558652031368515,-0.013093735780084877,1.0,-75.74203658540105
-0.29702759445255317,-0.013093735780084877,0.0,-77.97039292098889
-0.305766246748976,-0.01956110992045032,0.0,-81.69019840824292
-0.3203537192480114,-0.08075134168182017,2.0,-81.24104452754179
-0.318592331480556,-0.07519140936897498,2.0,-80.64575441510809
-0.31625786045140425,-0.06952125408189254,2.0,-80.15980891828146
-0.3143521918363979,-0.0627130925730131,2.0,-79.33975834130192
-0.31113630722079183,-0.05704293728593064,2.0,-78.14112558964727
-0.30643578662606774,-0.0502347757770512,2.0,-77.5986881887004
-0.3043085811321584,-0.044564620489968544,2.0,-76.19257790368664
-0.2987944231517123,-0.0377564589810891,2.0,-74.92000318445999
-0.29380393405670585,-0.032086303694006446,2.0,-73.80509282740368
-0.2894317365780537,-0.025278142185127004,0.0,-76.08052497023537
-0.298354999883276,-0.03058850816205297,2.0,-74.79867709474907
-0.2933281454696042,-0.025278142185127004,0.0,-77.07727951671178
-0.302263841242007,-0.03058850816205297,2.0,-75.79266906864201
-0.29722615321036083,-0.025278142185127004,1.0,-76.67673177392598
-0.3006930657801019,-0.02493811340275305,1.0,-77.16426557584599
-0.3026049630425333,-0.02493811340275305,0.0,-79.79991256601208
-0.31294083359220426,-0.031405487543118504,2.0,-78.53469223448711
-0.3079791852332828,-0.026095121566192536,2.0,-77.54260902255825
-0.3040886628335618,-0.020424966279109884,1.0,-77.86009835407968
-0.3053337190356066,-0.020198340602477587,1.0,-78.24486195634259
-0.3068425959072258,-0.020198340602477587,1.0,-78.62996294056607
-0.3083527958453572,-0.020198340602477587,1.0,-79.38683943195362
-0.3113209389488377,-0.020198340602477587,1.0,-79.7713381804039
-0.3128287771780545,-0.020198340602477587,1.0,-80.1561704287171
-0.314337923249871,-0.020198340602477587,1.0,-80.4183584795701
-0.3153661116845886,-0.020198340602477587,1.0,-80.80284769793757
-0.31687391254093167,-0.020198340602477587,2.0,-79.58863871134744
-0.3121123086719507,-0.013730966462111863,1.0,-79.72471187295925
-0.3126459289135657,-0.01339093767973792,1.0,-79.96146573308167
-0.3135743754238497,-0.01339093767973792,1.0,-80.0646579168132
-0.3139790506541694,-0.01339093767973792,1.0,-80.3010607313707
-0.3149061205151792,-0.01339093767973792,2.0,-78.97115312286812
-0.30969079656026716,-0.0069235635393720815,0.0,-80.75679883727473
-0.3166933287736263,-0.012233929516298394,2.0,-79.13755832268045
-0.31034336597129586,-0.0069235635393720815,0.0,-81.06143061163588
-0.3178879631828858,-0.012233929516298394,2.0,-79.44678163138836
-0.31155600639760145,-0.0069235635393720815,0.0,-81.23076968451046
-0.3185520379784724,-0.012233929516298394,2.0,-80.10275812179974
-0.31412846322274407,-0.0069235635393720815,1.0,-80.09012096440976
-0.3140789057427834,-0.0469747111700292,2.0,-79.27920346435543
-0.31089883711511934,-0.04050733702966336,2.0,-77.80226094129168
-0.3051069056521242,-0.03483718174258071,2.0,-76.68780235770832
-0.30073647983415025,-0.028029020233700824,2.0,-75.63474674803776
-0.29660684999230497,-0.022358864946618172,2.0,-73.65965791936132
-0.2888614036053385,-0.015550703437738286,1.0,-73.90124920580773
-0.2898088204149323,-0.015210674655364345,1.0,-74.43498301344057
-0.29190189417035517,-0.015210674655364345,1.0,-74.7767774226929
-0.2932422644027172,-0.015210674655364345,1.0,-74.64613399080831
-0.2927299372188561,-0.015210674655364345,1.0,-75.18004277209536
-0.29482369714547196,-0.015210674655364345,1.0,-75.52170436954303
-0.29616354654722754,-0.015210674655364345,1.0,-75.86392252325918
-0.29750557852258497,-0.015210674655364345,2.0,-74.53526090165303
-0.2922951407907962,-0.008743300514998505,1.0,-74.15237768832259
-0.2907936379934219,-0.008403271732624564,1.0,-74.3384490161497
-0.29152332947509685,-0.008403271732624564,1.0,-74.72596192833912
-0.29304298795427103,-0.008403271732624564,1.0,-74.91189950945235
-0.2937721549390288,-0.008403271732624564,1.0,-75.29957491688154
-0.2952924506544374,-0.008403271732624564,1.0,-75.48538071285991
-0.29602110083474475,-0.008403271732624564,1.0,-75.20288786208191
-0.2949132857336546,-0.008403271732624564,1.0,-75.59069337206701
-0.29643409165516477,-0.008403271732624564,1.0,-75.77639335249481
-0.29716232687252864,-0.008403271732624564,1.0,-76.16435702968205
-0.29868375305757666,-0.008403271732624564,1.0,-76.34992837908025
-0.2994114838395304,-0.008403271732624564,1.0,-76.53608123051714
-0.3001414950216358,-0.008403271732624564,1.0,-76.45551628930922
-0.2998255540757224,-0.008403271732624564,1.0,-76.6409838086029
-0.3005528776807957,-0.008403271732624564,1.0,-76.82703112918014
-0.3012824750163927,-0.008403271732624564,1.0,-77.21457073543021
-0.30280223817815777,-0.008403271732624564,1.0,-77.40048878097537
-0.3035313285528446,-0.008403271732624564,1.0,-77.78818545143348
-0.3050517076526803,-0.008403271732624564,1.0,-77.50566764456791
-0.30394379468458005,-0.008403271732624564,1.0,-77.69148211385526
-0.30467247887786375,-0.008403271732624564,1.0,-78.0793046361496
-0.30619335151431215,-0.008403271732624564,1.0,-78.26499284600732
-0.3069215405725777,-0.008403271732624564,1.0,-78.45124780903308
-0.3076519521922866,-0.008403271732624564,1.0,-78.83853210573619
-0.3091707141401419,-0.008403271732624564,1.0,-79.02465905588959
-0.3099006237485866,-0.008403271732624564,1.0,-79.41209927493637
-0.31141999715661317,-0.033728584388515614,2.0,-77.97705300705992
-0.3057923647335683,-0.027261210248149776,2.0,-76.92033371121593
-0.30164836749496443,-0.021591054961067127,2.0,-74.9491129524088
-0.29391809000944624,-0.014782893452187239,1.0,-75.27730326482391
-0.2952051108424467,-0.014442864669813298,1.0,-75.70587179190227
-0.29688577173295005,-0.014442864669813298,1.0,-76.13444460674125
-0.29856644943820104,-0.014442864669813298,1.0,-76.1075725167218
-0.2984610686930267,-0.014442864669813298,1.0,-76.53620503716243
-0.3001419805378919,-0.014442864669813298,1.0,-76.96484108637144
-0.30182290622106445,-0.014442864669813298,1.0,-77.393480605718
-0.3035038455126196,-0.014442864669813298,1.0,-77.82212353786218
-0.30518479818769484,-0.014442864669813298,1.0,-78.02143894428718
-0.3059664272324987,-0.014442864669813298,1.0,-77.9941788742173
-0.3058595249969306,-0.014442864669813298,1.0,-78.42278429375735
-0.3075403305637543,-0.014442864669813298,1.0,-78.85139345226774
-0.3092211507932069,-0.014442864669813298,1.0,-79.28000628910713
-0.310901985447479,-0.014442864669813298,1.0,-79.70862274493797
-0.3125828342938744,-0.014442864669813298,1.0,-79.68234754952914
-0.312479794311879,-0.014442864669813298,1.0,-80.11101740082516
-0.31416085255225557,-0.014442864669813298,1.0,-80.30955701935584
-0.3149394392915915,-0.014442864669813298,1.0,-80.73813951685784
-0.31662015496806994,-0.014442864669813298,1.0,-81.16672588875002
-0.3183008858382354,-0.014442864669813298,1.0,-81.59531607398003
-0.31998163166266674,-0.014442864669813298,1.0,-81.56865599503871
-0.31987708233348516,-0.014442864669813298,1.0,-81.99730062537228
-0.32155804166812657,-0.014442864669813298,1.0,-82.42594842472681
-0.32323901343030126,-0.014442864669813298,1.0,-82.85459934391793
-0.3249199974271292,-0.014442864669813298,1.0,-83.05362618912787
-0.32570049485932495,-0.014442864669813298,1.0,-83.48219036354939
-0.3273811386805859,-0.014442864669813298,1.0,-83.45516286027711
-0.327275148471675,-0.014442864669813298,1.0,-83.88378239007422
-0.3289560093728401,-0.014442864669813298,1.0,-84.31240527320207
-0.33063688342432185,-0.014442864669813298,1.0,-84.74103145877719
-0.33231777042657723,-0.014442864669813298,1.0,-85.1696608969391
-0.3339986701840749,-0.014442864669813298,1.0,-85.59829353882661
-0.3356795825052024,-0.014442864669813298,1.0,-85.34185498686492
-0.33467394112496046,-0.014442864669813298,1.0,-85.77044959453298
-0.3363547042922862,-0.014442864669813298,1.0,-86.65487340215988
-0.33982303294964655,-0.02741897628911327,2.0,-85.13123116423372
-0.3338479653499362,-0.02095160214874743,1.0,-85.3081555302309
-0.3345417863930623,-0.020611573366373488,2.0,-83.88826353782797
-0.32897358250128617,-0.014144199226007648,1.0,-83.91371027538548
-0.32907337362896266,-0.013804170443633742,1.0,-84.03953218948159
-0.32956679289992785,-0.013804170443633742,1.0,-84.85953141984507
-0.3327824761562552,-0.013804170443633742,1.0,-84.98536537948794
-0.3332759426646586,-0.013804170443633742,1.0,-85.11119960903011
-0.3337694102314906,-0.013804170443633742,1.0,-85.68203154809694
-0.3360079668552821,-0.013804170443633742,1.0,-85.80785187778153
-0.33650137991286877,-0.013804170443633742,1.0,-85.93367251469715
-0.336994794175283,-0.013804170443633742,1.0,-86.75361650368878
-0.34021026079877953,-0.013804170443633742,1.0,-86.87944901929856
-0.34070372164430807,-0.013804170443633742,1.0,-87.00528180310927
-0.341197183541605,-0.013804170443633742,1.0,-87.13111485395825
-0.3416906464861108,-0.013804170443633742,1.0,-87.70199857896372
-0.3439294061920146,-0.013804170443633742,1.0,-87.82781798648391
-0.3444228156332702,-0.013804170443633742,1.0,-88.20323995720659
-0.34589505865571213,-0.013804170443633742,1.0,-88.77354016978342
-0.34813153007758196,-0.013804170443633742,1.0,-88.89937155883638
-0.34862498650524076,-0.013804170443633742,1.0,-89.0252032131897
-0.34911844397329295,-0.013804170443633742,1.0,-89.59615005555342
-0.35135745119824874,-0.013804170443633742,1.0,-89.72196827888905
-0.35185085599564336,-0.013804170443633742,1.0,-90.09726317662756
-0.3533226006926571,-0.013804170443633742,1.0,-90.66763836023726
-0.3555593661185775,-0.013804170443633742,1.0,-90.79346840296976
-0.35605281726654814,-0.013804170443633742,1.0,-90.91929870920188
-0.35654626944785056,-0.013804170443633742,1.0,-91.49030601095014
-0.3587855137684319,-0.013804170443633742,1.0,-91.61612309291651
-0.3592789140898687,-0.013804170443633742,1.0,-91.99129613205719
-0.3607501809100282,-0.013804170443633742,1.0,-92.56174315848142
-0.3629872280724762,-0.013804170443633742,1.0,-92.68757190094792
-0.36348067412136437,-0.013804170443633742,1.0,-92.81340090506257
-0.3639741211963238,-0.013804170443633742,1.0,-92.93923016976193
-0.3644675692931841,-0.013804170443633742,1.0,-93.5102821537941
-0.36670698883840824,-0.013804170443633742,1.0,-93.88533823425514
-0.368177796997079,-0.013804170443633742,1.0,-94.01117818697016
-0.3686712870077261,-0.013804170443633742,1.0,-94.58168165301957
-0.37090855550203755,-0.013804170443633742,1.0,-94.70750939879031
-0.37140199764231496,-0.013804170443633742,1.0,-94.83333740328104
-0.3718954407971805,-0.013804170443633742,1.0,-95.40444520857176
-0.37413507924930095,-0.013804170443633742,1.0,-95.77938894058875
-0.3756054468258382,-0.013804170443633742,1.0,-95.90522751191757
-0.37609893141928463,-0.013804170443633742,1.0,-96.47579729082446
-0.3783364599640175,-0.013804170443633742,1.0,-96.60162381993105
-0.37882989733306294,-0.013804170443633742,1.0,-96.72745060585643
-0.37932333570924087,-0.013804170443633742,1.0,-97.29861202399506
-0.3815631844078238,-0.013804170443633742,1.0,-97.4244262047458
-0.3820565733519443,-0.013804170443633742,1.0,-97.79928498353412
-0.3835266077785652,-0.013804170443633742,1.0,-98.36991847437235
-0.38576438617400927,-0.013804170443633742,1.0,-98.49574382652422
-0.38625781892754596,-0.013804170443633742,1.0,-98.621569433566
-0.38675125268065097,-0.013804170443633742,1.0,-98.74739529452265
-0.3872446874295006,-0.013804170443633742,1.0,-99.31859557137429
-0.3894846885151933,-0.013804170443633742,1.0,-99.69335013748741
-0.39095431426465654,-0.013804170443633742,1.0,-99.81918629855858
-0.391447789406112,-0.013804170443633742,1.0,-100.38986910241755
-0.3936857611859511,-0.013804170443633742,1.0,-100.51569356840879
-0.39417919046434824,-0.013804170443633742,1.0,-100.64151828638995
-0.394672620730941,-0.013804170443633742,1.0,-101.21276831696625
-0.39691281692927943,-0.013804170443633742,1.0,-101.58742254407403
-0.3983820491924472,-0.013804170443633742,1.0,-101.71325744639829
-0.3988755193976403,-0.013804170443633742,1.0,-102.28399935487582
-0.4011137229602973,-0.013804170443633742,1.0,-102.40982271591145
-0.4016071479055351,-0.013804170443633742,1.0,-102.53564632699354
-0.40210057383134723,-0.013804170443633742,1.0,-103.10694425529826
-0.4043409578639148,-0.013804170443633742,1.0,-103.4815018050496
-0.40580981100019453,-0.013804170443633742,1.0,-103.60733548632523
-0.40630327641696173,-0.013804170443633742,1.0,-104.17813431245274
-0.40854170318608923,-0.013804170443633742,1.0,-104.30395660298815
-0.40903512393328684,-0.013804170443633742,1.0,-104.42977914161459
-0.40952854565339053,-0.013804170443633742,1.0,-104.55560192743572
-0.4100219683428851,-0.013804170443633742,1.0,-105.37558755079868
-0.41323759823842615,-0.013804170443633742,1.0,-105.50142004713447
-0.4137310590083705,-0.013804170443633742,1.0,-105.62725276443362
-0.4142245206448377,-0.013804170443633742,1.0,-106.19809497603566
-0.416463117553081,-0.013804170443633742,1.0,-106.32391647510816
-0.41695653519650266,-0.013804170443633742,1.0,-106.44973821943509
-0.4174499538017062,-0.013804170443633742,1.0,-107.26967943781231
-0.42066540956004833,-0.013804170443633742,1.0,-107.39551078380926
-0.42115886581885986,-0.013804170443633742,1.0,-107.52134234956922
-0.4216523229394872,-0.013804170443633742,2.0,-105.79704765409434
-0.4148903829572327,-0.007336796303267938,1.0,-106.11065836286237
-0.4161202288739701,-0.006996767520894032,1.0,-106.08496266704839
-0.41601946143940544,-0.006996767520894032,1.0,-106.05926711181601
-0.4159186945561412,-0.006996767520894032,1.0,-106.73163179006553
-0.41855541878457075,-0.006996767520894032,1.0,-106.70594314368192
-0.418454678994831,-0.006996767520894032,1.0,-106.6802546404578
-0.41835393976650115,-0.006996767520894032,1.0,-106.65456628049589
-0.4182532010999839,-0.006996767520894032,1.0,-107.06867127806285
-0.41987714226691314,-0.006996767520894032,1.0,-107.301589537405
-0.42079054720550974,-0.006996767520894032,1.0,-107.27590823351377
-0.42068983620985795,-0.006996767520894032,1.0,-107.68955534645124
-0.4223119817507892,-0.006996767520894032,1.0,-107.66386486868511
-0.42221123477915723,-0.006996767520894032,1.0,-107.6381745319302
-0.42211048836051057,-0.006996767520894032,1.0,-108.0524053358735
-0.4237349228857784,-0.006996767520894032,1.0,-108.28510123242347
-0.42464745581342533,-0.006996767520894032,1.0,-108.25941787559904
-0.42454673676705507,-0.006996767520894032,1.0,-108.6731945959408
-0.42616939057231684,-0.006996767520894032,1.0,-108.6475021857808
-0.4260686360226698,-0.006996767520894032,2.0,-106.81644503189948
-0.4188880197329391,-0.0005293933805282282,1.0,-106.53886945727938
-0.41779948806776224,-0.00018936459815432202,1.0,-106.36166912423283
-0.41710458480091306,-0.00018936459815432202,1.0,-106.88633792467178
-0.4191621095085168,-0.00018936459815432202,1.0,-106.70914771906654
-0.4184672459571237,-0.00018936459815432202,1.0,-106.53195787514596
-0.4177723838241018,-0.00018936459815432202,1.0,-106.78882075019622
-0.4187796892164558,-0.00018936459815432202,1.0,-106.61161650737446
-0.41808477061715477,-0.00018936459815432202,1.0,-206.77795947082495
