Lateral Error,Yaw Error,Action,Reward
-0.0001020699229348853,-0.00043752000294537826,0.0,-1.865325707451595
-0.00731500277431998,-0.006904894143310855,1.0,-2.4889947371804944
-0.009760763675217625,-0.007244922925684798,1.0,-2.503520110010989
-0.00981772592161172,-0.007244922925684798,1.0,-2.519050093341016
-0.009878627817023592,-0.007244922925684798,1.0,-3.042126680718597
-0.011929908551837636,-0.007244922925684798,1.0,-3.050164197930574
-0.01196142822717872,-0.007244922925684798,1.0,-3.0590767919667674
-0.011996379576340263,-0.007244922925684798,1.0,-3.5786471956764925
-0.014033910571280362,-0.007244922925684798,1.0,-3.5894514076151225
-0.014076280029863225,-0.007244922925684798,1.0,-3.6009844981826573
-0.014121507836010423,-0.007244922925684798,0.0,-5.596146810222957
-0.021945673765580227,-0.013712297066050278,1.0,-6.370818301150767
-0.024983601180983403,-0.01405232584842422,1.0,-6.535560305107028
-0.02562964825532168,-0.01405232584842422,1.0,-6.700653353387482
-0.026277071974068554,-0.01405232584842422,1.0,-7.375604203175104
-0.028923938051667077,-0.01405232584842422,1.0,-7.541178145214092
-0.029573247628290555,-0.01405232584842422,1.0,-7.707021633482958
-0.030223614248952774,-0.01405232584842422,1.0,-7.859605330826133
-0.030821981689514243,-0.01405232584842422,1.0,-8.532857084800977
-0.033462184646278335,-0.01405232584842422,1.0,-8.69644362133035
-0.03410370047580529,-0.01405232584842422,1.0,-8.86033845140668
-0.034746425299634044,-0.01405232584842422,1.0,-9.53444413704955
-0.03738997700803745,-0.01405232584842422,1.0,-9.698851190342328
-0.038034710550362075,-0.01405232584842422,2.0,-7.88105792711372
-0.03090610951809302,-0.007584951708058742,1.0,-7.791058085003367
-0.030553168960797517,-0.007244922925684798,2.0,-6.328716417001255
-0.024818495752946097,-0.000777548785319322,0.0,-7.812582673423341
-0.03063757911146408,-0.006087914762245318,1.0,-7.906179093318631
-0.031004623895367178,-0.0064279435446192605,1.0,-8.409734851439257
-0.032979352358585325,-0.0064279435446192605,1.0,-8.403604106628388
-0.032955310222072105,-0.0064279435446192605,1.0,-8.397783527098571
-0.0329324844199944,-0.0064279435446192605,1.0,-8.902173163810101
-0.03491048299533373,-0.0064279435446192605,1.0,-8.896905947362612
-0.03488982724455926,-0.0064279435446192605,1.0,-8.890861800532187
-0.03486612470796936,-0.0064279435446192605,1.0,-8.88325491942917
-0.03483629380168302,-0.0064279435446192605,1.0,-9.385883979466508
-0.03680738815477062,-0.0064279435446192605,1.0,-9.37889410826751
-0.036779976895166704,-0.0064279435446192605,1.0,-9.372180951615329
-0.03675365079064835,-0.0064279435446192605,1.0,-9.875744141928438
-0.03872840839971936,-0.0064279435446192605,1.0,-9.869573732601063
-0.0387042107160826,-0.0064279435446192605,1.0,-9.863667342692631
-0.0386810484027162,-0.0064279435446192605,1.0,-9.858025446761163
-0.03865892332063202,-0.0064279435446192605,1.0,-10.362524618239709
-0.04063735144407729,-0.0064279435446192605,1.0,-10.356428763056185
-0.040613446129632094,-0.0064279435446192605,1.0,-10.34899283643791
-0.04058428563308984,-0.0064279435446192605,1.0,-10.851766077105415
-0.042555945400413395,-0.0064279435446192605,1.0,-10.844856163513208
-0.042528847700051796,-0.0064279435446192605,1.0,-10.838185636904463
-0.04250268877217437,-0.0064279435446192605,1.0,-11.341754212560948
-0.04447746750023902,-0.0064279435446192605,1.0,-11.335554398508469
-0.044453154503954775,-0.0064279435446192605,1.0,-11.329584409967675
-0.04442974278418696,-0.0064279435446192605,1.0,-11.323844610434115
-0.044407233766408295,-0.0064279435446192605,1.0,-11.828240852595972
-0.046385258245474396,-0.0064279435446192605,1.0,-11.822106160424243
-0.04636120062911468,-0.0064279435446192605,1.0,-11.814798841694776
-0.04633254447723441,-0.0064279435446192605,1.0,-12.317679167944508
-0.048304624188017675,-0.0064279435446192605,1.0,-12.310830187134997
-0.04827776543974509,-0.0064279435446192605,1.0,-12.304192138705073
-0.04825173387727479,-0.0064279435446192605,0.0,-14.280542057677513
-0.0560021257163824,-0.012895317684984737,2.0,-13.311464466196593
-0.052201821436065075,-0.007584951708058742,0.0,-14.948202364881286
-0.058620401430907,-0.012895317684984737,2.0,-13.469600847883648
-0.05282196410934764,-0.007584951708058742,0.0,-15.61671479997468
-0.061242018823430125,-0.012895317684984737,2.0,-14.135934711037727
-0.05543503808250089,-0.007584951708058742,0.0,-15.776138741027792
-0.0618672107491286,-0.012895317684984737,2.0,-14.801713486537386
-0.05804593524132308,-0.007584951708058742,2.0,-13.079486318218272
-0.05129210320869911,-0.0019147964209762758,0.0,-14.668459763349762
-0.05752337162097946,-0.007474728733821508,2.0,-13.074020470766053
-0.05127066851280805,-0.0021643627568955146,0.0,-15.095053682945279
-0.059196288952726585,-0.007474728733821508,2.0,-13.496644868925499
-0.05292801909382548,-0.0021643627568955146,0.0,-15.011189101295672
-0.05886740824037519,-0.007474728733821508,2.0,-13.920481638087267
-0.05459012407093046,-0.0021643627568955146,1.0,-13.71075488026489
-0.05376766619711722,-0.0018243339745215713,1.0,-13.601591358915183
-0.05333957395653013,-0.0018243339745215713,1.0,-13.492623058072029
-0.05291224728655698,-0.0018243339745215713,1.0,-13.900815889359649
-0.0545130034876849,-0.0018243339745215713,0.0,-15.768108692283924
-0.06183572036189774,-0.008291708114887046,2.0,-14.189714486189473
-0.055645939161527345,-0.002981342137961051,1.0,-14.507431520339848
-0.056891888315058224,-0.002641313355587108,1.0,-14.41582531281471
-0.05653264828554788,-0.002641313355587108,1.0,-14.324393656180103
-0.05617409276933374,-0.002641313355587108,1.0,-14.233139914306353
-0.05581623495806413,-0.002641313355587108,1.0,-14.652061551248565
-0.057459064906857114,-0.002641313355587108,1.0,-14.561179623883916
-0.05710266519170163,-0.002641313355587108,1.0,-14.47047961927427
-0.056746978899114786,-0.002641313355587108,1.0,-14.895776804522413
-0.058414810998127106,-0.002641313355587108,1.0,-14.803695785237021
-0.058053708961713815,-0.002641313355587108,1.0,-14.711778792142207
-0.057693250165263554,-0.002641313355587108,1.0,-15.129944732757938
-0.05933311659905074,-0.002641313355587108,1.0,-15.038393533812656
-0.0589740922894614,-0.002641313355587108,1.0,-14.947010288840747
-0.058615726622904894,-0.002641313355587108,1.0,-14.855798097274624
-0.058258031754018134,-0.002641313355587108,1.0,-15.274755512092701
-0.05990100200820667,-0.002641313355587108,1.0,-15.18389945372767
-0.05954470374010851,-0.002641313355587108,1.0,-15.093218123481837
-0.05918909068032093,-0.002641313355587108,1.0,-15.518101698715158
-0.06085530077927513,-0.002641313355587108,1.0,-15.426092342282672
-0.06049447977365754,-0.002641313355587108,1.0,-15.33424121399498
-0.060134279270568546,-0.002641313355587108,1.0,-15.242551174285643
-0.059774710487394675,-0.002641313355587108,1.0,-15.66097646230933
-0.06141559396984051,-0.002641313355587108,1.0,-16.079611356248634
-0.06305729943626916,-0.0569387300915819,1.0,-17.008428969137217
-0.06669972144759692,-0.0569387300915819,1.0,-18.447439438430017
-0.07234289975854909,-0.0569387300915819,1.0,-19.88662163586968
-0.07798675151321442,-0.0569387300915819,1.0,-20.821084831883894
-0.08165131306621135,-0.0569387300915819,1.0,-22.259004164285326
-0.08729021240896206,-0.0569387300915819,1.0,-23.69720007959122
-0.0929301963905538,-0.0569387300915819,1.0,-24.625664742734934
-0.09657123428523504,-0.0569387300915819,1.0,-26.064266650322345
-0.10221281039342096,-0.0569387300915819,1.0,-27.503035476724605
-0.10785504108519453,-0.0569387300915819,1.0,-28.431953816801887
-0.11149785810510544,-0.0569387300915819,1.0,-29.877108584641867
-0.11716513170447791,-0.0569387300915819,1.0,-31.31512268483324
-0.12280440268562057,-0.0569387300915819,2.0,-30.272610559628813
-0.11871611984168162,-0.05047135595121642,1.0,-31.457680823891145
-0.12336345421133783,-0.050131327168842485,1.0,-32.76063447127829
-0.12847307635795407,-0.050131327168842485,1.0,-33.53549486750792
-0.13151174457846243,-0.050131327168842485,1.0,-34.820238351847856
-0.13654995432097197,-0.050131327168842485,2.0,-33.63344725096905
-0.13189587157242763,-0.04366395302847704,1.0,-34.6916938620266
-0.13604585828245724,-0.043323924246103096,1.0,-35.82253484866965
-0.14048052881831236,-0.043323924246103096,1.0,-36.444516370113284
-0.14291967203965994,-0.043323924246103096,1.0,-37.57610770864878
-0.14735728513195598,-0.043323924246103096,2.0,-36.27747721371307
-0.14226461652436498,-0.036856550105737663,2.0,-35.606191737240785
-0.13963212445976778,-0.03118639481865523,1.0,-36.38914195156781
-0.14270251745712864,-0.030959769142022937,1.0,-36.73179384798909
-0.14404625038427094,-0.030959769142022937,1.0,-37.63008145024149
-0.14756894686369212,-0.030959769142022937,2.0,-36.04155580783318
-0.14133943454052228,-0.024492395001657497,1.0,-36.694378727328036
-0.14389952442089426,-0.024152366219283555,1.0,-37.38908292634023
-0.14662385461309893,-0.024152366219283555,1.0,-37.57771649772878
-0.14736359410874028,-0.024152366219283555,1.0,-38.3311551063958
-0.1503182553191992,-0.024152366219283555,2.0,-36.66779498446026
-0.14379527444886375,-0.01768499207891811,1.0,-37.10600250365907
-0.14551373530846695,-0.017344963296544162,1.0,-37.64559337049419
-0.14762977792350662,-0.017344963296544162,1.0,-37.74946979678035
-0.14803713645796218,-0.017344963296544162,1.0,-38.28809432175039
-0.15014938949706036,-0.017344963296544162,1.0,-40.41281460698359
-0.15848162590973958,-0.09506599759496596,1.0,-42.53776703714622
-0.16681477269469105,-0.09506599759496596,1.0,-44.592394072855654
-0.1748721336190418,-0.09506599759496596,1.0,-46.71664210018458
-0.18320251803993953,-0.09506599759496596,1.0,-48.84113339661103
-0.19153385645729817,-0.09506599759496596,1.0,-50.96583754040834
-0.19986602957022875,-0.09506599759496596,1.0,-53.595682047722406
-0.21017914528518591,-0.09506599759496596,1.0,-55.650797902438086
-0.21823842314681602,-0.09506599759496596,1.0,-57.774990780885126
-0.22656859129758872,-0.09506599759496596,1.0,-59.89938592895295
-0.23489955266256063,-0.09506599759496596,1.0,-62.023962562713336
-0.24323122573613074,-0.09506599759496596,1.0,-64.14870264999134
-0.2515635398038876,-0.09506599759496596,1.0,-66.27359046976466
-0.2598964332147634,-0.09506599759496596,1.0,-68.83335991129154
-0.2699347447501629,-0.09506599759496596,1.0,-70.9576882670028
-0.2782654441843247,-0.09506599759496596,1.0,-73.08217453044088
-0.286596762864474,-0.09506599759496596,1.0,-75.20680531959475
-0.2949286483121362,-0.09506599759496596,1.0,-77.3315687222363
-0.30326105381269136,-0.09506599759496596,1.0,-79.38633448412658
-0.31131895876128074,-0.09506599759496596,1.0,-81.51070517059674
-0.3196498241984186,-0.09506599759496596,1.0,-84.14043916302165
-0.32996250652165354,-0.09506599759496596,1.0,-86.26498737850258
-0.33829406815099056,-0.09506599759496596,1.0,-88.38965558628003
-0.34662610033835306,-0.09506599759496596,1.0,-90.44470125341775
-0.3546851029545794,-0.09506599759496596,1.0,-92.56902371737411
-0.36301577928382006,-0.09506599759496596,1.0,-94.69346831506641
-0.3713469345688879,-0.09506599759496596,1.0,-96.81802700667953
-0.3796785372810962,-0.1018776609554355,1.0,-99.4478148307534
-0.38999143070883685,-0.1018776609554355,1.0,-101.5725104387314
-0.3983235703479663,-0.1018776609554355,1.0,-104.20233624685392
-0.4086366127327604,-0.1018776609554355,1.0,-106.25706065216049
-0.41669435549866857,-0.1018776609554355,1.0,-108.88677227928811
-0.42700695011485534,-0.1018776609554355,1.0,-111.01123868934772
-0.4353381909386186,-0.1018776609554355,1.0,-113.64099540059675
-0.44565096235528134,-0.1018776609554355,1.0,-115.7655879951591
-0.4539826980202317,-0.1018776609554355,1.0,-118.39538236557411
-0.4642956171198985,-0.1018776609554355,1.0,-120.52008830067172
-0.4726277972575361,-0.1018776609554355,1.0,-123.08013373285998
-0.4826671911092548,-0.1018776609554355,1.0,-125.20452780811311
-0.49099814826711025,-0.1018776609554355,1.0,-127.83425872236707
-0.5013108185190865,-0.1018776609554355,1.0,-129.95876945145216
-0.5096422331429495,-0.1018776609554355,1.0,-132.08336168479065
-0.5179739673913359,-0.1018776609554355,1.0,-134.71315378475126
-0.5282868775872598,-0.1018776609554355,1.0,-136.83784589629548
-0.5366190035148841,-0.1018776609554355,1.0,-139.397870709685
-0.5466583165085687,-0.1018776609554355,1.0,-141.5222878939604
-0.5549893642900408,-0.1018776609554355,1.0,-144.15202411773046
-0.5653020553636489,-0.1018776609554355,1.0,-146.2765437787974
-0.5736335050148917,-0.1018776609554355,1.0,-148.90631224934245
-0.583946322546441,-0.1018776609554355,1.0,-151.03092604038116
-0.592278141334828,-0.1018776609554355,1.0,-153.66072259941322
-0.6025910690173067,-0.1018776609554355,1.0,-155.71561571636585
-0.6106494733975132,-0.1018776609554355,1.0,-158.34533230750478
-0.6209620874804109,-0.1018776609554355,1.0,-160.46979152543923
-0.6292933000997617,-0.1018776609554355,1.0,-162.59431829938785
-0.6376247776446583,-0.1018776609554355,1.0,-163.70864483495265
-0.6419946856272654,-0.027766120090324902,1.0,-164.24765227601577
-0.6441084402981011,-0.027766120090324902,1.0,-165.29216882463126
-0.6482045836260049,-0.027766120090324902,1.0,-165.90100063839614
-0.6505921593662594,-0.027766120090324902,1.0,-166.44017804109342
-0.6527065805533075,-0.027766120090324902,1.0,-167.0492330364518
-0.6550950315154973,-0.027766120090324902,1.0,-167.58827308483612
-0.6572089140581808,-0.027766120090324902,1.0,-168.12753597375988
-0.6593236704853329,-0.027766120090324902,1.0,-168.73645220393428
-0.6617115772703305,-0.027766120090324902,1.0,-169.27557869752496
-0.6638257988138234,-0.027766120090324902,1.0,-169.88471369369833
-0.6662145635046993,-0.027766120090324902,1.0,-170.92889783178805
-0.6703094032619139,-0.027766120090324902,1.0,-171.46818749856968
-0.6724242647002733,-0.027766120090324902,1.0,-172.07705840995237
-0.6748119937645192,-0.027766120090324902,1.0,-172.6162142008625
-0.6769263301994608,-0.027766120090324902,1.0,-173.22530001607956
-0.6793149020238414,-0.027766120090324902,1.0,-173.7643234488533
-0.6814287194072678,-0.027766120090324902,1.0,-174.3035619291073
-0.6835433801141464,-0.027766120090324902,1.0,-174.91251361707555
-0.6859314259493159,-0.027766120090324902,1.0,-175.451620628996
-0.688045571094102,-0.027766120090324902,1.0,-175.99094011453582
-0.6901605494687679,-0.027766120090324902,1.0,-177.10494543227964
-0.6945291977736455,-0.027766120090324902,1.0,-177.644210226823
-0.6966439616738156,-0.027766120090324902,1.0,-178.25311751269882
-0.6990318333831327,-0.027766120090324902,1.0,-178.7922531808859
-0.701146090905435,-0.027766120090324902,1.0,-179.33159719235067
-0.7032611654601987,-0.027766120090324902,1.0,-179.9403756400731
-0.7056485319218553,-0.027766120090324902,1.0,-179.97434820806973
-0.7057817576787049,-0.004307147377667786,1.0,-180.5136960038731
-0.7078968470740121,-0.004307147377667786,1.0,-180.6172973715261
-0.7083031269471611,-0.004307147377667786,1.0,-180.6512253850755
-0.7084361779806881,-0.004307147377667786,1.0,-180.685237706289
-0.7085695596325058,-0.004307147377667786,1.0,-180.719334287565
-0.7087032717159413,-0.004307147377667786,1.0,-180.82296023575523
-0.7091096479833539,-0.004307147377667786,1.0,-180.85688040728112
-0.7092426682638476,-0.004307147377667786,1.0,-180.89088479356656
-0.7093760187983003,-0.004307147377667786,1.0,-180.92497334712783
-0.7095096994005012,-0.004307147377667786,1.0,-181.02862381956248
-0.7099161718414215,-0.004307147377667786,1.0,-181.06253616674346
-0.7100491614382096,-0.004307147377667786,1.0,-181.6017890045246
-0.7121638784491161,-0.004307147377667786,1.0,-181.70557685833933
-0.7125708896405464,-0.004307147377667786,1.0,-181.7394451363177
-0.7127037064169321,-0.004307147377667786,1.0,-181.77339723954418
-0.7128368519197811,-0.004307147377667786,1.0,-181.80743312105633
-0.7129703259649268,-0.004307147377667786,1.0,-181.91124519421712
-0.7133774321341848,-0.004307147377667786,2.0,-179.98316038306314
-0.7058163152276986,0.0021602267626976645,2.0,-178.13051436104163
-0.6985510367099672,0.007830382049780316,1.0,-177.9065031679262
-0.6976725614428478,0.008057007726412614,1.0,-177.66036527776575
-0.6967073148147677,0.008057007726412614,1.0,-177.41430757370807
-0.6957423826419924,0.008057007726412614,1.0,-177.25753905216342
-0.695127604126131,0.008057007726412614,1.0,-177.5133973915693
-0.696130970163017,0.008057007726412614,1.0,-177.2673027667481
-0.6951658932029338,0.008057007726412614,1.0,-177.02128862636266
-0.6942011318680888,0.008057007726412614,1.0,-176.8643810009291
-0.6935858078467808,0.008057007726412614,1.0,-176.61818916809221
-0.692620349678793,0.008057007726412614,1.0,-176.37207784462248
-0.6916552072338136,0.008057007726412614,1.0,-176.1260473680212
-0.6906903818353772,0.008057007726412614,1.0,-175.96919357751491
-0.6900752689314311,0.008057007726412614,1.0,-174.62963080224074
-0.6848220815774146,0.10060077846000919,0.0,-173.26524757361534
-0.6794715591122171,0.09413340431964373,0.0,-171.86479549080457
-0.6739795901600178,0.08846324903256109,2.0,-169.12821329856544
-0.6632478952884919,0.0940231813454063,1.0,-166.9077676633266
-0.6545402653463789,0.09436321012778025,1.0,-164.78792417019739
-0.6462271536086172,0.09436321012778025,1.0,-162.58850939878135
-0.6376019976422798,0.09436321012778025,1.0,-160.46853088977971
-0.6292883564305087,0.09436321012778025,2.0,-157.37825113174128
-0.6171696122813384,0.1008305842681457,2.0,-153.84926730775095
-0.6033304600303959,0.10650073955522836,2.0,-150.5013020463329
-0.5902011844954231,0.11330890106410778,2.0,-147.3007697632531
-0.5776500775029534,0.11897905635119044,2.0,-143.80348774664745
-0.5639352460652841,0.12578721786007,2.0,-139.80979623497302
-0.5482737107253843,0.13145737314715264,2.0,-136.01843851071848
-0.533405641218504,0.13826553465603253,2.0,-132.32729724206555
-0.5189305774198649,0.1439356899431152,0.0,-129.45526767101543
-0.5076677163569233,0.1383757576302696,0.0,-126.79139802241717
-0.4972211687153615,0.13270560234318696,0.0,-124.64545041286587
-0.4888056878935917,0.12589744083430707,0.0,-122.34746482979496
-0.47979397972468607,0.12022728554722442,0.0,-121.07315388954183
-0.47479668191977187,0.11341912403834499,0.0,-117.6582060669428
-0.4614047296742855,0.19357446581144785,0.0,-113.25890414159228
-0.4441525652611462,0.18676630430256838,0.0,-109.20560797485311
-0.42825728617589454,0.18109614901548574,0.0,-105.17319154763443
-0.41244388842209584,0.17428798750660632,0.0,-101.62364122295156
-0.3985240832272611,0.1686178322195237,0.0,-98.46968847089924
-0.38615564106234995,0.16180967071064428,0.0,-95.26524301985636
-0.37358918831316223,0.15613951542356183,0.0,-92.56858958531208
-0.3630140768051454,0.14933135391468239,0.0,-89.73175307757445
-0.35188922775519393,0.14366119862759996,0.0,-87.88944356879563
-0.34466448458351223,0.1368530371187205,0.0,-85.38627392510895
-0.33484813303964295,0.131182881831638,0.0,-83.90667842369619
-0.3290457977399851,0.12437472032275854,0.0,-82.24329257009526
-0.3225227159611579,0.052412963545512455,1.0,-81.04832579499694
-0.31783657174508606,0.05218633786888017,1.0,-79.78655415290868
-0.3128884476584654,0.05218633786888017,1.0,-78.52491575859972
-0.3079408461121558,0.05218633786888017,0.0,-79.32252466431659
-0.3110687241737905,0.04571896372851473,0.0,-79.50953078154787
-0.3118020814962662,0.0400488084414323,0.0,-80.74567014906393
-0.3166496868590742,0.03324064693255285,0.0,-81.81938945662564
-0.3208603508102967,0.027570491645470423,0.0,-82.89918304067199
-0.32509483545361567,0.020762330136590977,0.0,-84.24378984846037
-0.33036780332729554,0.015092174849508326,1.0,-83.8988800779606
-0.3290152159920024,0.014865549172876028,1.0,-83.48752283526349
-0.3274020503343666,0.014865549172876028,1.0,-82.99693729420068
-0.32547818546745366,0.014865549172876028,1.0,-83.08915379036752
-0.32583981878575496,0.014865549172876028,1.0,-82.59922217796783
-0.32391851834497193,0.014865549172876028,1.0,-82.18718435249782
-0.3223026837352856,0.014865549172876028,1.0,-81.77563942344548
-0.3206887820527274,0.014865549172876028,1.0,-81.28534006834592
-0.3187660394837095,0.014865549172876028,1.0,-81.37743705229637
-0.31912720412665246,0.014865549172876028,1.0,-80.96594813911057
-0.31751352211415906,0.014865549172876028,1.0,-80.97963120422793
-0.3175671811930507,-0.056400577238188886,2.0,-79.87943433666727
-0.313252683673205,-0.04993320309782344,2.0,-79.41240726927577
-0.3114212049775521,-0.04426304781074089,2.0,-77.9929110062496
-0.30585455296568476,-0.037454886301861445,2.0,-76.80021251081816
-0.3011773039639928,-0.031784731014779015,2.0,-75.16071762207741
-0.2947479122434408,-0.02497656950589957,2.0,-74.2581260347
-0.2912083373909804,-0.01930641421881714,2.0,-72.40003412390612
-0.2839217024466907,-0.012498252709937655,2.0,-70.7690559169174
-0.27752570947810745,-0.006828097422855189,2.0,-68.68336127253126
-0.26934651479424027,-1.9935913975706287e-05,1.0,-68.93653083406224
-0.27033933660416565,0.0003200928683982375,1.0,-68.76859399867965
-0.2696807607791359,0.0003200928683982375,1.0,-68.60069175089568
-0.2690223205917478,0.0003200928683982375,1.0,-68.9426832109656
-0.2703634635724141,0.0003200928683982375,1.0,-68.77485935793509
-0.2697053308154317,0.0003200928683982375,1.0,-68.60707064221941
-0.2690473358518409,0.0003200928683982375,1.0,-68.94920260249586
-0.27038902981370927,0.0003200928683982375,1.0,-68.78149260631656
-0.2697313435541826,0.0003200928683982375,1.0,-68.62575468115753
-0.2691206065927746,0.0003200928683982375,1.0,-68.45775102254481
-0.268461768715862,0.0003200928683982375,1.0,-68.7996145649787
-0.26980241005874,0.0003200928683982375,1.0,-68.63168916051809
-0.26914387906085524,0.0003200928683982375,1.0,-68.46379846889059
-0.2684854841917278,0.0003200928683982375,0.0,-70.77016798439519
-0.27753007052703993,-0.006147281271967243,2.0,-69.14781107073512
-0.2711678865519024,-0.038840828906684235,2.0,-68.3130510547407
-0.26789431786172824,-0.03317067361960177,2.0,-66.53311199019441
-0.26091416466742906,-0.026362512110722325,2.0,-65.49121817493943
-0.25682830656838995,-0.02069235682363989,2.0,-64.00402160364231
-0.2509961631515385,-0.013884195314760447,2.0,-62.178576180825345
-0.24383755365029547,-0.008214040027678017,2.0,-60.46547441827783
-0.23711950752265815,-0.0014058785187985726,1.0,-60.38945121715725
-0.2368213773221853,-0.0010658497364246222,1.0,-60.48422943160674
-0.23719305659453624,-0.0010658497364246222,1.0,-60.50805390577034
-0.23728648590498175,-0.0010658497364246222,1.0,-60.53213039937698
-0.23738090352696856,-0.0010658497364246222,0.0,-62.40941325235599
-0.24474279706806273,-0.007533223876790073,2.0,-61.09092080117789
-0.23957223843599174,-0.002222857899864106,0.0,-62.63285875611694
-0.24561905394555664,-0.007533223876790073,2.0,-61.37856937864585
-0.24070027207312097,-0.002222857899864106,0.0,-62.91602143557926
-0.246729495825801,-0.007533223876790073,2.0,-61.597255871102355
-0.24155786616118569,-0.002222857899864106,1.0,-61.53998731323673
-0.2413332835813205,-0.0018828291174901556,1.0,-61.146075313453316
-0.2397885306409934,-0.0018828291174901556,1.0,-61.188522810012806
-0.23995499141181492,-0.0018828291174901556,1.0,-61.23121914587152
-0.24012242802302558,-0.0018828291174901556,1.0,-61.27416380084982
-0.24029083843470517,-0.0018828291174901556,1.0,-61.38589411901452
-0.24072899654515498,-0.0018828291174901556,1.0,-61.42831865345008
-0.24089536726843166,-0.0018828291174901556,0.0,-63.831493732054895
-0.2503195832629604,-0.008350203257855605,2.0,-62.02376849577096
-0.2432304646892979,-0.0030398372809296395,0.0,-64.09177551450433
-0.2513402961353111,-0.008350203257855605,2.0,-62.34747129871692
-0.2444998874459487,-0.0030398372809296395,2.0,-60.81935718693642
-0.23850728308602517,0.002630318006153012,0.0,-62.31276037918567
-0.24436376619288497,-0.002929614306692197,2.0,-60.903049248142764
-0.2388354872476187,0.0023807516702337704,1.0,-60.817136183356624
-0.2384985732680652,0.0027207804526077207,1.0,-60.755332696030685
-0.2382562066511007,0.0027207804526077207,1.0,-60.69377907751205
-0.23801481991181195,0.0027207804526077207,1.0,-60.63247608879526
-0.23777441603449118,0.0027207804526077207,1.0,-60.647006726038036
-0.23783139892563937,0.0027207804526077207,1.0,-60.58517977390874
-0.2375889402898382,0.0027207804526077207,1.0,-60.52360334522066
-0.23734746409890453,0.0027207804526077207,1.0,-60.46227820539352
-0.23710697335448438,0.0027207804526077207,0.0,-62.24537232196078
-0.244099499301807,-0.00374659368775773,2.0,-60.85032123085347
-0.2386287107092293,0.0015637722891682368,1.0,-60.27675163456742
-0.2363794181747742,0.0019038010715421872,1.0,-60.23348353058038
-0.23620973933560935,0.0019038010715421872,1.0,-60.190468065755596
-0.23604105123825722,0.0019038010715421872,1.0,-60.222912699754794
-0.2361682850970776,0.0019038010715421872,1.0,-60.179369380234036
-0.23599752698130994,0.0019038010715421872,1.0,-60.136078531075675
-0.23582775894539482,0.0019038010715421872,1.0,-60.09304069791632
-0.23565898312908362,0.0019038010715421872,1.0,-60.0502564247634
-0.2354912016657388,0.0019038010715421872,1.0,-60.08198921560858
-0.23561564398277873,0.0019038010715421872,1.0,-60.038675548992835
-0.23544578646663855,0.0019038010715421872,1.0,-59.99561527630702
-0.2352769226521844,0.0019038010715421872,1.0,-59.95280894354104
-0.23510905468055307,0.0019038010715421872,1.0,-59.98461115086836
-0.23523376921909162,0.0019038010715421872,1.0,-59.941274594166224
-0.2350638219379068,0.0019038010715421872,1.0,-59.898191810422766
-0.23489486984479516,0.0019038010715421872,1.0,-59.85536334762188
-0.2347269150887133,0.0019038010715421872,1.0,-59.887235196253116
-0.23485190273040435,0.0019038010715421872,1.0,-59.84387567649081
-0.23468186539800318,0.0019038010715421872,1.0,-59.80077030982066
-0.23451282474439475,0.0019038010715421872,1.0,-59.7579196462297
-0.234344782926391,0.0019038010715421872,1.0,-59.789861362075726
-0.2344700445571597,0.0019038010715421872,1.0,-59.74647880593357
-0.23429991688601398,0.0019038010715421872,1.0,-59.70335078412425
-0.23413078738872253,0.0019038010715421872,1.0,-59.66047784864939
-0.23396265822999762,0.0019038010715421872,1.0,-59.69248965871381
-0.23408819474005416,0.0019038010715421872,1.0,-59.64908399252221
-0.23391797644126355,0.0019038010715421872,1.0,-59.60593324301676
-0.233748757815752,0.0019038010715421872,1.0,-59.56303796422449
-0.23358054103617448,0.0019038010715421872,1.0,-59.09099447734323
-0.23172939010722832,0.0019038010715421872,1.0,-59.04740637713515
-0.23155845638092215,0.0019038010715421872,1.0,-59.004075524868185
-0.2313885314700713,0.0019038010715421872,1.0,-58.96100248770238
-0.23121961759883286,0.0019038010715421872,1.0,-58.91818783107657
-0.23105171698461402,0.0019038010715421872,1.0,-58.95003010203837
-0.23117658863544457,0.0019038010715421872,1.0,-58.90667593056596
-0.23100657227672924,0.0019038010715421872,1.0,-58.863579966554035
-0.23083756849629036,0.0019038010715421872,1.0,-58.82074277754197
-0.23066957951977246,0.0019038010715421872,1.0,-58.852655980086844
-0.2307947293336739,0.0019038010715421872,0.0,-60.64966260926512
-0.23784181415398087,-0.0045635730688232635,2.0,-59.27598196250216
-0.23245483122549865,0.0007467929081027034,1.0,-59.15098095279031
-0.231964631187413,0.001086821690476654,1.0,-59.12661310530739
-0.23186907100120546,0.001086821690476654,1.0,-59.17586913489513
-0.2320622319015495,0.001086821690476654,1.0,-59.15096342264758
-0.23196456244175523,0.001086821690476654,1.0,-59.12631521618013
-0.23186790280854952,0.001086821690476654,1.0,-59.10192483766788
-0.23177225426536424,0.001086821690476654,1.0,-59.15125074062805
-0.23196568917893354,0.001086821690476654,1.0,-59.12632230220915
-0.2318679305968986,0.001086821690476654,0.0,-60.94618009110794
-0.23900462780826642,-0.005380552449888797,2.0,-59.58709038531461
-0.2336748642561357,-7.018647296282995e-05,1.0,-59.48079322919926
-0.2332580126635265,0.00026984230941112043,1.0,-59.54746436202218
-0.23351946808636154,0.00026984230941112043,1.0,-59.54100736877755
-0.23349414654422568,0.00026984230941112043,1.0,-59.5348064384962
-0.23346982917057332,0.00026984230941112043,1.0,-59.52886165119797
-0.23344651627920773,0.00026984230941112043,1.0,-59.52317308362849
-0.23342420817109213,0.00026984230941112043,1.0,-59.589122926741275
-0.23368283500682852,0.00026984230941112043,1.0,-59.58289954723402
-0.23365842959699618,0.00026984230941112043,1.0,-59.57693209935497
-0.23363502784060772,0.00026984230941112043,1.0,-59.571220660016614
-0.23361263003928084,0.00026984230941112043,1.0,-59.13262683388573
-0.23189265425053227,0.00026984230941112043,1.0,-59.1262284115212
-0.23186756239812234,0.00026984230941112043,1.0,-59.12008786110721
-0.23184348180826359,0.00026984230941112043,1.0,-59.11420526300401
-0.23182041279609417,0.00026984230941112043,1.0,-59.18075964527401
-0.23208141037362356,0.00026984230941112043,1.0,-59.1743387811355
-0.2320562305142569,0.00026984230941112043,1.0,-59.16817557450431
-0.2320320610764875,0.00026984230941112043,1.0,-59.16227010590461
-0.2320089023760965,0.00026984230941112043,1.0,-159.22884502258356
