Lateral Error,Yaw Error,Action,Reward
-0.0026423065603272183,-0.002286068463376015,1.0,-0.5439688177740761
-0.0021332110500944163,-0.002286068463376015,1.0,-0.7870322139663398
-0.0030864008390836853,-0.002286068463376015,1.0,-0.6447620772726558
-0.002528478734402572,-0.002286068463376015,1.0,-0.5024922666431156
-0.0019705579084043747,-0.002286068463376015,1.0,-0.8434180360011495
-0.0033075217098084294,-0.002286068463376015,1.0,-0.9324915389501265
-0.0036568295645103,-0.002286068463376015,1.0,-0.7938627222407282
-0.0031131871460420716,-0.002286068463376015,1.0,-1.0739831666899682
-0.0042116986929018356,-0.002286068463376015,1.0,-0.9319357550596268
-0.0036546500198416736,-0.002286068463376015,1.0,-0.7899687158760131
-0.0030979165328471102,-0.002286068463376015,1.0,-1.347208877093477
-0.005283172067033243,-0.002286068463376015,1.0,-1.205791597892164
-0.004728594501537899,-0.002286068463376015,1.0,-1.0646017602156543
-0.004174908863590801,-0.002286068463376015,1.0,-1.3624620794297464
-0.005342988546783319,-0.002286068463376015,1.0,-1.2207101645627667
-0.00478709868455987,-0.002286068463376015,1.0,-1.3646059141567772
-0.005351395741791284,-0.002286068463376015,1.0,-1.6277105474059086
-0.006383178617278074,-0.002286068463376015,1.0,-1.485654476626697
-0.005826095986771361,-0.002286068463376015,1.0,-1.3436438266834707
-0.005269191477190081,-0.002286068463376015,1.0,-1.651668529843456
-0.00647713148958218,-0.002286068463376015,1.0,-1.5101673083517988
-0.005922224738634506,-0.002286068463376015,1.0,-1.6327148918727972
-0.006402803497540381,-0.002286068463376015,1.0,-1.9112180495141202
-0.007494972743192628,-0.002286068463376015,1.0,-1.768968063400306
-0.0069371296603933565,-0.002286068463376015,1.0,-1.62672170242825
-0.006379300793836275,-0.002286068463376015,1.0,-1.9412773851521958
-0.007612852490792925,-0.002286068463376015,1.0,-1.7999778419746422
-0.007058736635194675,0.009000763476447762,1.0,-1.6588443231283436
-0.006505271855405269,0.009000763476447762,1.0,-1.5179231391706702
-0.005952639761453609,0.009000763476447762,1.0,-0.9156034105667902
-0.003590601610065844,0.009000763476447762,2.0,-1.209557182378743
0.004743361499524482,0.015468137616813565,1.0,-1.6035784259071484
0.0062885428466947,0.015808166399187473,1.0,-1.8972688917613993
0.007440270163770193,0.015808166399187473,1.0,-2.190986019177191
0.008592102035988983,0.015808166399187473,1.0,-2.4847203532365465
0.009744001385241358,0.015808166399187473,1.0,-2.778466436781182
0.010895946810906599,0.015808166399187473,1.0,-3.0722208995814144
0.012047925096397703,0.015808166399187473,1.0,-3.3659815478258044
0.013199927638532566,0.015808166399187473,1.0,-3.659746892034511
0.014351948596213767,0.015808166399187473,1.0,-3.9535158854091517
0.015503983864349613,0.015808166399187473,1.0,-4.9509763601294905
0.019415593569135258,0.015808166399187473,1.0,-5.244483234305499
0.020566600918845095,0.015808166399187473,1.0,-5.538020122772696
0.02171772597165763,0.015808166399187473,1.0,-5.831582493160215
0.02286895095356947,0.015808166399187473,1.0,-6.125166681634388
0.024020261496605445,0.015808166399187473,1.0,-6.418769694423437
0.025171645860484065,0.015808166399187473,1.0,-6.712389061375024
0.026323094358333427,0.015808166399187473,1.0,-7.006022726301962
0.027474598926674358,0.015808166399187473,1.0,-7.299668963769878
0.02862615279909756,0.015808166399187473,1.0,-7.593326315177324
0.029777750255597348,0.015808166399187473,1.0,-7.886993539104611
0.030929386427861222,0.015808166399187473,1.0,-8.180669572349466
0.03208105714646849,0.015808166399187473,2.0,-10.739111061951675
0.042114161027261475,0.022275540539553277,1.0,-11.284115424936745
0.04425143303896763,0.02261556932192718,1.0,-12.152562852174324
0.047657109224213026,0.02261556932192718,1.0,-12.597694916404434
0.049402725162370334,0.02261556932192718,1.0,-13.042838023630093
0.05114838440639252,0.02261556932192718,1.0,-13.48799108049807
0.05289408266861988,0.02261556932192718,1.0,-13.933153133359065
0.054639816209251235,0.02261556932192718,1.0,-14.661523721944036
0.05749617145860406,0.02261556932192718,1.0,-15.10622415964604
0.05924009474370996,0.02261556932192718,1.0,-15.550958557173079
0.06098415120460031,0.02261556932192718,1.0,-15.995724081936814
0.06272832973308554,0.02261556932192718,1.0,-16.864577052822494
0.0661355962855784,0.04657780158010382,1.0,-18.01633942468474
0.07065231146935193,0.04657780158010382,1.0,-18.461333793826228
0.07239738742676952,0.04657780158010382,1.0,-19.613851229883437
0.07691706364660172,0.04657780158010382,1.0,-20.767087951418215
0.08143956059379692,0.04657780158010382,1.0,-21.920930436205047
0.08596443308315704,0.04657780158010382,1.0,-22.78741975168371
0.08936243039875966,0.04657780158010382,1.0,-23.940274672951354
0.0938834300900053,0.04657780158010382,1.0,-25.093693852964478
0.098406642560645,0.04657780158010382,1.0,-25.961137408660832
0.10180838199474836,0.04657780158010382,1.0,-27.113693562317163
0.10632821004830259,0.04657780158010382,1.0,-28.266775000415674
0.11085009804084578,0.04657780158010382,1.0,-29.134955464248932
0.11425472731078012,0.04657780158010382,1.0,-30.287271641839467
0.1187736142817234,0.04657780158010382,1.0,-31.440077678059293
0.1232944222668992,0.04657780158010382,1.0,-32.308844330873534
0.1267013503171511,0.04657780158010382,1.0,-33.46096361676345
0.13121946516377825,0.04657780158010382,1.0,-34.613540957566485
0.13573937630418229,0.04657780158010382,1.0,-35.48278500667514
0.13914817649676525,0.04657780158010382,1.0,-36.63473988659691
0.14366564661410552,0.04657780158010382,1.0,-37.78712437564308
0.14818480147311014,0.04657780158010382,1.0,-38.65676473016972
0.15159515580458713,0.04657780158010382,1.0,-39.80858028987366
0.156112079568132,0.04657780158010382,1.0,-40.96080000781186
0.16063058826592888,0.04657780158010382,1.0,-42.11339071076595
0.16515055180692528,0.04657780158010382,1.0,-42.55830432175311
0.1668953110656985,0.04657780158010382,1.0,-43.711183856613765
0.1714164072808383,0.04657780158010382,1.0,-44.86437772713952
0.17593873618486083,0.04657780158010382,1.0,-45.73191613227074
0.1793408475775323,0.04657780158010382,1.0,-46.884623823762524
0.18386126989710797,0.04657780158010382,1.0,-48.03763333424561
0.18838287582057103,0.04657780158010382,1.0,-48.90560149160408
0.19178667251609444,0.04657780158010382,1.0,-50.05815743497963
0.19630649974501818,0.04657780158010382,1.0,-51.211003325533916
0.20082746402170165,0.04657780158010382,1.0,-52.07934695368779
0.2042327331517168,0.04657780158010382,1.0,-53.23176794185168
0.2087520311445164,0.04657780158010382,1.0,-54.38446767782808
0.21327242226599244,0.04657780158010382,1.0,-55.96048696209626
0.21945289004743632,0.08490016051244298,1.0,-57.821080819327975
0.22674933654638424,0.08490016051244298,1.0,-59.82080262475838
0.23459138284218972,0.08490016051244298,1.0,-61.6805749000787
0.24188460745128904,0.08490016051244298,1.0,-63.96433021991286
0.25084051066632496,0.08490016051244298,1.0,-65.54063957771385
0.2570221159910347,0.08490016051244298,1.0,-67.4007499828897
0.2643166665995675,0.08490016051244298,1.0,-69.68447843409353
0.27327246444742564,0.08490016051244298,1.0,-71.26059924757385
0.2794533303826426,0.08490016051244298,1.0,-73.54438850272818
0.2884093666773654,0.08490016051244298,1.0,-75.40469539799038
0.2957046878352564,0.08490016051244298,1.0,-76.98065427932869
0.3018849187424655,0.08490016051244298,1.0,-79.26442092318881
0.3108408663654463,0.08490016051244298,1.0,-81.12496656873546
0.31813712379896264,0.08490016051244298,1.0,-83.12457484929345
0.32597872489919,0.08490016051244298,1.0,-84.98452993115487
0.33327266639668574,0.08490016051244298,1.0,-87.26828190948254
0.3422285565077747,0.08490016051244298,1.0,-88.84450820294335
0.3484098360899739,0.08490016051244298,1.0,-90.70470103711796
0.3557047099494822,0.08490016051244298,1.0,-92.98843318361975
0.3646605222887049,0.08490016051244298,1.0,-94.56452236992803
0.3708412641957962,0.08490016051244298,1.0,-96.84830120092693
0.37979725961147814,0.08490016051244298,1.0,-98.70863662182148
0.38709269263459406,0.08490016051244298,1.0,-100.28460352200165
0.3932729549882418,0.08490016051244298,1.0,-102.56836487882565
0.40222888187774763,0.08490016051244298,1.0,-104.42888365206139
0.4095250339296525,0.08490016051244298,1.0,-106.42842753444968
0.4173663824880379,0.08490016051244298,1.0,-108.28848536021289
0.42466072690279566,0.08490016051244298,1.0,-110.14916748289755
0.4319575195407747,0.08490016051244298,1.0,-112.14841312192031
0.4397976985173345,0.08490016051244298,1.0,-114.00865409513811
0.4470927611574044,0.08490016051244298,1.0,-116.29238841657848
0.45604858202579796,0.08490016051244298,1.0,-117.86845847535676
0.4622292489229677,0.08490016051244298,1.0,-119.72886416751531
0.46952495751966794,0.08490016051244298,1.0,-121.7285503959179
0.47736686429771724,0.08490016051244298,1.0,-123.58855529632005
0.4846610011620395,0.08490016051244298,1.0,-126.58003920990772
0.4963923106270891,0.13917581339658297,0.0,-126.76245682782843
0.4971076738346213,0.13270843925621717,0.0,-127.20897956967363
0.4988587434104848,0.12703828396913538,0.0,-127.12179958889935
0.4985168611329386,0.12023012246025551,0.0,-127.1026731081386
0.4984418553260338,0.11455996717317374,2.0,-132.24613386194224
0.5186122896546755,0.12011989948601928,0.0,-132.7945942061425
0.5207631145338922,0.11480953350909298,0.0,-132.694683878575
0.5203713093277451,0.10913937822201103,0.0,-132.37069807101486
0.519100776749078,0.10233121671313114,1.0,-134.62229921078875
0.527930585140348,0.1019911879307572,1.0,-136.52071888489735
0.535375368176068,0.1019911879307572,1.0,-139.1057056887619
0.5455125713284781,0.1019911879307572,1.0,-141.45793353624217
0.5547369942597731,0.1019911879307572,1.0,-144.04280710651094
0.5648737533588665,0.1019911879307572,1.0,-145.94121082539277
0.5723184738250697,0.1019911879307572,1.0,-148.52626801135867
0.5824559529857203,0.1019911879307572,1.0,-150.87838802401274
0.591679953035344,0.1019911879307572,1.0,-153.4633372939123
0.6018170089957345,0.1019911879307572,1.0,-155.36172672010156
0.609261673412163,0.1019911879307572,1.0,-157.9468455004173
0.6193993941192836,0.1019911879307572,1.0,-160.29887013027397
0.6286230201187214,0.1019911879307572,1.0,-162.88388590521748
0.6387603368832059,0.1019911879307572,1.0,-165.23605973181844
0.6479845479679154,0.1019911879307572,1.0,-167.3674355949228
0.6563428846859718,0.1019911879307572,1.0,-169.71937525603113
0.6655661774746319,0.1019911879307572,1.0,-172.30444991850882
0.6757037251706228,0.1019911879307572,1.0,-174.65653348214664
0.684927582282928,0.1019911879307572,1.0,-176.55495788247026
0.6923723838528246,0.1019911879307572,1.0,-179.13989976967667
0.7025094108614771,0.1019911879307572,1.0,-181.49217485933474
0.7117340190562146,0.1019911879307572,1.0,-184.07702931175476
0.721870703183352,0.1019911879307572,1.0,-185.97544107523836
0.7293154551970132,0.1019911879307572,1.0,-188.56044076534013
0.7394527088836867,0.1019911879307572,1.0,-190.9126285646604
0.7486769747633741,0.1019911879307572,1.0,-193.49754399583009
0.7588138980228631,0.1019911879307572,1.0,-195.39594415779274
0.7662586045403637,0.1019911879307572,1.0,-197.98099589022698
0.7763960623146156,0.1019911879307572,1.0,-201.019692824822
0.7883125208816549,0.16508807547831814,0.0,-201.16032127249966
0.7888640049901947,0.1586207013379523,0.0,-201.01921861953144
0.7883106612530645,0.15295054605086966,0.0,-200.47597378406348
0.7861802893492686,0.14614238454198977,0.0,-200.67379574146327
0.7869560617312285,0.1404722292549071,0.0,-199.8135722662137
0.783582636338093,0.13366406774602724,0.0,-199.5966453577977
0.7827319425795989,0.12799391245894456,2.0,-205.72551010615206
0.8067667062986356,0.1335538447717901,2.0,-212.4621668428514
0.8331849680111819,0.13922400005887278,0.0,-212.63767071453336
0.833873218488366,0.13366406774602724,2.0,-219.05906871524516
0.859055171432334,0.13897443372295354,0.0,-218.83962907524068
0.8581946238244733,0.13366406774602724,2.0,-225.45318386931493
0.8841301328208429,0.13897443372295354,0.0,-225.22852680556952
0.8832491247277237,0.13366406774602724,2.0,-231.65225240272218
0.9084402055008713,0.13897443372295354,0.0,-231.90485694869918
0.9094308115635261,0.13366406774602724,2.0,-238.51758868840355
0.9353630928957003,0.13897443372295354,2.0,-245.4413289879642
0.9625150156390753,0.14464458901003618,0.0,-245.20185685543981
0.9615759092370189,0.1390846566971906,2.0,-252.0066183113324
0.9882612482797348,0.1443950226741169,0.0,-251.641989013953
0.9868313294664824,0.1390846566971906,0.0,-251.581046735679
0.9865923401399176,0.13341450141010797,2.0,-258.45843310033484
1.0135624827464111,0.13897443372295354,2.0,-265.5837932630964
1.0415050716199858,0.14464458901003618,2.0,-273.8937134522889
1.0740929939305448,0.15145275051891607,2.0,-281.9014663483544
1.105495946464135,0.15712290580599872,2.0,-291.3926637833998
1.142716328562352,0.1639310673148786,0.0,-290.97592477771616
1.1410820579518282,0.1586207013379523,2.0,-299.12683040156907
1.1730463937316433,0.1639310673148786,0.0,-298.7064502427281
1.17139784408913,0.1586207013379523,2.0,-307.3157406391641
1.2051597672124084,0.1639310673148786,2.0,-316.2670002427786
1.2402627460501123,0.16960122260196125,0.0,-315.34001188290915
1.2366274975800358,0.16404129028911568,2.0,-327.5908081692469
1.2846698359578308,0.22971814907716387,0.0,-327.42245189022435
1.2840096152557818,0.22440778310023754,0.0,-326.8799159520753
1.2818820233414718,0.2187376278131549,0.0,-324.8639454872982
1.2739762568129342,0.211929466304275,0.0,-324.27979210560676
1.2716854592376736,0.20625931101719236,0.0,-322.4642374242006
1.2645656369576492,0.19945114950831247,0.0,-321.82926879845445
1.2620755639155077,0.19378099422122982,0.0,-319.8151819707335
1.2541771841989549,0.18697283271234993,0.0,-319.13739396842203
1.2515191920330275,0.1813026774252673,0.0,-317.28855257337955
1.2442688336210963,0.1744945159163874,2.0,-326.2725241928616
1.279500094873967,0.1798048818933137,0.0,-325.8428393355056
1.2778150562176689,0.1744945159163874,0.0,-325.1070411318827
1.2749295730662067,0.16882436062930475,2.0,-334.4345844286396
1.3115081742299592,0.17438429294215033,1.0,-339.15828487036555
1.330032489687708,0.17472432172452426,1.0,-343.1391780332245
1.3456438354244096,0.17472432172452426,2.0,-353.96430250732055
1.3880953039502768,0.18119169586489012,0.0,-353.38302464853757
1.3858157829354414,0.1758813298879638,2.0,-363.2331229895958
1.4244436195670425,0.18119169586489012,1.0,-367.9506776290729
1.4429438338395015,0.18153172464726405,1.0,-372.73597096629766
1.4617096900639124,0.18153172464726405,1.0,-376.8717145514933
1.4779282923587973,0.18153172464726405,2.0,-388.81230836335936
1.5247541504445465,0.18799909878762988,0.0,-387.6044997524386
1.5200176460879944,0.18268873281070358,2.0,-397.91212806152913
1.5604397178883498,0.18799909878762988,1.0,-402.9572304735347
1.5802244332295479,0.18833912757000384,2.0,-415.7509330897896
1.6303958160383907,0.19480650171036967,0.0,-414.19380990957404
1.6242894506257806,0.18949613573344337,0.0,-412.5150048036504
1.6177059011907857,0.18382598044636067,2.0,-423.7852374581472
1.661902891992734,0.18938591275920624,0.0,-422.22479118240585
1.6557834948329642,0.18407554678227994,2.0,-432.7683142796285
1.6971306442338374,0.18938591275920624,2.0,-445.177812797373
1.7457953443034235,0.19505606804628892,2.0,-460.59833648261093
1.8062679862063173,0.24981034209471553,0.0,-458.37376778081494
1.797544187375745,0.24449997611778923,0.0,-455.65913538856563
1.7868985701512377,0.23882982083070653,0.0,-451.1426380158274
1.7691868157483426,0.23202165932182664,0.0,-448.96006321237775
1.7606276988720697,0.22635150403474402,0.0,-445.18402627902776
1.745819710898148,0.1715972299863174,1.0,-449.8051056516884
1.7639415907909348,0.2192033137434902,0.0,-446.66875255471797
1.751642166881247,0.21273593960312437,0.0,-444.2258803341137
1.7420622758200537,0.20706578431604167,0.0,-440.58192334362184
1.7277722484063602,0.15231151026761522,1.0,-445.2937221828137
1.7462498909129949,0.19991759402478798,2.0,-458.8516523309163
1.7994182444349658,0.2063849681651537,2.0,-472.704776361998
1.853744221027443,0.21205512345223637,2.0,-488.40821733879176
1.9153263425050657,0.21886328496111626,0.0,-486.0666322613353
1.9061436559268052,0.21355291898418996,2.0,-500.2753866472963
1.9618642613619461,0.21886328496111626,2.0,-610.1167550974903
