Lateral Error,Yaw Error,Action,Reward
0.0004967943096675702,0.000527115194119053,1.0,-0.1475577335087036
0.0005786577784655043,0.000527115194119053,1.0,-0.1815976433242774
0.0007121476208795192,0.000527115194119053,1.0,-0.22284911092589754
0.0008739180820623433,0.000527115194119053,1.0,-0.26800252098961913
0.0010509902783906633,0.000527115194119053,1.0,-0.3153863965200356
0.0012368093981177867,0.000527115194119053,1.0,-0.2835576373326814
0.0011119907346379663,0.000527115194119053,1.0,-0.25880002478638114
0.0010149020579858082,0.000527115194119053,1.0,-0.24296002717715398
0.0009527844203025646,0.000527115194119053,1.0,-0.2378261962426439
0.0009326517499711525,0.000527115194119053,1.0,-0.24407504433967794
0.000957157036626188,0.000527115194119053,1.0,-0.26088993417998046
0.0010230977810979627,0.000527115194119053,1.0,-0.28641594068819437
0.0011231997674046837,0.000527115194119053,1.0,-0.31856589152171
0.0012492780059674903,0.000527115194119053,1.0,-0.3555474177076673
0.0013943035988535973,0.000527115194119053,1.0,-0.3960092272573782
0.00155297736179364,0.000527115194119053,1.0,-0.3747354170108965
0.001469550654944692,0.000527115194119053,1.0,-0.36022946281950163
0.0014126645600764768,0.000527115194119053,1.0,-0.3529638817796504
0.0013841720854103935,0.000527115194119053,1.0,-0.3533855410674792
0.0013858256512450165,0.000527115194119053,1.0,-0.3614675397141315
0.0014175197635848294,0.000527115194119053,1.0,-0.3767171707465286
0.001477322238221681,0.000527115194119053,1.0,-0.39831203100133167
0.0015620079647111046,0.000527115194119053,1.0,-0.42528663767203295
0.0016677907359687566,0.000527115194119053,1.0,-0.4566887092552476
0.0017909361147264613,0.000527115194119053,1.0,-0.4916706549885772
0.0019281202156414792,0.000527115194119053,1.0,-0.4775042699026925
0.0018725657643242845,0.000527115194119053,1.0,-0.46916423017690057
0.0018398597261839237,0.000527115194119053,1.0,-0.4665827095129882
0.0018297361157372087,0.000527115194119053,1.0,-0.4698546345332416
0.0018425671942480064,0.000527115194119053,1.0,-0.4788600350885839
0.001877882490543466,0.000527115194119053,1.0,-0.4932850004351719
0.0019344509820987134,0.000527115194119053,1.0,-0.512672266599471
0.0020104794768606707,0.000527115194119053,0.0,-1.4795859734749162
-0.0058022979351957495,-0.005940258946246423,1.0,-1.7248279121297871
-0.006764031027959949,-0.006280287728620367,1.0,-1.8707902412848154
-0.007336432318763982,-0.006280287728620367,1.0,-1.9959322823421304
-0.00782718542094953,-0.006280287728620367,1.0,-2.131750062611063
-0.008359804167102206,-0.006280287728620367,1.0,-2.2692682920368115
-0.008899091341320829,-0.006280287728620367,1.0,-2.408195679570017
-0.009443904625764771,-0.006280287728620367,1.0,-2.548301763726252
-0.009993340249906871,-0.006280287728620367,1.0,-2.68940233601735
-0.010546675827519019,-0.006280287728620367,1.0,-2.831348719072842
-0.011103328310089578,-0.006280287728620367,1.0,-2.974019806771619
-0.011662822771653408,-0.006280287728620367,1.0,-3.117316097414402
-0.012224769009468244,-0.006280287728620367,1.0,-3.2611551771393166
-0.012788843831918889,-0.006280287728620367,0.0,-5.38537439563445
-0.021119115276997842,-0.012747661868985837,1.0,-5.780725436314874
-0.022669511514960293,-0.013087690651359776,1.0,-6.05201671100301
-0.02373339886667847,-0.013087690651359776,1.0,-6.343924884907198
-0.02487813680355764,-0.013087690651359776,1.0,-6.636277010848656
-0.026024615728818257,-0.013087690651359776,1.0,-6.929016894796851
-0.02717261527371314,-0.013087690651359776,1.0,-7.222097384855061
-0.028321950528843377,-0.013087690651359776,1.0,-7.515478633365185
-0.029472465228883075,-0.013087690651359776,1.0,-7.8091267427987905
-0.030624026442348202,-0.013087690651359776,1.0,-8.103012700589217
-0.03177652039446752,-0.013087690651359776,1.0,-8.397111533796203
-0.03292984915214197,-0.013087690651359776,1.0,-8.691401632671488
-0.03408392797126074,-0.013087690651359776,1.0,-8.985864205188362
-0.03523868315760142,-0.013087690651359776,1.0,-9.258398583968457
-0.036307445427327285,-0.013087690651359776,1.0,-9.550797469150634
-0.037454107722159354,-0.013087690651359776,1.0,-9.843466523442236
-0.03860182950369505,-0.013087690651359776,1.0,-10.13638234498929
-0.039750518999958,-0.013087690651359776,1.0,-10.429524142250303
-0.04090009467549138,-0.013087690651359776,1.0,-10.722873382076376
-0.04205048385127991,-0.013087690651359776,1.0,-11.016413492901895
-0.04320162154079175,-0.013696313019007075,1.0,-11.310129613290409
-0.044353449463883955,-0.013696313019007075,1.0,-11.604008377994008
-0.045505915207819644,-0.013696313019007075,1.0,-11.898037735188536
-0.04665897151054328,-0.013696313019007075,1.0,-12.192206789735577
-0.04781257564602187,-0.013696313019007075,1.0,-12.465318461817887
-0.04888360181105054,-0.013696313019007075,1.0,-12.757949035548958
-0.050031172688427286,-0.013696313019007075,1.0,-13.050772995385378
-0.051179501942687756,-0.013696313019007075,1.0,-13.343777609986784
-0.052328539647007,-0.013696313019007075,1.0,-13.636951234670368
-0.05347824013596223,-0.013696313019007075,1.0,-13.930283198595054
-0.054628561563117864,-0.013696313019007075,1.0,-14.223763705631162
-0.05577946551227907,-0.013696313019007075,1.0,-14.517383747028592
-0.05693091665501408,-0.013696313019007075,1.0,-14.811135024286225
-0.05808288244818127,-0.013696313019007075,1.0,-15.105009880866518
-0.05923533286614321,-0.013696313019007075,1.0,-15.399001241600086
-0.06038824016313758,-0.013696313019007075,1.0,-15.693102558793639
-0.06154157866193584,-0.013696313019007075,1.0,-15.96521145604194
-0.06260867237663506,-0.013696313019007075,1.0,-16.25812720769432
-0.06375736159880124,-0.013696313019007075,1.0,-17.060910947074184
-0.06690553312578111,-0.013696313019007075,1.0,-17.354055724318716
-0.06805512048752438,-0.013696313019007075,1.0,-17.64732644810005
-0.0692052017572551,-0.013696313019007075,1.0,-17.9407169420052
-0.07035575271374589,-0.013696313019007075,1.0,-18.234221424694343
-0.07150675068507586,-0.013696313019007075,1.0,-18.52783447898596
-0.07265817442739592,-0.013696313019007075,1.0,-18.821551023784092
-0.07381000401483959,-0.013696313019007075,1.0,-19.115366288549225
-0.07496222073940872,-0.013696313019007075,1.0,-19.409275790049175
-0.0761148070198007,-0.013696313019007075,1.0,-19.682321588663637
-0.07718557485750446,-0.013696313019007075,1.0,-19.975260605353373
-0.07833435531511126,-0.013696313019007075,1.0,-20.268315231619003
-0.07948358914360394,-0.013696313019007075,1.0,-20.561480524248836
-0.08063325695783857,-0.013696313019007075,1.0,-20.85475181617221
-0.08178334045557731,-0.013696313019007075,1.0,-21.148124697558906
-0.08293382234336825,-0.013696313019007075,1.0,-21.44159499844059
-0.08408468626839447,-0.013696313019007075,1.0,-21.735158772714147
-0.08523591675574176,-0.013696313019007075,1.0,-22.02881228340107
-0.08638749915059243,-0.013696313019007075,1.0,-22.322551989049995
-0.08753941956490194,-0.013696313019007075,1.0,-23.12575819032897
-0.09068924780521165,-0.03439841036732833,2.0,-21.926330284236265
-0.08598560895778927,-0.027931036226962868,2.0,-20.83403759658567
-0.0817021082219046,-0.022260880939880396,1.0,-21.293621682147474
-0.0835043987535195,-0.022034255263248103,1.0,-21.82023681176052
-0.08556955612455105,-0.022034255263248103,1.0,-21.836991994975584
-0.08563526272539444,-0.022034255263248103,1.0,-22.3615987401236
-0.0876925440789161,-0.022034255263248103,1.0,-22.88740318427056
-0.0897545222912571,-0.022034255263248103,1.0,-23.413332691853753
-0.09181699094844609,-0.022034255263248103,1.0,-23.93937902023581
-0.09387991772641494,-0.022034255263248103,1.0,-24.465534633941562
-0.09594327307428065,-0.022034255263248103,1.0,-24.991792630575564
-0.09800702992382573,-0.022034255263248103,1.0,-25.51814667584221
-0.10007116343467534,-0.022034255263248103,2.0,-24.062786573742592
-0.09436386891663762,-0.015566881122882627,1.0,-24.33635111731978
-0.09543667104831285,-0.015226852340508685,1.0,-24.719385023120832
-0.09693876479655228,-0.015226852340508685,1.0,-25.092374464268882
-0.09840146848732896,-0.015226852340508685,1.0,-25.465516104833956
-0.09986476903856453,-0.015226852340508685,1.0,-25.838803351020022
-0.10132864059223538,-0.015226852340508685,1.0,-25.702317388225897
-0.1007934015224545,-0.015226852340508685,1.0,-26.075857584525256
-0.10225826503735395,-0.015226852340508685,1.0,-26.449528772899704
-0.1037236422466655,-0.015226852340508685,1.0,-26.82332547886479
-0.1051895116818227,-0.015226852340508685,1.0,-27.197242527110095
-0.10665585304749056,-0.015226852340508685,1.0,-27.580042479645662
-0.10815702933194378,-0.015226852340508685,1.0,-27.95311434554129
-0.10962005625702467,-0.015226852340508685,1.0,-28.32632086853877
-0.11108361124917163,-0.015226852340508685,1.0,-28.699656795449403
-0.11254767370764471,-0.015226852340508685,1.0,-29.07311714113946
-0.11401222408289984,-0.015226852340508685,1.0,-29.44669717175273
-0.11547724381079502,-0.015226852340508685,1.0,-29.820392389169964
-0.11694271525164693,-0.015226852340508685,1.0,-30.19419851660054
-0.1184086216337276,-0.015226852340508685,1.0,-30.57754815410385
-0.1199119535455053,-0.015226852340508685,1.0,-30.44074819455049
-0.11937548311588428,-0.015226852340508685,1.0,-30.81388659649932
-0.120838770966664,-0.015226852340508685,1.0,-31.187145711277793
-0.1223025322010894,-0.015226852340508685,1.0,-31.560521255956576
-0.12376675002335913,-0.015226852340508685,1.0,-31.93400914660674
-0.12523140841806565,-0.03848099794880233,2.0,-30.866395269411072
-0.1210446873310238,-0.032013623808436864,2.0,-29.88881924664364
-0.11721105586919074,-0.026343468521354437,2.0,-28.441019384155442
-0.11153340934962919,-0.019535307012474988,2.0,-27.196656015456288
-0.10665355300178936,-0.013865151725392556,1.0,-26.99380432150769
-0.10585805616277526,-0.013638526048760263,1.0,-27.31577654303606
-0.1071206923256316,-0.013638526048760263,1.0,-27.638251919108324
-0.10838530164356205,-0.013638526048760263,1.0,-27.961213041155702
-0.10965181584766943,-0.013638526048760263,1.0,-28.33386100157528
-0.11111318039833443,-0.013638526048760263,1.0,-28.65568552286279
-0.11237523734455997,-0.013638526048760263,1.0,-28.977993217398833
-0.11363918908783857,-0.013638526048760263,1.0,-29.30076814050789
-0.11490497310003094,-0.013638526048760263,1.0,-29.623995019810817
-0.11617252948945418,-0.013638526048760263,1.0,-29.995641699085112
-0.1176299674473926,-0.013638526048760263,1.0,-30.317796031203965
-0.11889331776942731,-0.013638526048760263,1.0,-30.64040038957169
-0.12015843290028112,-0.013638526048760263,1.0,-30.96344070788367
-0.12142525767797518,-0.013638526048760263,1.0,-31.335639017150015
-0.12288485889078438,-0.013638526048760263,1.0,-31.657652550217875
-0.12414765705967794,-0.013638526048760263,1.0,-31.980100093046673
-0.12541215722763402,-0.013638526048760263,1.0,-32.30296864881053
-0.12667830842670796,-0.013638526048760263,1.0,-32.118309664902085
-0.12595415554863562,-0.013638526048760263,1.0,-32.490208470264676
-0.12741258223633206,-0.013638526048760263,1.0,-32.81232944527706
-0.12867580174618454,-0.013638526048760263,1.0,-33.134867215718806
-0.12994065574791686,-0.013638526048760263,1.0,-33.457809727700685
-0.13120709697137523,-0.013638526048760263,1.0,-33.830208905978225
-0.13266748590579697,-0.013638526048760263,1.0,-34.15220064554631
-0.1339301986099855,-0.013638526048760263,1.0,-34.47459539775577
-0.13519449175590498,-0.013638526048760263,1.0,-34.79738196097599
-0.1364603214155921,-0.013638526048760263,1.0,-35.12054953201809
-0.13772764522360034,-0.013638526048760263,1.0,-35.49211458564376
-0.13918476308095593,-0.013638526048760263,1.0,-35.81437663555189
-0.14044853582569367,-0.013638526048760263,2.0,-34.26517002324349
-0.13437321577742548,-0.007171151908394821,1.0,-34.33281257798511
-0.13463848069798082,-0.00683112312602088,1.0,-33.99477221745268
-0.1333128322253046,-0.00683112312602088,1.0,-34.163440147209656
-0.13397427508709667,-0.00683112312602088,1.0,-34.39285987021846
-0.1348739602753665,-0.016136793002567113,1.0,-35.066835611407456
-0.1375170023976763,-0.016136793002567113,1.0,-35.23521437773153
-0.1381773112852217,-0.016136793002567113,1.0,-35.40401064000475
-0.13883925741178332,-0.016136793002567113,2.0,-34.22218933431212
-0.13420466405612594,-0.00966941886220167,1.0,-34.13659192330074
-0.1338689879345127,-0.009329390079827719,1.0,-34.22152732766972
-0.13420206795164594,-0.009329390079827719,1.0,-34.74039125672018
-0.1362368284577262,-0.009329390079827719,1.0,-34.75493195818178
-0.13629385081639914,-0.009329390079827719,1.0,-34.84056998512105
-0.13662968621616098,-0.009329390079827719,1.0,-35.359085627831014
-0.13866308089345494,-0.009329390079827719,1.0,-35.373398630304045
-0.13871921031491782,-0.009329390079827719,1.0,-35.38814235934827
-0.13877702886018928,-0.009329390079827719,1.0,-35.977892325193785
-0.14108977382428936,-0.009329390079827719,1.0,-35.99198541147193
-0.14114504082930168,-0.009329390079827719,1.0,-36.006502000624366
-0.14120196862989948,-0.009329390079827719,1.0,-36.59680565091484
-0.14351688490554837,-0.009329390079827719,1.0,-36.610686213474125
-0.14357131848421226,-0.009329390079827719,1.0,-36.624983289512755
-0.14362738544906964,-0.009329390079827719,1.0,-37.21582028518368
-0.14594439327523012,-0.009329390079827719,1.0,-37.229495351723315
-0.14599802098715026,-0.009329390079827719,1.0,-37.243580165632274
-0.14605325555149912,-0.009329390079827719,1.0,-37.76344328408077
-0.14809193444737556,-0.009329390079827719,1.0,-37.848407512432765
-0.14842512749973633,-0.009329390079827719,1.0,-37.86228696356485
-0.14847955671986215,-0.009329390079827719,1.0,-38.38181765815754
-0.15051693199277466,-0.009329390079827719,1.0,-38.46741772293838
-0.15085261852132698,-0.009329390079827719,1.0,-38.48109838127617
-0.1509062681618673,-0.009329390079827719,1.0,-39.00030580365737
-0.15294237570061714,-0.009329390079827719,1.0,-39.01500023514009
-0.15300000092211802,-0.009329390079827719,1.0,-39.10000945151094
-0.15333337039808215,-0.009329390079827719,1.0,-39.61890239234543
-0.15536824467586446,-0.009329390079827719,1.0,-39.63339123539205
-0.1554250636682041,-0.009329390079827719,1.0,-39.71901551584206
-0.15576084516016492,-0.009329390079827719,1.0,-40.237602422737176
-0.15779451930485167,-0.009329390079827719,1.0,-40.25189195861464
-0.1578505567004496,-0.009329390079827719,1.0,-40.33811220109123
-0.15818867529839695,-0.009329390079827719,1.0,-40.85640119549202
-0.16022118115879225,-0.009329390079827719,2.0,-39.041588222689484
-0.15310426753995876,0.0009393036394870057,1.0,-38.80099600204401
-0.15216076863546668,0.001279332421860956,1.0,-38.661163919258634
-0.15161240752650446,0.001279332421860956,1.0,-38.60362030782181
-0.15138674630518356,0.001279332421860956,1.0,-38.966161222853955
-0.152808475383741,0.001279332421860956,1.0,-38.82615506019783
-0.15225943160861893,0.001279332421860956,1.0,-38.68653477848236
-0.15171190109208768,0.001279332421860956,1.0,-38.62832941435401
-0.15148364476217258,0.001279332421860956,1.0,-38.487890443295605
-0.15093290369919846,0.001279332421860956,1.0,-38.34783759616074
-0.1503836768476892,0.001279332421860956,1.0,-38.71202141139329
-0.15181184867213054,0.001279332421860956,1.0,-38.65315532827476
-0.151581001287352,0.001279332421860956,1.0,-38.51292829466568
-0.15103109135163012,0.001279332421860956,1.0,-38.37308868104702
-0.15048270070998834,0.001279332421860956,1.0,-38.31557821064166
-0.1502571694534967,0.001279332421860956,1.0,-38.17491380124283
-0.14970554431859934,0.001279332421860956,1.0,-38.538082877844396
-0.15112973677586036,0.001279332421860956,1.0,-38.39845664294591
-0.15058218291351338,0.001279332421860956,1.0,-38.34027942192212
-0.15035403694871421,0.001279332421860956,1.0,-38.19982837441471
-0.1498032485271165,0.001279332421860956,1.0,-38.05976628427352
-0.14925398542852358,0.001279332421860956,1.0,-38.42394125036653
-0.15068212255045701,0.001279332421860956,1.0,-38.365098327789354
-0.15045136599133077,0.001279332421860956,1.0,-38.224860797021265
-0.14990141489027947,0.001279332421860956,1.0,-38.085013539415655
-0.14935299427221826,0.001279332421860956,1.0,-38.02753671227688
-0.14912759495010539,0.001279332421860956,1.0,-37.88685844422133
-0.14857591546753462,0.001279332421860956,1.0,-38.250010837685686
-0.15000004250072818,0.001279332421860956,1.0,-38.11037856012359
-0.14945246494166115,0.001279332421860956,1.0,-38.052229908383524
-0.1492244310132687,0.001279332421860956,1.0,-37.91176660268441
-0.14867359452033102,0.001279332421860956,1.0,-37.77169512965314
-0.14812429462609075,0.001279332421860956,1.0,-38.13586111141168
-0.14955239651533994,0.001279332421860956,1.0,-38.07704169984709
-0.14932173215626313,0.001279332421860956,1.0,-37.93679351388128
-0.14877173927012266,0.001279332421860956,1.0,-37.79693849656273
-0.14822328822181463,0.001279332421860956,1.0,-37.73949582642464
-0.14799802284872407,0.001279332421860956,1.0,-37.598803489657534
-0.14744628819473543,0.001279332421860956,1.0,-37.45850454262898
-0.14689609624560385,0.015990895911618955,1.0,-37.318603422174576
-0.1463474644006846,0.015990895911618955,1.0,-36.67531532029293
-0.14382476596193305,0.015990895911618955,1.0,-36.53596122303048
-0.1432782793060019,0.015990895911618955,1.0,-35.97397416056372
-0.1410744084727989,0.015990895911618955,1.0,-35.83347228810135
-0.14052342073765234,0.015990895911618955,1.0,-35.18998448101969
-0.1379999391412537,0.015990895911618955,1.0,-35.050036190111435
-0.1374511223141625,0.015990895911618955,1.0,-34.40673767751636
-0.13492838304908378,0.015990895911618955,1.0,-34.34926365422747
-0.13470299472246067,0.015990895911618955,1.0,-34.208540066857594
-0.1341511375170886,0.015990895911618955,1.0,-33.56498493803275
-0.13162739191385392,0.015990895911618955,1.0,-33.424835431831596
-0.13107778600718273,0.015990895911618955,1.0,-32.78147210176218
-0.12855479255593014,0.015990895911618955,1.0,-32.64192752810045
-0.12800755893372726,0.015990895911618955,1.0,-32.08092881101677
-0.12580756396477163,0.015990895911618955,1.0,-31.940095861440707
-0.12525527788800278,0.015990895911618955,1.0,-31.296512461335322
-0.12273142141700126,0.015990895911618955,1.0,-31.156292018459183
-0.12218153732729091,0.015990895911618955,1.0,-30.51291185831044
-0.11965847787572721,0.015990895911618955,1.0,-30.37333929627262
-0.11911113449518673,0.015990895911618955,1.0,-30.3153350141043
-0.11888366672197766,0.015990895911618955,1.0,-29.671673940884396
-0.11635950565052704,0.015990895911618955,1.0,-29.531211542232615
-0.11580867271463771,0.015990895911618955,1.0,-28.887755913498996
-0.1132853173078392,0.015990895911618955,1.0,-28.747969880538015
-0.11273713678642358,0.015990895911618955,1.0,-28.104751341137145
-0.11021471114171429,0.015990895911618955,1.0,-28.04697987836649
-0.10998815638575095,0.015990895911618955,1.0,-27.403279839358724
-0.1074638425072891,0.015990895911618955,1.0,-27.262710741862517
-0.1069125911445589,0.015990895911618955,1.0,-26.61922898545717
-0.10438913327630264,0.015990895911618955,1.0,-26.479390337712747
-0.10384074642240293,0.015990895911618955,1.0,-25.836163735580307
-0.10131828915913846,0.015990895911618955,1.0,-25.77866606831175
-0.10109280811102647,0.015990895911618955,1.0,-25.63779740739711
-0.10054038198979258,0.015990895911618955,1.0,-24.99422612366218
-0.09801657303396934,0.015990895911618955,1.0,-24.85412402396144
-0.0974671530351429,0.015990895911618955,1.0,-24.210812744422725
-0.09494436370361854,0.04342292861321555,1.0,-23.063885767595444
-0.09044661085331546,0.04342292861321555,1.0,-22.42058134548025
-0.08792384841364805,0.04342292861321555,1.0,-21.273647748766088
-0.08342606960300426,0.04342292861321555,1.0,-20.126786327877685
-0.07892857383481447,0.04342292861321555,1.0,-19.48341003295163
-0.0764055295409868,0.04342292861321555,1.0,-18.336546937078367
-0.07190802720422888,0.04342292861321555,1.0,-17.189777756545197
-0.06741089316292234,0.04342292861321555,1.0,-16.54630760619915
-0.06488748080862412,0.04342292861321555,1.0,-15.399547034143433
-0.06039038052605268,0.04342292861321555,1.0,-14.756068357049026
-0.05786693473352559,0.04342292861321555,1.0,-13.609318665158414
-0.053369877118268294,0.04342292861321555,1.0,-12.462719381496777
-0.04887340933920305,0.04342292861321555,1.0,-11.819093719000412
-0.04634938713333495,0.04342292861321555,1.0,-10.672536901070663
-0.041853085886551615,0.04342292861321555,1.0,-9.526223288958574
-0.03735773838807284,0.04342292861321555,1.0,-8.882377472453483
-0.034832852833150914,0.04342292861321555,1.0,-7.736198260361693
-0.030338032393575264,0.04342292861321555,1.0,-6.59050196603248
-0.02584510574914698,0.04342292861321555,1.0,-5.946302467231423
-0.02331883320482911,0.04342292861321555,1.0,-4.80111584806605
-0.018827905286533532,0.04342292861321555,1.0,-3.6574215537014587
-0.014342829622358663,0.04342292861321555,1.0,-3.0127440555873988
-0.011814682570930974,0.04342292861321555,1.0,-1.873204071504212
-0.007345898319624361,0.04342292861321555,1.0,-0.7582736463198704
-0.0029736221424308644,0.04342292861321555,1.0,-0.22576691779980723
-0.0008853604619600284,0.04342292861321555,1.0,-1.1060306706732395
0.004337375179110743,0.04342292861321555,1.0,-2.3138567096547913
0.00907394788099918,0.04342292861321555,1.0,-2.9583646282869998
0.01160142991485098,0.04342292861321555,1.0,-4.1000268265725035
0.01607853657479413,0.04342292861321555,1.0,-4.744668249863077
0.01860654215632579,0.04342292861321555,1.0,-5.888669053365645
0.023092819817120174,0.04342292861321555,1.0,-7.03383169538872
0.027583653707406747,0.04342292861321555,1.0,-7.6780559126104055
0.030110023186707476,0.04342292861321555,1.0,-8.823670178007228
0.03460262814904795,0.04342292861321555,1.0,-9.969733542252627
0.039096994283343636,0.04342292861321555,1.0,-10.613643984848306
0.041622133273914924,0.04342292861321555,1.0,-11.759851948237417
0.04611706646367615,0.04342292861321555,1.0,-12.906301396294786
0.05061294665213641,0.051348548043720126,1.0,-14.052933227611897
0.055109542069066264,0.051348548043720126,1.0,-15.199706166489435
0.05960669084897817,0.051348548043720126,1.0,-16.346590515324465
0.06410427653068418,0.051348548043720126,1.0,-17.4935643619005
0.06860221318392352,0.051348548043720126,1.0,-18.640611185591343
0.07310043602192684,0.051348548043720126,1.0,-19.787718295473418
0.07759889527636635,0.051348548043720126,1.0,-20.934875781571147
0.08209755208459274,0.051348548043720126,1.0,-22.16381809840951
0.08691693371925298,0.051348548043720126,1.0,-23.310160829039496
0.09141239540799802,0.051348548043720126,1.0,-24.456618362565436
0.09590830730417818,0.051348548043720126,1.0,-25.603175277079192
0.10040460892972232,0.051348548043720126,1.0,-26.749818793511192
0.10490125017063212,0.051348548043720126,1.0,-27.896538232954846
0.10939818914884254,0.051348548043720126,1.0,-29.04332460239219
0.11389539059761641,0.051348548043720126,1.0,-30.19017027473193
0.11839282460679187,0.051348548043720126,1.0,-31.33706873903295
0.12289046564326647,0.051348548043720126,1.0,-32.48401440358974
0.12738829177878327,0.051348548043720126,1.0,-33.631002439275505
0.13188628407559022,0.051348548043720126,1.0,-34.7780286538594
0.13638442609356627,0.051348548043720126,1.0,-36.00694098494429
0.14120369013703643,0.051348548043720126,1.0,-37.15346938845517
0.14569987995472616,0.051348548043720126,1.0,-38.3000599840871
0.15019631366308667,0.051348548043720126,1.0,-39.44670734865882
0.15469296999474047,0.051348548043720126,1.0,-40.59340667149018
0.1591898300842752,0.051348548043720126,1.0,-41.74015367033779
0.16368687713857957,0.051348548043720126,1.0,-42.88694452079832
0.16818409615999344,0.051348548043720126,1.0,-44.03377579673177
0.1726814737126736,0.051348548043720126,1.0,-45.1806444197494
0.17717899772450746,0.051348548043720126,1.0,-46.3275476161971
0.18167665731842003,0.051348548043720126,1.0,-47.47448288036819
0.1861744426681106,0.051348548043720126,1.0,-48.62144794291839
0.19067234487418974,0.051348548043720126,1.0,-49.850340374421506
0.19549153088008434,0.051348548043720126,1.0,-50.996947431005545
0.1999880291411982,0.051348548043720126,1.0,-52.14359670943299
0.2044846929781686,0.051348548043720126,1.0,-53.290285484236485
0.2089815117028882,0.051348548043720126,1.0,-54.43701125950109
0.21347847552745525,0.051348548043720126,1.0,-55.58377174520324
0.21797557547138524,0.051348548043720126,1.0,-56.730564836416406
0.22247280328006433,0.051348548043720126,1.0,-57.87738859498608
0.22697015135288656,0.051348548043720126,1.0,-59.02424123333893
0.2314676126797605,0.051348548043720126,1.0,-60.17112110014179
0.23596518078486978,0.051348548043720126,1.0,-61.318026667568674
0.2404628496767399,0.051348548043720126,1.0,-62.46495651996873
0.2449606138037989,0.051348548043720126,1.0,-63.61190934375959
0.2494584680147435,0.051348548043720126,1.0,-64.84048640256228
0.2542764172649501,0.051348548043720126,1.0,-65.98716868274835
0.2587732105205817,0.051348548043720126,1.0,-67.13388118744729
0.2632701223037149,0.051348548043720126,1.0,-68.28062239387748
0.2677671466426568,0.051348548043720126,1.0,-69.42739087982825
0.2722642779601108,0.051348548043720126,1.0,-70.57418531549494
0.27676151104115665,0.051348548043720126,1.0,-71.72100445609621
0.2812588410042988,0.051348548043720126,1.0,-72.86784713518786
0.2857562632752465,0.051348548043720126,1.0,-74.01471225859778
0.2902537735631286,0.051348548043720126,1.0,-75.16159879891548
0.2947513678388842,0.051348548043720126,1.0,-76.30850579047807
0.2992490423156003,0.051348548043720126,1.0,-77.45543232480148
0.3037467934305941,0.051348548043720126,1.0,-78.68405414389349
0.3085649182113471,0.051348548043720126,1.0,-79.83075756682481
0.31306179437970516,0.051348548043720126,1.0,-80.97748544840925
0.31755876646435005,0.051348548043720126,1.0,-82.12423676407403
0.32205583044734915,0.051348548043720126,1.0,-83.27101054566491
0.32655298253201925,0.051348548043720126,1.0,-84.41780587761667
0.3310502191279085,0.051348548043720126,1.0,-85.56462189343146
0.3355475368369861,0.051348548043720126,1.0,-86.71145777243626
0.34004493244092654,0.051348548043720126,1.0,-87.85831273679395
0.34454240288938803,0.051348548043720126,1.0,-89.00518604874532
0.3490399452891973,0.051348548043720126,1.0,-90.15207700806138
0.35353755689435834,0.051348548043720126,1.0,-91.29898494968756
0.358035235096814,0.051348548043720126,1.0,-92.52763774178841
0.36285348134034673,0.051348548043720126,1.0,-93.67435586423316
0.3673504151538555,0.051348548043720126,1.0,-94.82109451890197
0.3718474294858901,0.051348548043720126,1.0,-95.9678529697642
0.37634452145005565,0.051348548043720126,1.0,-97.11463051554176
0.3808416882962422,0.051348548043720126,1.0,-98.26142648768285
0.38533892740267783,0.051348548043720126,1.0,-99.40824024847534
0.38983623626853076,0.051348548043720126,1.0,-100.5550711892894
0.39433361250701726,0.051348548043720126,1.0,-101.70191872893903
0.39883105383897666,0.051348548043720126,1.0,-102.84878231215268
0.4033285580868733,0.051348548043720126,1.0,-103.99566140814532
0.40782612316919736,0.051348548043720126,1.0,-105.1425555092838
0.4123237470952305,0.051348548043720126,1.0,-106.37123100533464
0.41714208237386136,0.051348548043720126,1.0,-107.51795993890046
0.42163905858392337,0.051348548043720126,1.0,-108.66470656075927
0.42613610415984027,0.051348548043720126,1.0,-109.81147031676164
0.43063321692847706,0.051348548043720126,1.0,-110.9582506756587
0.43513039480650473,0.051348548043720126,0.0,-109.74070784806054
0.43035571705121783,0.04488117390335467,1.0,-110.6361990383449
0.4338674472091957,0.04454114512098072,1.0,-111.63206842687114
0.437772817360279,0.04454114512098072,1.0,-112.62794049840774
0.44167819803297154,0.04454114512098072,0.0,-111.37803632129771
0.43677661302469695,0.03807377098061527,1.0,-112.12208549852504
0.4396944529353923,0.037733742198241334,1.0,-112.96650931703653
0.44300591889033936,0.037733742198241334,1.0,-113.8109331379867
0.44631738485484973,0.037733742198241334,1.0,-114.65535696132162
0.44962885082871223,0.037733742198241334,0.0,-113.23892954442151
0.44407423350753533,0.03126636805787589,1.0,-113.83118948714387
0.44639682151821125,0.030926339275501948,1.0,-114.52382674737166
0.4491130460681242,0.030926339275501948,1.0,-115.21646636919075
0.4518292798791794,0.030926339275501948,1.0,-115.90910831026457
0.45454552278535126,0.030926339275501948,0.0,-114.39487477385568
0.448607352054336,0.024458965135136505,0.0,-113.06208936998227
0.44338074262738153,0.018788809848054075,1.0,-113.41133845682953
0.4447503468895276,0.018562184171421785,1.0,-113.82753284856565
0.446382481759081,0.018562184171421785,1.0,-114.24374000529971
0.4480146666874498,0.018562184171421785,1.0,-114.6301163981091
0.4495298682278788,0.018562184171421785,1.0,-115.04617714093828
0.4511614789840717,0.018562184171421785,0.0,-113.38108984966685
0.4446317249006543,0.012094810031056344,1.0,-113.52534936787103
0.44519744850145504,0.011754781248682405,1.0,-113.788890236983
0.44623094210581565,0.011754781248682405,1.0,-114.05245009086785
0.447264510160266,0.011754781248682405,1.0,-114.31602879821534
0.4482981521498641,0.011754781248682405,1.0,-114.57962622891407
0.4493318675643689,0.011754781248682405,1.0,-114.84324225403802
0.45036565589818833,0.011754781248682405,1.0,-115.10687674583319
0.45139951665032624,0.011754781248682405,1.0,-115.37052957770433
0.4524334493243307,0.011754781248682405,1.0,-115.63420062420211
0.45346745342824357,0.011754781248682405,1.0,-115.89788976101013
0.4545015284745496,0.011754781248682405,1.0,-116.14272006238535
0.455461647303472,0.011754781248682405,1.0,-116.4062431611101
0.4564950712200396,0.011754781248682405,1.0,-116.66978489898797
0.45752856823132537,0.011754781248682405,1.0,-116.93334514999351
0.45856213784311184,0.011754781248682405,1.0,-117.19692378922603
0.4595957795655923,0.011754781248682405,0.0,-115.4114665157514
0.45259398633628,0.0052874071083169275,1.0,-115.42204428070977
0.45263546776748925,0.004947378325942983,1.0,-115.53301917418983
0.45307066342819546,0.004947378325942983,1.0,-115.64401579556103
0.45350594429631774,0.004947378325942983,1.0,-115.75503408231924
0.4539413101267421,0.004947378325942983,1.0,-115.86607397218768
0.4543767606752458,0.004947378325942983,1.0,-115.97713540311601
0.45481229569849413,0.004947378325942983,1.0,-116.08015139140257
0.45521627996628455,0.004947378325942983,1.0,-116.19103581937058
0.4556511208602768,0.004947378325942983,1.0,-116.30194202488732
0.45608604715642087,0.004947378325942983,1.0,-116.4128699457105
0.45652105861062936,0.004947378325942983,1.0,-116.52381951982271
0.4569561549796969,0.004947378325942983,1.0,-116.6347906854306
0.45739133602129645,0.004947378325942983,2.0,-118.79779379094549
0.4658737011409627,0.011414752466308466,0.0,-117.37629294444532
0.46029918801743264,0.006104386489382467,1.0,-117.39547960212803
0.4603744298122668,0.005764357707008523,1.0,-117.52473938884039
0.460881330936629,0.005764357707008523,1.0,-117.65402035258722
0.4613883151081851,0.005764357707008523,1.0,-117.78332242363572
0.46189538205347347,0.005764357707008523,1.0,-117.91264553254763
0.4624025315001868,0.005764357707008523,1.0,-118.04198961017761
0.46290976317716714,0.005764357707008523,1.0,-118.17135458767198
0.4634170768143999,0.005764357707008523,1.0,-118.30074039646706
0.4639244721430081,0.005764357707008523,1.0,-118.42073797346633
0.46439505087633853,0.005764357707008523,1.0,-118.54995111112892
0.46490176906325065,0.005764357707008523,1.0,-118.67918534449377
0.4654085699784069,0.005764357707008523,1.0,-118.80844060472015
0.46591545335184376,0.005764357707008523,1.0,-118.93771682325541
0.46642241891472713,0.005764357707008523,1.0,-119.06701393183353
0.4669294663993472,0.014891202370093544,0.0,-117.19275301517072
0.45957942358890475,0.008423828229728068,1.0,-117.57902202229998
0.46109420400901946,0.008083799447354125,1.0,-117.5556899945247
0.46100270586088116,0.008083799447354125,1.0,-118.04237961834228
0.4629112926209501,0.008083799447354125,1.0,-118.02066512839795
0.46282613775842335,0.008083799447354125,1.0,-117.99717938099845
0.4627340367882292,0.008083799447354125,1.0,-118.48371073722265
0.4646420028910693,0.008083799447354125,1.0,-118.46026987384857
0.46455007793666103,0.008083799447354125,1.0,-118.94684780558984
0.4664582266885876,0.008083799447354125,0.0,-116.97572073201944
0.4587283165961547,0.001616425306988644,1.0,-116.69928332974402
0.4576442483519373,0.0012763965246147004,1.0,-117.03309823885459
0.4589533264268808,0.0012763965246147004,1.0,-116.85708216442933
0.4582630673114876,0.0012763965246147004,1.0,-116.68108670257672
0.45757288902971266,0.0012763965246147004,1.0,-117.02746845553489
0.45893124884523484,0.0012763965246147004,1.0,-116.8513060657069
0.4582404159439486,0.0012763965246147004,1.0,-117.18499448968275
0.4595489979987559,0.0012763965246147004,1.0,-117.00887796539241
0.4588583449623232,0.0012763965246147004,1.0,-116.8327817241567
0.45816777146728116,0.0012763965246147004,1.0,-117.16655390607407
0.45947668198460423,0.0012763965246147004,1.0,-116.99050367415354
0.45878628891824913,0.0012763965246147004,1.0,-117.32433346827976
0.46009542536580306,0.0012763965246147004,1.0,-117.1483292774852
0.45940521285288316,0.0012763965246147004,1.0,-116.97234568370133
0.4587150811125542,0.0012763965246147004,1.0,-117.31861729526639
0.46007300900104464,0.0012763965246147004,1.0,-117.1424670235123
0.45938222362161685,0.0012763965246147004,1.0,-117.47617079550473
0.4606908658647244,0.0012763965246147004,1.0,-117.30006630040279
0.4600002600015796,0.0012763965246147004,1.0,-117.12398207410145
0.45930973362392724,0.0012763965246147004,1.0,-117.4577692868778
0.4606187030857953,0.0012763965246147004,1.0,-117.28173098009667
0.45992835678469285,0.0012763965246147004,1.0,-117.61557556576513
0.4612375512382946,0.0012763965246147004,1.0,-117.43958320995259
0.46054738513706894,0.0012763965246147004,1.0,-117.2761125165888
0.45990632359446587,0.0012763965246147004,1.0,-117.60977343118438
0.4612147977693505,0.0012763965246147004,1.0,-117.43363522835864
0.46052405971905347,0.0012763965246147004,1.0,-117.76735425193853
0.461832761772308,0.0012763965246147004,1.0,-117.59126173715916
0.4611422028908202,0.0012763965246147004,1.0,-118.43488866523266
0.4644505437852261,0.036714417185791944,0.0,-116.87351445652331
0.4583275076726404,0.030247043045426483,1.0,-117.4634945306916
0.46064115502232,0.029907014263052548,0.0,-115.80092927575886
0.45412129127748574,0.023439640122687105,1.0,-116.27144004609659
0.45596643155331995,0.023099611340313166,1.0,-116.80787564156418
0.4580701005551536,0.023099611340313166,1.0,-117.34440366937272
0.4601741320367558,0.023099611340313166,1.0,-117.88102286742242
0.46227852104871536,0.023099611340313166,1.0,-118.41773199627804
0.4643832627305021,0.023099611340313166,1.0,-118.98858865073983
0.4666219162774111,0.023099611340313166,1.0,-119.52503466425772
0.468725626134344,0.023099611340313166,1.0,-120.0615709251405
0.4708296899025117,0.023099611340313166,0.0,-118.3032087998371
0.46393415215622386,0.016632237199947723,1.0,-118.5856213307898
0.465041652277607,0.01629220841757378,1.0,-119.0134072458831
0.46671924410150234,0.01629220841757378,1.0,-119.39592636080391
0.46821931906197617,0.01629220841757378,1.0,-119.77855341459781
0.4697198173121483,0.01629220841757378,1.0,-120.16128737614241
0.4712207348084016,0.01629220841757378,1.0,-120.58925358357783
0.47289903366108954,0.01629220841757378,1.0,-120.97172264777844
0.4743989123442291,0.01629220841757378,1.0,-121.35429856480845
0.47589921005807234,0.01629220841757378,1.0,-121.73698032726689
0.47739992285202704,0.01629220841757378,1.0,-122.11976694010318
0.478901046823934,0.01629220841757378,2.0,-124.327101622085
0.4875572612630784,0.022759582557939223,0.0,-123.39551775997782
0.4839039912155993,0.017449216581013255,0.0,-121.74342375901499
0.4774251912118235,0.011779061293930825,1.0,-122.00417714854376
0.478447753523701,0.011552435617298532,1.0,-122.2795299159283
0.47952756829775806,0.011552435617298532,1.0,-122.55499670978872
0.4806078302344656,0.011552435617298532,1.0,-122.88316919274857
0.4818947811480336,0.011552435617298532,1.0,-123.1583750903864
0.48297401996229966,0.011552435617298532,1.0,-123.43369485786171
0.4840537053249479,0.011552435617298532,1.0,-123.70912773490845
0.48513383425454293,0.011552435617298532,1.0,-123.47731074035079
0.4842247480013756,0.011552435617298532,1.0,-123.80538515285153
0.48551131432490796,0.011552435617298532,0.0,-122.3887174116559
0.47995575455551337,0.00508506147693309,1.0,-122.40961915143653
0.4800377221624962,0.004745032694559149,1.0,-122.59445352442413
0.48076256284087887,0.004745032694559149,1.0,-122.2095144251955
0.47925299774586466,0.004745032694559149,1.0,-122.83660755981734
0.48171218650908754,0.02337171709312474,0.0,-121.31577593772965
0.47574814093227313,0.01690434295275929,1.0,-121.25655324497822
0.47551589507834596,0.01656431417038534,1.0,-121.72796730667557
0.47736457767323753,0.01656431417038534,1.0,-122.27406519077579
0.47950613800304226,0.01656431417038534,0.0,-120.65836428273295
0.4731700560107174,0.01009694003001989,1.0,-120.37071900417544
0.47204203531049194,0.00975691124764594,1.0,-120.77157808190118
0.4736140316937301,0.00975691124764594,1.0,-121.08693817890885
0.47485073795650534,0.00975691124764594,1.0,-121.40264958454259
0.47608882190016705,0.00975691124764594,1.0,-121.30048202741438
0.47568816481338977,0.00975691124764594,1.0,-121.61589513289599
0.4769250789525333,0.00975691124764594,1.0,-121.9316577486021
0.4781633637200082,0.00975691124764594,1.0,-122.33215884726319
0.4797339562637772,0.00975691124764594,1.0,-122.14485978449642
0.4789994501352801,0.00975691124764594,1.0,-122.5457867555715
0.480571712766947,0.00975691124764594,1.0,-122.86110079016107
0.4818082383927885,0.00975691124764594,1.0,-123.176761309317
0.4830461227816353,0.00975691124764594,1.0,-123.07468398620347
0.48264581955373914,0.00975691124764594,1.0,-123.39005048169116
0.4838825509085928,0.00975691124764594,1.0,-123.70576171261773
0.48512063416712836,0.00975691124764594,1.0,-124.10633508715794
0.4866915101457174,0.00975691124764594,1.0,-123.91900782262806
0.4859568934220708,0.00975691124764594,1.0,-124.3200007258261
0.4875294146110828,0.00975691124764594,1.0,-124.63526999599877
0.48876576469019123,0.00975691124764594,1.0,-124.9508810570612
0.4900034551257302,0.00975691124764594,2.0,-126.93090140500959
0.4977682408039592,0.01622428538801139,1.0,-127.50240185334509
0.5000094190327259,0.01656431417038534,1.0,-127.97383634058171
0.5018581817277714,0.01656431417038534,1.0,-128.44557575608545
0.5037081402199429,0.01656431417038534,2.0,-130.6261166006826
0.5122592807869906,0.02303168831075079,2.0,-133.2538190638434
0.5225639963287977,0.028701843597833235,2.0,-136.30480581326748
0.5345286502481077,0.03551000510671268,2.0,-139.30247813615497
0.5462842279849214,0.041180160393795115,2.0,-142.7600052930908
0.5598431580121208,0.04798832190267456,2.0,-145.61015406047787
0.571020212001874,0.050436605588569446,2.0,-149.46354578454338
0.5861315520962486,0.05724476709744893,2.0,-153.1848922648845
0.6007250677054294,0.0629149223845314,2.0,-157.4444925278529
0.6174293824621684,0.06972308389341089,2.0,-161.0558650726824
0.6315916277360094,0.07539323918049333,2.0,-165.7439988003345
0.6499764658836648,0.08220140068937277,2.0,-170.26057302608302
0.6676885216709139,0.08787155597645521,2.0,-175.41180996070324
0.6878894508262872,0.09467971748533466,1.0,-177.81753997852795
0.6973236861903057,0.0950197462677086,2.0,-183.0999757428985
0.7180391205603862,0.10148712040807403,2.0,-188.2868742337855
0.7383798989560216,0.10715727569515668,2.0,-194.6769005887495
0.7634388258382334,0.11396543720403614,2.0,-200.35648465235278
0.7857117045190305,0.1196355924911188,2.0,-206.78527999379784
0.8109226666423444,0.12644375399999822,2.0,-213.3781552717668
0.8367770794971247,0.1321139092870809,2.0,-220.37277966634792
0.8642069790837172,0.13892207079596033,2.0,-227.62979606365394
0.8926658669162899,0.14459222608304298,2.0,-235.72239547482246
0.9244015508816567,0.15140038759192287,0.0,-235.49737487278423
0.9235191171481734,0.14609002161499654,2.0,-242.87347592987155
0.952445003646555,0.15140038759192287,2.0,-250.70857483993004
0.9831708817252158,0.15707054287900551,2.0,-259.58059950963604
1.017963135331906,0.16387870438788538,2.0,-268.03085980700985
1.0511014110078818,0.16954885967496808,2.0,-277.5771891170128
1.088537996537305,0.17635702118384794,2.0,-286.19206898049896
1.1223218391392116,0.15681041057188777,0.0,-285.48968404588504
1.1195673884152355,0.15125047825904223,0.0,-284.9998670254117
1.1176465373545557,0.14558032297195955,0.0,-283.32292462362045
1.111070292641649,0.1387721614630797,0.0,-282.924913973483
1.1095094665626786,0.13310200617599702,0.0,-281.20632449439336
1.1027698999780131,0.12629384466711713,0.0,-280.08827904814706
1.0983854080319493,0.1206236893800345,0.0,-278.83040408775605
1.0934525650500235,0.11381552787115463,0.0,-277.7582651784213
1.0892480987389073,0.10814537258407199,0.0,-275.96523004499187
1.082216588411733,0.10133721107519254,0.0,-275.29323732214107
1.0795813228319258,0.0956670557881099,0.0,-273.46010336098834
1.0723925621999544,0.08885889427923045,0.0,-272.6931181307344
1.069384776983272,0.08318873899214779,0.0,-270.82082190156376
1.0620424388296617,0.07638057748326835,0.0,-269.45175266792376
1.0566735398742106,0.07071042219618585,0.0,-268.0482817423885
1.0511697323230922,0.06390226068730641,0.0,-266.58192399612517
1.0454193097887263,0.05823210540022397,0.0,-265.1705117479262
1.039884359795789,0.051423943891344526,0.0,-263.5815415073005
1.0336531039501982,0.045753788604262095,0.0,-261.6064566361128
1.0259076730827954,0.03894562709538261,0.0,-260.4503858133864
1.0213740620132798,0.03327547180830014,2.0,-263.152438372667
1.0319703465594785,0.038835404121145375,2.0,-266.61535151876507
1.0455503981128043,0.044505559408227854,2.0,-270.6835193698285
1.0615039975287393,0.0513137209171073,2.0,-274.1236570008823
1.0749947333367935,0.05698387620418974,2.0,-278.73227849487205
1.0930677588034199,0.06379203771306918,2.0,-283.1582547568541
1.1104245284582515,0.0694621930001516,2.0,-288.275689995188
1.1304929019419137,0.07627035450903105,2.0,-292.7344249195371
1.1479781369393611,0.0819405097961137,2.0,-298.44114553101537
1.1703574334549622,0.08874867130499316,2.0,-303.8887239934693
1.191720486248899,0.09441882659207582,2.0,-310.21281969300816
1.2165208615412084,0.10122698810095525,2.0,-316.24781139520337
1.2401874956674641,0.1068971433880379,2.0,-323.2261016953215
1.267553339981653,0.11370530489691735,2.0,-329.8834342620088
1.2936605265176815,0.11937546018399998,2.0,-337.5491359033137
1.3237221015816225,0.1261836216928799,2.0,-344.86048010545244
1.3523940396292253,0.13185377697996253,2.0,-352.5962497615345
1.382730391221704,0.10634347123695186,2.0,-358.97172361866984
1.4077322494849798,0.11201362652403452,2.0,-366.9558077816225
1.4390423834573434,0.11882178803291439,2.0,-374.0405856322222
1.4668258260087146,0.12449194331999705,2.0,-382.5184659271137
1.500072415400446,0.13130010482887694,2.0,-390.35142187419837
1.5307898897027388,0.13697026011595959,2.0,-399.89624504722866
1.5682205688126616,0.14377842162483948,2.0,-408.71532123021433
1.6028051812949582,0.14944857691192212,2.0,-418.85767328409656
1.6425791109180257,0.156256738420802,2.0,-428.49223140607216
1.6803616917885182,0.16192689370788466,2.0,-440.1976445029995
1.726265272560782,0.16873505521676452,2.0,-450.6640276630109
1.7673099124039644,0.1744052105038463,2.0,-463.0944081698142
1.8160565026267221,0.1812133720127262,2.0,-474.6921622179289
1.8615378910507014,0.18688352729980795,2.0,-488.7684155538789
1.9167388845250155,0.19369168880868784,2.0,-501.543113189511
1.9668357379980823,0.19692739912506263,2.0,-610.1283486229305
