Lateral Error,Yaw Error,Action,Reward
0.001318438591092328,0.001398907918688901,1.0,-0.37099079258738415
0.0014548658532838594,0.001398907918688901,1.0,-0.41157484799587934
0.0016140190117485465,0.001398907918688901,1.0,-0.4564107137917609
0.001789845936438278,0.001398907918688901,1.0,-0.5043657608004789
0.0019779049443156035,0.001398907918688901,1.0,-0.5546314979467347
0.002175025482144058,0.001398907918688901,1.0,-0.5610811509347667
0.0022003182389598694,0.001398907918688901,1.0,-0.5746893952459424
0.0022536839029252643,0.001398907918688901,1.0,-0.5940378278567998
0.002329560109242352,0.001398907918688901,1.0,-0.6185880516825403
0.0024258354967942757,0.001398907918688901,1.0,-0.6477488798036599
0.0025401916855045488,0.001398907918688901,1.0,-0.6809282206901899
0.002670306747804666,0.001398907918688901,2.0,-2.6963205204726592
0.01057380596263788,0.007866282059054383,1.0,-2.9822426197590515
0.011695069097094321,0.008206310841428326,1.0,-3.1683866308235324
0.012425045611072676,0.008206310841428326,1.0,-3.3550049863712403
0.013156882299495059,0.008206310841428326,1.0,-3.5271772804377792
0.013832067766422665,0.008206310841428326,1.0,-3.7079515863976233
0.014540986613324014,0.008206310841428326,1.0,-3.8896416523147215
0.015253496675744004,0.008206310841428326,1.0,-4.072124901902604
0.015969117262363153,0.008206310841428326,1.0,-4.2552992922813
0.016687448205024706,0.008206310841428326,1.0,-4.4390792664701255
0.017408153986157353,0.008206310841428326,1.0,-4.623392609117343
0.018130951408303307,0.008206310841428326,1.0,-4.808177983290304
0.01885559993447178,0.008206310841428326,1.0,-4.993382985199014
0.01958189405960398,0.008206310841428326,1.0,-5.178962596087489
0.02030965723955878,0.008206310841428326,1.0,-5.364877941145724
0.02103873702410088,0.008206310841428326,1.0,-5.534551672117171
0.021704124204381062,0.008206310841428326,1.0,-5.716822959152347
0.022418913565303324,0.008206310841428326,1.0,-5.899605842610894
0.02313570918670939,0.008206310841428326,1.0,-6.0828542039873605
0.023854330211715142,0.008206310841428326,1.0,-6.2665272083256625
0.024574616503237893,0.008206310841428326,1.0,-6.450588582085043
0.025296425812098206,0.008206310841428326,1.0,-6.635006004133453
0.02601963138875864,0.008206310841428326,1.0,-6.819750590114644
0.026744119961233898,0.008206310841428326,1.0,-7.00479645419994
0.027469790016470354,0.008206310841428326,1.0,-7.190120335230562
0.028196550334237496,0.008206310841428326,1.0,-7.36162645993377
0.028869123372289297,0.008206310841428326,1.0,-7.5441859725989
0.029585043029799606,0.008206310841428326,1.0,-7.7271224695639456
0.03030244105711351,0.008206310841428326,1.0,-7.91040979640391
0.031021214887858473,0.008206310841428326,1.0,-8.09402411976681
0.03174127105790907,0.008206310841428326,1.0,-8.277943680202942
0.03246252423608997,0.008206310841428326,1.0,-8.46214857531928
0.03318489637380109,0.008206310841428326,1.0,-8.6466205690932
0.033908315957228236,0.008206310841428326,1.0,-8.831342923806895
0.03463271734826233,0.008206310841428326,1.0,-9.016300251588987
0.03535804020230975,0.008206310841428326,1.0,-9.201478382991187
0.03608422895290662,0.008206310841428326,1.0,-9.371624400925759
0.03675146823892454,0.008206310841428326,1.0,-9.554654305683417
0.03746923257130752,0.008206310841428326,1.0,-9.737965686277768
0.038188100730501044,0.008206310841428326,1.0,-9.921542940997272
0.03890801153332264,0.008206310841428326,1.0,-10.105371580001568
0.0396289081568689,0.008206310841428326,1.0,-10.289438129785074
0.04035073776386304,0.008206310841428326,1.0,-10.473730047140206
0.04107345116525571,0.008206310841428326,1.0,-10.658235641558186
0.04179700251591445,0.008206310841428326,1.0,-10.842944005136047
0.042521349039749204,0.008206310841428326,1.0,-11.027844949171683
0.043246450781065426,0.008206310841428326,1.0,-11.199101326218095
0.04391804441654155,0.008206310841428326,1.0,-11.38219402499327
0.04463605499997361,0.008206310841428326,1.0,-11.565521732598413
0.04535498718666044,0.008206310841428326,1.0,-11.749073448095423
0.04607479783566833,0.008206310841428326,1.0,-11.93283883437619
0.046795446409318396,0.008206310841428326,1.0,-12.116808169752185
0.047516894783341895,0.008206310841428326,1.0,-12.300972303638073
0.04823910707309048,0.008206310841428326,1.0,-12.48532261593947
0.048962049474272434,0.007597688473781028,1.0,-12.66985097979567
0.049685690116845774,0.007597688473781028,1.0,-12.85454972736463
0.05040999893084168,0.007597688473781028,1.0,-13.039411618369588
0.05113494752301799,0.007597688473781028,1.0,-13.209738355625056
0.05180289551225512,0.007597688473781028,1.0,-13.393077871321832
0.052521874005183655,0.007597688473781028,1.0,-13.576610922002232
0.053241611458832286,0.007597688473781028,1.0,-13.7603297636536
0.05396207750452392,0.007597688473781028,1.0,-13.94422705274383
0.054683243344093455,0.007597688473781028,1.0,-14.128295821130575
0.05540508165149245,0.007597688473781028,1.0,-14.312529452797627
0.056127566481559324,0.007597688473781028,1.0,-14.496921662268315
0.05685067318536594,0.007597688473781028,1.0,-14.681466474559349
0.057574378331605294,0.007597688473781028,1.0,-14.866158206550773
0.058298659633532444,0.007597688473781028,1.0,-15.03728561627904
0.05896974751481976,0.007597688473781028,1.0,-15.220634069163356
0.05968876105554257,0.007597688473781028,1.0,-15.404152883106592
0.060408442678849386,0.007597688473781028,1.0,-15.587836041022085
0.061128768788321894,0.007597688473781028,1.0,-15.77167780086741
0.06184971686614671,0.007597688473781028,0.0,-13.457956105323742
0.05277629845224997,0.0011303143334155461,1.0,-13.388394938586597
0.052503509563084694,0.0007902855510416028,1.0,-13.419399733769396
0.052625096995174106,0.0007902855510416028,1.0,-13.450599116569196
0.052747447515957634,0.0007902855510416028,1.0,-13.481991736069897
0.05287055582772508,0.0007902855510416028,1.0,-13.513576245580033
0.052994416649333465,0.0007902855510416028,1.0,-13.545351302775282
0.053119024716765814,0.0007902855510416028,1.0,-13.577315569836703
0.053244374783673346,0.0007902855510416028,1.0,-13.609467713584802
0.05337046162190119,0.0007902855510416028,1.0,-13.63848857140641
0.05348426890747612,0.0007902855510416028,1.0,-13.66911513016797
0.053604373059482235,0.0007902855510416028,1.0,-13.699934436632667
0.05372523308483399,0.0007902855510416028,1.0,-13.73094519292548
0.053846843893825415,0.0007902855510416028,1.0,-13.762146104843394
0.05396920041115057,0.0007902855510416028,1.0,-13.79353588199313
0.05409229757644365,0.0007902855510416028,1.0,-13.825113237925065
0.05421613034480418,0.0007902855510416028,1.0,-13.856876890263289
0.05434069368730702,0.0007902855510416028,1.0,-13.888825560831908
0.05446598259149767,0.0007902855510416028,1.0,-13.920957975777592
0.05459199206187291,0.0007902855510416028,1.0,-13.440041371641776
0.05270604459467363,-0.019911811797279657,1.0,-12.960681883516461
0.05082620346477044,-0.019911811797279657,1.0,-12.481491876145808
0.04894702696527768,-0.019911811797279657,1.0,-12.002491648703135
0.047068594700796614,-0.019911811797279657,1.0,-11.52370486668224
0.04519099947718525,-0.019911811797279657,1.0,-11.55514318841687
0.04531428701339949,-0.019911811797279657,1.0,-11.076844469970439
0.04343860576458996,-0.019911811797279657,1.0,-10.59884118539972
0.041564083079998905,-0.019911811797279657,1.0,-10.121175193081518
0.0396908831101236,-0.019911811797279657,1.0,-9.643896611799857
0.03781920239921512,-0.019911811797279657,1.0,-9.16205163260385
0.035929614245505295,-0.019911811797279657,1.0,-8.682468449047239
0.03404889587861662,-0.019911811797279657,1.0,-8.203116991315882
0.03216908624045444,-0.019911811797279657,1.0,-7.724040402020352
0.03029035451772687,-0.019911811797279657,1.0,-7.245293206294826
0.028412914534489513,-0.019911811797279657,1.0,-6.766945316214171
0.026537040455741852,-0.019911811797279657,1.0,-6.2890878459754145
0.02466308959206045,-0.019911811797279657,1.0,-5.811841765780466
0.022791536336393987,-0.019911811797279657,1.0,-5.335371143684055
0.02092302409287865,-0.019911811797279657,1.0,-4.855733827601761
0.019042093441575536,-0.019911811797279657,1.0,-4.884874763281996
0.01915637162071371,-0.019911811797279657,1.0,-4.404721913932956
0.017273419270325323,-0.019911811797279657,1.0,-3.924914085623384
0.015391819943621113,-0.019911811797279657,1.0,-3.4455954165108023
0.013512138888277656,-0.019911811797279657,1.0,-2.967002986743934
0.011635305830368368,-0.019911811797279657,1.0,-2.489555668533315
0.009762963406013,-0.019911811797279657,1.0,-2.0140679939905386
0.007898305858786427,-0.019911811797279657,1.0,-1.542353427856132
0.006048444815122086,-0.019911811797279657,1.0,-1.0793702157896619
0.004232824375645733,-0.019911811797279657,1.0,-0.6114024679148172
0.0023976567369208518,-0.019911811797279657,1.0,-0.18844793513116959
0.0007390115103183122,-0.019911811797279657,1.0,-0.4012655293566203
-0.0015735903112024327,-0.019911811797279657,1.0,-0.8662085084760313
-0.003396896111670711,-0.019911811797279657,1.0,-1.342915518405559
-0.00526633536629631,-0.019911811797279657,1.0,-1.822176927003639
-0.007145791870602505,-0.019911811797279657,1.0,-1.7929191917657938
-0.007031055653983505,-0.019911811797279657,1.0,-2.273905697653438
-0.008917277245699757,-0.019911811797279657,1.0,-3.264025010683116
-0.012800098081110258,-0.04316595740557331,1.0,-4.2553606743740175
-0.01668768891911379,-0.04316595740557331,1.0,-5.2403157741362225
-0.02055025793778911,-0.04316595740557331,1.0,-6.226923049797101
-0.024419306077635688,-0.04316595740557331,1.0,-6.704570576834607
-0.026292433634645517,-0.04316595740557331,1.0,-7.692723719204914
-0.03016754399688202,-0.04316595740557331,1.0,-8.681334927997007
-0.03404445069802748,-0.04316595740557331,1.0,-9.670263716977173
-0.037922602811675185,-0.04316595740557331,1.0,-10.659421695921921
-0.041801653709497726,-0.04316595740557331,1.0,-11.648750479724347
-0.045681374430291556,-0.04316595740557331,1.0,-12.638209956241703
-0.049561607671536084,-0.04316595740557331,1.0,-13.6281194162205
-0.05344360555380588,-0.04316595740557331,1.0,-14.61595719674366
-0.05731747920291631,-0.04316595740557331,1.0,-15.604089753750483
-0.061192508838237195,-0.04316595740557331,1.0,-16.592464422771567
-0.06506848793243752,-0.04316595740557331,1.0,-17.581040370540112
-0.06894525635505926,-0.04316595740557331,1.0,-18.56978545142521
-0.07282268804480475,-0.04316595740557331,1.0,-19.558674015002833
-0.07670068241177581,-0.04316595740557331,1.0,-20.54768534531596
-0.08057915821692532,-0.04316595740557331,1.0,-21.536802529318475
-0.08445804913458224,-0.04316595740557331,1.0,-22.527362687031566
-0.0883425987726728,-0.04316595740557331,1.0,-23.5154877169264
-0.09221759888990745,-0.04316595740557331,1.0,-24.503777296746563
-0.09609324430096691,-0.04316595740557331,1.0,-25.4922122885396
-0.09996945995505727,-0.04316595740557331,1.0,-26.480776409145715
-0.10384618199664986,-0.04316595740557331,1.0,-27.46945571739907
-0.10772335575450616,-0.04316595740557331,1.0,-28.458238207958523
-0.11160093414885694,-0.04316595740557331,1.0,-29.447113486782595
-0.11547887641875527,-0.04316595740557331,1.0,-29.92607497672538
-0.11735715677147207,-0.04316595740557331,1.0,-30.91692847295056
-0.12124285675666886,-0.04316595740557331,1.0,-31.90516359199931
-0.1251182885960757,-0.04316595740557331,1.0,-32.89351467652426
-0.12899417520205594,-0.04316595740557331,1.0,-33.881971578244645
-0.13287047677742997,-0.04316595740557331,1.0,-34.87052529852425
-0.13674715803342843,-0.04316595740557331,1.0,-35.85916783017758
-0.14062418756932385,-0.04316595740557331,1.0,-36.847892024679616
-0.14450153735168475,-0.04316595740557331,1.0,-37.83669148014707
-0.14837918227508656,-0.04316595740557331,1.0,-38.825560446399244
-0.15225709978980095,-0.05247162728211954,1.0,-39.81654888595241
-0.15614332896451924,-0.05247162728211954,1.0,-41.314833669845314
-0.16201895556802084,-0.05247162728211954,1.0,-42.30323243400882
-0.16589502915297577,-0.05247162728211954,1.0,-43.80170259025431
-0.17177138270687964,-0.05247162728211954,1.0,-44.79026074836114
-0.17564808136612212,-0.05247162728211954,1.0,-45.77888828181667
-0.17952505208555555,-0.05247162728211954,1.0,-47.2775794199391
-0.1854022722350553,-0.05247162728211954,1.0,-48.26633386868966
-0.18927974066152806,-0.05247162728211954,1.0,-49.255144916554336
-0.1931574310453111,-0.05247162728211954,1.0,-50.756127481517375
-0.19904363718242107,-0.05247162728211954,1.0,-51.744497462250365
-0.20291959789117792,-0.05247162728211954,1.0,-53.24292271083574
-0.20879577533661076,-0.05247162728211954,1.0,-54.23142699943567
-0.21267226274288498,-0.05247162728211954,1.0,-55.219990730803204
-0.21654898325805177,-0.05247162728211954,1.0,-56.718607224891095
-0.22242591068584744,-0.05247162728211954,1.0,-57.707282229790025
-0.22630306756780402,-0.05247162728211954,1.0,-58.696007406616594
-0.23018042120241802,-0.05247162728211954,1.0,-60.194780029080206
-0.23605796089835374,-0.05247162728211954,2.0,-59.22000921502853
-0.23223533025501383,-0.04600425314175406,1.0,-59.955322614149665
-0.23511891221235165,-0.04566422435938011,1.0,-60.79110115466618
-0.23839647511633796,-0.04566422435938011,2.0,-59.69621438533491
-0.2341028015111173,-0.03919685021901466,1.0,-60.78765651602825
-0.23838296672952253,-0.03885682143664072,1.0,-61.47015596219737
-0.241059435145872,-0.03885682143664072,1.0,-62.17623130373698
-0.2438283580538705,-0.03885682143664072,2.0,-60.933160707821095
-0.23895357140321996,-0.03238944729627528,1.0,-61.904806754346104
-0.24276394805625925,-0.032049418513901334,1.0,-62.43316625201376
-0.24483594608632847,-0.032049418513901334,1.0,-62.96170053400806
-0.24690862954512965,-0.032049418513901334,2.0,-61.62668574934538
-0.24167327744841324,-0.025582044373535895,1.0,-62.40899648188878
-0.24474116267407364,-0.025242015591161952,1.0,-62.82969838087309
-0.24639097404263954,-0.025242015591161952,2.0,-61.32295133579622
-0.24048216210116163,-0.018774641450796513,1.0,-61.49971418054898
-0.24117534972764304,-0.01843461266842257,1.0,-62.226713158227895
-0.24402632611069763,-0.01843461266842257,2.0,-60.65039113641562
-0.23784467112319851,-0.011967238528057129,1.0,-60.61620322179268
-0.23771060086977522,-0.011627209745683178,1.0,-60.682640994996376
-0.23797114115684853,-0.011627209745683178,1.0,-60.816612277267616
-0.23849651873438282,-0.007825890166733903,1.0,-61.38796037232407
-0.2407370994993101,-0.007825890166733903,1.0,-61.45425853552577
-0.2409970922961795,-0.007825890166733903,1.0,-61.52080325441884
-0.24125805197811306,-0.007825890166733903,1.0,-61.65443173030967
-0.24178208521690067,-0.007825890166733903,1.0,-61.720458082168534
-0.24204101208693546,-0.007825890166733903,1.0,-62.292360516802326
-0.24428376673255814,-0.007825890166733903,1.0,-62.35900925679196
-0.24454513434036063,-0.007825890166733903,1.0,-62.49230402673424
-0.24506785892836955,-0.007825890166733903,1.0,-62.55844125512414
-0.24532722060832995,-0.007825890166733903,1.0,-62.6248210329763
-0.24558753346265214,-0.007825890166733903,1.0,-62.75894686147704
-0.2461135171038315,-0.007825890166733903,1.0,-63.330227069153956
-0.24835383164374103,-0.007825890166733903,1.0,-63.3964721900782
-0.24861361643167923,-0.007825890166733903,1.0,-63.46295643211539
-0.24887433894947214,-0.007825890166733903,1.0,-63.59674794371629
-0.24939901154398542,-0.007825890166733903,1.0,-63.662729716384604
-0.24965776359366512,-0.007825890166733903,1.0,-64.2345490176614
-0.25190019222612314,-0.007825890166733903,1.0,-64.3011349532439
-0.25216131354213295,-0.007825890166733903,1.0,-64.4346007541749
-0.2526847088399015,-0.007825890166733903,1.0,-64.50069066367038
-0.2529438849555702,-0.007825890166733903,0.0,-66.93108319586344
-0.26247483606220956,-0.014293264307099355,0.0,-68.77803599462051
-0.26971778821419806,-0.019963419594181783,0.0,-71.5885904372183
-0.28073957034203256,-0.02677158110306123,1.0,-72.19171603934525
-0.28310476878174606,-0.02711160988543517,0.0,-75.0948000417556
-0.29448941192845335,-0.03357898402580061,0.0,-77.4431117049201
-0.3036984772741965,-0.03924913931288304,2.0,-76.59088318862567
-0.3003564046612771,-0.03368920700003784,2.0,-75.59574413234375
-0.2964538985582108,-0.02801905171295541,2.0,-74.15141211503845
-0.29078985143152336,-0.021210890204075964,2.0,-72.42476565111825
-0.2840186888279147,-0.015540734916993534,2.0,-70.7571892254375
-0.27747917343308826,-0.008732573408114085,2.0,-69.31485418615519
-0.2718229575927654,-0.0030624181210314326,2.0,-67.42448533189977
-0.26440974639960696,0.0037457433878480117,2.0,-65.16413743225712
-0.2555456369892436,0.009415898674930664,1.0,-64.86296573292603
-0.2543645715016707,0.00964252435156296,1.0,-65.03423918742915
-0.2550362321075653,0.00964252435156296,1.0,-64.70490310521554
-0.25374471805966875,0.00964252435156296,1.0,-64.37577702032877
-0.25245402753070106,0.02435408784132096,1.0,-63.6404358029302
-0.2495703364820792,0.02435408784132096,1.0,-63.31064982786967
-0.24827705814850848,0.02435408784132096,1.0,-62.480114054011096
-0.24502005511376904,0.02435408784132096,1.0,-62.150574968133114
-0.24372774497307104,0.02435408784132096,1.0,-61.320083205529905
-0.24047091453148983,0.02435408784132096,1.0,-60.990801972325755
-0.23917961557774806,0.02435408784132096,1.0,-60.66174418915076
-0.23788919289863042,0.02435408784132096,1.0,-59.92620431839242
-0.23500472281722518,0.02435408784132096,1.0,-59.596446019680805
-0.23371155301835608,0.02435408784132096,1.0,-58.7659162507791
-0.23045457353246707,0.02435408784132096,1.0,-58.436421272932535
-0.22916243636444128,0.02435408784132096,1.0,-57.605939196344714
-0.22590564390723417,0.02435408784132096,1.0,-57.27671999437527
-0.22461458821323635,0.02435408784132096,1.0,-56.44629232915004
-0.22135800913392173,0.02435408784132096,2.0,-54.43169288063783
-0.21345761913975622,0.03082146198168641,1.0,-53.34896942576857
-0.20921164480693558,0.031161490764060364,1.0,-52.865630656965685
-0.20731619865476741,0.031161490764060364,1.0,-51.88328748471205
-0.20346387248906686,0.031161490764060364,1.0,-51.40017966515252
-0.20156933202020597,0.031161490764060364,1.0,-50.52398358878761
-0.1981332689756377,0.031161490764060364,1.0,-50.040055121746896
-0.19623551028136038,0.031161490764060364,1.0,-49.0577079301023
-0.19238316835334238,0.031161490764060364,1.0,-48.57400014085898
-0.1904862750621921,0.031161490764060364,1.0,-48.0905263116165
-0.18859029926124118,0.031161490764060364,1.0,-47.10817976537039
-0.18473795986419758,0.031161490764060364,1.0,-46.62495485758802
-0.1828429602258354,0.031161490764060364,1.0,-45.642616598462816
-0.17899065332730515,0.031161490764060364,1.0,-45.15965952087606
-0.17709670400343552,0.031161490764060364,1.0,-44.283031852002594
-0.17365894843922586,0.031161490764060364,1.0,-43.799138777050885
-0.17176132853745446,0.031161490764060364,1.0,-42.81679071811313
-0.1679089832082868,0.031161490764060364,1.0,-42.33315247446319
-0.1660123626449537,0.031161490764060364,1.0,-41.84978468724497
-0.1641168026950783,0.031161490764060364,1.0,-40.86744153071635
-0.1602644765910445,0.031161490764060364,1.0,-40.384366289824285
-0.15837006388166386,0.031161490764060364,1.0,-39.40203667492935
-0.15451779088207587,0.031161490764060364,1.0,-39.0244249486556
-0.15303696058296315,0.031161490764060364,1.0,-37.437380536422765
-0.14681325700557946,0.05859352346565695,1.0,-36.45505417940821
-0.14296099678199298,0.05859352346565695,1.0,-34.973389779991884
-0.13715054815683092,0.05859352346565695,1.0,-33.49201399532408
-0.13134123135421208,0.05859352346565695,1.0,-32.50966543557458
-0.12748888406107678,0.05859352346565695,1.0,-31.028619892958236
-0.12168086232532642,0.05859352346565695,1.0,-29.547963541849466
-0.11587436683078223,0.05859352346565695,1.0,-28.565631906467903
-0.11202208590771727,0.05859352346565695,1.0,-26.97834175156409
-0.10579741863358468,0.05859352346565695,1.0,-25.49660845729993
-0.09998669983254875,0.05859352346565695,1.0,-24.514269007017297
-0.09613438826281293,0.05859352346565695,1.0,-23.032919942509015
-0.09032517624513339,0.05859352346565695,1.0,-22.05057071796703
-0.08647282634496875,0.05859352346565695,1.0,-20.569724890883553
-0.08066558780738649,0.05859352346565695,1.0,-19.089512473221866
-0.07486083322832104,0.05859352346565695,1.0,-18.00183120244385
-0.07059541648017195,0.05859352346565695,1.0,-16.519414695797817
-0.0647820184148934,0.05859352346565695,1.0,-15.037492757181646
-0.05897055983208489,0.05859352346565695,1.0,-14.05515752974219
-0.055118264822518394,0.05859352346565695,1.0,-12.573880732906954
-0.04930933620747825,0.05859352346565695,1.0,-11.093578839353718
-0.0435042307425636,0.05859352346565695,1.0,-10.111309890606659
-0.03965219564943788,0.05859352346565695,1.0,-8.526627560940383
-0.033437755140942674,0.05859352346565695,0.0,-9.026155097926793
-0.035396686658536444,0.0521261493252915,0.0,-9.929512046017916
-0.03893926292556046,0.04645599403820885,0.0,-10.723798731549138
-0.042054112672741714,0.03964783252932941,1.0,-9.768386034222154
-0.03830739621263589,0.03930780374695546,1.0,-9.217649569627575
-0.03614764537108853,0.03930780374695546,1.0,-8.161797509435786
-0.03200704905661093,0.03930780374695546,0.0,-9.594208735545305
-0.03762434798253061,0.032840429606590005,0.0,-10.423665807983262
-0.04087712081562063,0.02717027431950754,0.0,-11.675842170674343
-0.04578761635558566,0.020362112810628094,0.0,-13.292466546318948
-0.05212731978948607,0.014691957523545662,0.0,-14.84926456910601
-0.058232410074925536,0.007883796014666216,0.0,-16.237031258884226
-0.06367463238778129,0.002213640727583786,1.0,-16.591401147115313
-0.06506431822398162,0.001987015050951494,1.0,-16.369248280302177
-0.06419313051098893,0.001987015050951494,1.0,-16.147239805977026
-0.06332250904304716,0.009912634481456073,0.0,-17.90827604609599
-0.07022853351410192,0.0034452603410905862,1.0,-17.938560486360824
-0.07034729602494441,0.0031052315587166432,1.0,-17.868617528614113
-0.07007300991613377,0.0031052315587166432,1.0,-17.798816484290438
-0.06979928033055073,0.0031052315587166432,1.0,-17.72915902956162
-0.06952611384141813,0.0031052315587166432,1.0,-17.65964686357028
-0.06925351711204032,0.0031052315587166432,1.0,-17.590281708745113
-0.06898149689703967,0.0031052315587166432,1.0,-17.521065311119134
-0.06871006004360444,0.0031052315587166432,1.0,-17.451999440650788
-0.06843921349274817,0.0031052315587166432,1.0,-17.387421164503085
-0.06818596535099249,0.0031052315587166432,1.0,-17.317167121691483
-0.06791045930075092,0.0031052315587166432,1.0,-17.2470570036125
-0.0676355176612255,0.0031052315587166432,1.0,-17.177092572598237
-0.0673611473435225,0.0031052315587166432,0.0,-19.09174371037391
-0.07486958317793689,-0.0033621425816488327,1.0,-19.27548951662069
-0.07559015496713997,-0.003702171364022776,1.0,-19.358989149928885
-0.07591760450952503,-0.003702171364022776,1.0,-19.442616115557446
-0.07624555339434291,-0.003702171364022776,1.0,-19.519187176846398
-0.07654583206606431,-0.003702171364022776,1.0,-19.601755301756864
-0.07686962863434064,-0.003702171364022776,1.0,-19.68445705330227
-0.07719394922863634,-0.003702171364022776,1.0,-19.76729075429431
-0.0775187872717424,-0.003702171364022776,1.0,-19.850254752886094
-0.07784413628582781,-0.003702171364022776,1.0,-19.93334742215427
-0.07816998989080107,-0.003702171364022776,1.0,-20.01656715968778
-0.07849634180269718,-0.003702171364022776,1.0,-20.09991238718314
-0.07882318583209075,-0.003702171364022776,1.0,-20.183381550046185
-0.07915051588253406,-0.003702171364022776,1.0,-20.266973117000262
-0.07947832594902063,-0.003702171364022776,1.0,-20.34367477531113
-0.079779116765926,-0.003702171364022776,1.0,-20.4262501269669
-0.08010294167438,-0.003702171364022776,1.0,-20.508953675001557
-0.08042726931373159,-0.003702171364022776,1.0,-20.591783874775498
-0.08075209362657058,-0.003702171364022776,1.0,-20.67473920405596
-0.0810774086433567,-0.003702171364022776,1.0,-20.757818162662286
-0.08140320848102858,-0.003702171364022776,1.0,-20.84101927211661
-0.08172948734163377,-0.003702171364022776,1.0,-20.92434107529982
-0.0820562395109797,-0.003702171364022776,1.0,-21.00778213611286
-0.08238345935730532,-0.003702171364022776,1.0,-21.09134103914318
-0.08271114132997326,-0.003702171364022776,1.0,-21.16816308229065
-0.08301240424427705,-0.003702171364022776,1.0,-21.250745097168572
-0.08333625528301401,-0.003702171364022776,1.0,-21.33345030226886
-0.0836605894206622,-0.003702171364022776,1.0,-21.41627727038657
-0.08398540106033948,-0.003702171364022776,1.0,-21.499224594225186
-0.08431068468323602,-0.003702171364022776,1.0,-21.58229088609357
-0.08463643484742575,-0.003702171364022776,1.0,-21.66547477760729
-0.08496264618669525,-0.003702171364022776,1.0,-21.748774919394364
-0.08528931340938967,-0.003702171364022776,1.0,-21.83218998080534
-0.08561643129727584,-0.003702171364022776,1.0,-21.915718649627635
-0.0859439947044221,-0.003702171364022776,1.0,-21.992652018099868
-0.08624569418862693,-0.003702171364022776,1.0,-22.075240196115878
-0.08656956939653285,-0.003702171364022776,1.0,-22.15794693448262
-0.08689390954699068,-0.003702171364022776,1.0,-22.240770910529278
-0.087218709453056,-0.003702171364022776,1.0,-22.323710819353096
-0.08754396399746313,-0.003702171364022776,1.0,-22.40676537355893
-0.08786966813160366,-0.003702171364022776,1.0,-22.489933303002395
-0.08819581687451919,-0.003702171364022776,1.0,-22.57321335453667
-0.08852240531190851,-0.003702171364022776,1.0,-22.656604291762896
-0.0888494285951486,-0.003702171364022776,1.0,-22.74010489478411
-0.08917688194032986,-0.003702171364022776,1.0,-22.817141514571205
-0.08947898633165177,-0.003702171364022776,1.0,-22.89973540990252
-0.08980288396040202,-0.003702171364022776,1.0,-22.98244357111048
-0.09012722969062933,-0.003702171364022776,1.0,-23.065264768980462
-0.09045201870188417,-0.003702171364022776,1.0,-23.148197790221708
-0.09077724623616357,-0.003702171364022776,1.0,-23.231241437242193
-0.0911029075970282,-0.003702171364022776,1.0,-23.314394527926556
-0.0914289981487316,-0.003702171364022776,1.0,-23.397655895417067
-0.09175551331536104,-0.003702171364022776,1.0,-23.481024387897502
-0.0920824485799902,-0.003702171364022776,1.0,-23.564498868380156
-0.09240979948384374,-0.003702171364022776,1.0,-23.641631513046267
-0.09271228044331868,-0.003702171364022776,1.0,-23.724230726555355
-0.09303619892766805,-0.003702171364022776,1.0,-23.806940211693817
-0.09336054984977968,-0.003702171364022776,1.0,-23.88975882313705
-0.09368532871818451,-0.003702171364022776,1.0,-23.97268542988676
-0.09401053109759513,-0.003702171364022776,1.0,-24.05571891507537
-0.0943361526081387,-0.003702171364022776,1.0,-24.138858175773034
-0.09466218892460013,-0.003702171364022776,1.0,-24.22210212279714
-0.09498863577567505,-0.003702171364022776,1.0,-24.305449680524383
-0.09531548894323288,-0.003702171364022776,1.0,-24.38889978670526
-0.09564274426158927,-0.003702171364022776,1.0,-24.466121962773602
-0.09594557632460235,-0.003702171364022776,1.0,-24.548726135709778
-0.0962695142576854,-0.003702171364022776,1.0,-24.63143685583542
-0.09659387002288401,-0.003702171364022776,1.0,-24.71425305341221
-0.09691863942514592,-0.003702171364022776,1.0,-24.79717367163729
-0.09724381832014624,-0.003702171364022776,2.0,-22.89627044360322
-0.08978929585726754,0.0027652027763427,1.0,-22.726357749260178
-0.0891229715657262,0.0031052315587166432,1.0,-22.656933890949553
-0.08885072114097864,0.0031052315587166432,1.0,-22.587625061675755
-0.08857892181049316,0.0031052315587166432,1.0,-22.518432323572412
-0.08830757773949965,0.0031052315587166432,1.0,-22.453779811941292
-0.08805403847820115,0.0031052315587166432,1.0,-22.383666450258325
-0.08777908411866009,0.0031052315587166432,1.0,-22.313665218116494
-0.0875045694828098,0.0031052315587166432,1.0,-22.243777174131814
-0.08723049872208555,0.0031052315587166432,1.0,-22.174003388543916
-0.08695687603350555,0.0031052315587166432,1.0,-22.104344943344742
-0.08668370566017547,0.0031052315587166432,1.0,-22.03480293240826
-0.0864109918917971,0.0031052315587166432,1.0,-21.96537846162112
-0.08613873906518087,0.0031052315587166432,1.0,-21.896072649014346
-0.08586695156476215,0.0031052315587166432,1.0,-21.82688662489599
-0.08559563382312153,0.0031052315587166432,1.0,-21.76230609395504
-0.08534237683903938,0.0031052315587166432,1.0,-21.69217039258524
-0.08506733487288329,0.0031052315587166432,1.0,-21.62215026197428
-0.08479274612538933,0.0031052315587166432,1.0,-21.55224682854019
-0.08451861501388311,0.0031052315587166432,1.0,-21.48246123147279
-0.08424494600577564,0.0031052315587166432,1.0,-21.412794622879705
-0.08397174361913609,0.0031052315587166432,1.0,-21.343248167933677
-0.08369901242326933,0.0031052315587166432,1.0,-21.273823045021
-0.08342675703929804,0.0031052315587166432,1.0,-21.20452044589108
-0.08315498214074933,0.0031052315587166432,1.0,-21.135341575807164
-0.08288369245414576,0.0031052315587166432,1.0,-21.070837752117743
-0.08263073628281468,0.0031052315587166432,1.0,-21.000678257873247
-0.08235560101126763,0.0031052315587166432,1.0,-20.930637993186775
-0.0820809333066148,0.0031052315587166432,1.0,-20.860718159005007
-0.08180673787845101,0.0031052315587166432,1.0,-20.790919970350824
-0.08153301949157186,0.0031052315587166432,1.0,-20.72124465648983
-0.08125978296662678,0.0031052315587166432,1.0,-20.651693461098237
-0.0809870331807774,0.0031052315587166432,1.0,-20.582267642432186
-0.08071477506836153,0.0031052315587166432,1.0,-20.512968473498375
-0.08044301362156225,0.0031052315587166432,1.0,-20.443797242226054
-0.08017175389108255,0.0031052315587166432,1.0,-20.379375333664534
-0.0799191189555472,0.0031052315587166432,1.0,-20.309190446832076
-0.07964388410522383,0.0031052315587166432,0.0,-22.219960604372027
-0.08713710040930206,-0.0033621425816488327,1.0,-22.40326297123962
-0.08785593322054754,-0.003702171364022776,1.0,-22.486305885752767
-0.08818159170883437,-0.003702171364022776,1.0,-22.56946186165994
-0.08850769357513702,-0.003702171364022776,1.0,-22.652729653848894
-0.08883423393666233,-0.003702171364022776,1.0,-22.73610803378554
-0.08916120797562957,-0.003702171364022776,1.0,-22.819595789271325
-0.08948861093831892,-0.003702171364022776,1.0,-22.896736236809364
-0.08979112249729163,-0.003702171364022776,1.0,-22.97932018391971
-0.09011498111341062,-0.003702171364022776,1.0,-23.062018073888073
-0.09043928656426695,-0.003702171364022776,1.0,-23.14482868534007
-0.09076403406015712,-0.003702171364022776,1.0,-23.227750812665874
-0.09108921887319951,-0.003702171364022776,1.0,-23.310783265798257
-0.09141483633646375,-0.003702171364022776,1.0,-23.39392486999348
-0.09174088184311167,-0.003702171364022776,1.0,-23.47717446561529
-0.09206735084555015,-0.003702171364022776,1.0,-23.56053090792178
-0.09239423885459522,-0.003702171364022776,1.0,-23.643993066855185
-0.09272154143864778,-0.003702171364022776,1.0,-23.721225597940208
-0.09302441410956944,-0.003702171364022776,1.0,-23.803815192234435
-0.0933482948715076,-0.003702171364022776,1.0,-23.886514757324644
-0.0936726068914692,-0.003702171364022776,1.0,-23.96932315493879
-0.0939973457056423,-0.003702171364022776,1.0,-24.052239260992753
-0.09432250690585393,-0.003702171364022776,1.0,-24.13526196539738
-0.09464808613881326,-0.003702171364022776,1.0,-24.21839017186802
-0.09497407910536478,-0.003702171364022776,1.0,-24.301622797736552
-0.0953004815597512,-0.003702171364022776,1.0,-24.384958773765938
-0.09562728930888603,-0.003702171364022776,1.0,-24.468397043967133
-0.09595449821163582,-0.003702171364022776,1.0,-24.54571545167681
-0.09625770765363453,-0.003702171364022776,1.0,-24.62831031339664
-0.09658160907214368,-0.003702171364022776,1.0,-24.711011441448385
-0.0969059272213662,-0.003702171364022776,1.0,-24.793817772460656
-0.09723065793121827,0.005424673299062244,1.0,-24.366754626972515
-0.09555590049793143,0.005424673299062244,1.0,-24.449779927460998
-0.09588148991161174,0.005424673299062244,1.0,-24.53290935987052
-0.09620748768576673,0.005424673299062244,1.0,-24.106212293479505
-0.09453416585678237,0.005424673299062244,1.0,-24.189565280761972
-0.09486104031671361,0.005424673299062244,1.0,-23.763135265470996
-0.09318876574694508,0.005424673299062244,1.0,-23.84020881760375
-0.09349101497099509,0.005424673299062244,1.0,-23.922818283464174
-0.09381497366064381,0.005424673299062244,1.0,-23.495547512178828
-0.09213940200854442,0.005424673299062244,1.0,-23.578382582979344
-0.09246424542344842,0.005424673299062244,1.0,-23.151357264680946
-0.09078963633208213,0.005424673299062244,1.0,-23.234422947531556
-0.09111538410796689,0.005424673299062244,1.0,-23.317597902031558
-0.09144156040012376,0.005424673299062244,1.0,-22.89096083719417
-0.0897684738713497,0.005424673299062244,1.0,-22.97437147000104
-0.09009557439216094,0.005424673299062244,1.0,-22.548018987593455
-0.08842360387291551,0.005424673299062244,1.0,-22.624705247460014
-0.08872433430376477,0.005424673299062244,1.0,-22.70733416209042
-0.0890483692630997,0.005424673299062244,1.0,-22.28009043232757
-0.08737290365618655,0.005424673299062244,1.0,-22.362957341610333
-0.08769787192788366,0.005424673299062244,1.0,-21.935974235959655
-0.08602342837631237,0.005424673299062244,1.0,-22.019084705006915
-0.08634935178434083,0.005424673299062244,1.0,-22.102310117270832
-0.0866757259500817,0.005424673299062244,1.0,-21.675740248019085
-0.08500290293340818,0.005424673299062244,1.0,-21.75921484679382
-0.08533025430115224,0.005424673299062244,1.0,-21.32667644936707
-0.08363402529163556,0.005424673299062244,1.0,-21.409204304222047
-0.08395766393812568,0.005424673299062244,1.0,-21.491854857410793
-0.08428178375455211,0.005424673299062244,1.0,-21.064641387555557
-0.08260643681394336,0.005424673299062244,1.0,-21.147543763614845
-0.08293154417103861,0.005424673299062244,1.0,-20.720608063048203
-0.08125728652175766,0.005424673299062244,1.0,-20.80376848375649
-0.0815834058186529,0.005424673299062244,1.0,-20.887050137757146
-0.0819100005402241,0.005424673299062244,1.0,-20.460556025856523
-0.08023747461120204,0.005424673299062244,1.0,-20.544102009926096
-0.08056510592127882,0.005424673299062244,1.0,-20.111161603988652
-0.07886730040779863,0.005424673299062244,1.0,-20.19370646224653
-0.07919100573430013,0.005424673299062244,1.0,-19.25639854355518
-0.07551528840609874,0.040862693960239484,1.0,-18.319260241569573
-0.0718402362414493,0.040862693960239484,1.0,-17.38231899010401
-0.0681659568239373,0.040862693960239484,1.0,-16.44560846835319
-0.06449258222883604,0.040862693960239484,1.0,-15.509170482661888
-0.060820276402595644,0.040862693960239484,1.0,-14.573057571128732
-0.057149245376975424,0.040862693960239484,1.0,-13.631015504472419
-0.053454962762636934,0.040862693960239484,1.0,-12.69323938259459
-0.0497774093435082,0.040862693960239484,1.0,-11.755652900192064
-0.04610059960859633,0.040862693960239484,1.0,-11.328295621142122
-0.04442468871036126,0.040862693960239484,1.0,-10.391229065763982
-0.04074991790495679,0.040862693960239484,1.0,-9.454539018885567
-0.03707662360347281,0.040862693960239484,1.0,-8.518349685669289
-0.03340529288497761,0.040862693960239484,1.0,-7.582846524908408
-0.029736653038856503,0.040862693960239484,1.0,-6.648319202516524
-0.026071840009868723,0.040862693960239484,1.0,-5.704322244434508
-0.022369891154645126,0.040862693960239484,1.0,-4.7659189560992195
-0.018689878259212627,0.040862693960239484,1.0,-3.8277906772866284
-0.015010943832496581,0.040862693960239484,1.0,-2.8902052154475055
-0.011334138099794139,0.040862693960239484,1.0,-1.9539441268722337
-0.007662525987734249,0.040862693960239484,1.0,-1.0226513871980152
-0.004010397596854962,0.040862693960239484,1.0,-0.19245990179398653
-0.0007547447129175943,0.040862693960239484,1.0,-0.8897036097038572
0.003489033763544538,0.040862693960239484,1.0,-1.8123986802028458
0.0071074458047170426,0.040862693960239484,1.0,-2.7410627692272302
0.010749265761675413,0.040862693960239484,1.0,-3.6749650309829183
0.014411627572482034,0.040862693960239484,1.0,-4.610923725058994
0.01808205382376076,0.040862693960239484,1.0,-5.5478981572247275
0.021756463361665597,0.040862693960239484,1.0,-6.485448101158788
0.025433129808465838,0.040862693960239484,1.0,-7.42335550327288
0.029111198052050515,0.040862693960239484,1.0,-8.361500076444418
0.0327901963782134,0.040862693960239484,1.0,-8.794206185851762
0.03448708308177161,0.040862693960239484,1.0,-9.729560149869457
0.03815513784262532,0.040862693960239484,1.0,-10.665548543129095
0.04182568056129057,0.040862693960239484,1.0,-11.602017819630323
0.0454981090965895,0.040862693960239484,1.0,-12.538860235023632
0.0491720009216613,0.040862693960239484,1.0,-13.475997968430956
0.052847050856591984,0.040862693960239484,1.0,-14.923372935192448
0.05852303111840176,0.05948937835880508,1.0,-16.370941040280062
0.064199768785412,0.05948937835880508,1.0,-17.313733698790777
0.06789699489721873,0.05948937835880508,1.0,-18.759777133044015
0.0735677534629177,0.05948937835880508,1.0,-20.206167717658154
0.079239873402581,0.05948937835880508,1.0,-21.65283588471941
0.08491308190086042,0.05948937835880508,1.0,-22.589753408448118
0.08858726826842399,0.05948937835880508,1.0,-24.036821105115006
0.09426204354947063,0.05948937835880508,1.0,-25.484047772830824
0.09993744224639539,0.05948937835880508,1.0,-26.93140778348499
0.10561336385680387,0.05948937835880508,1.0,-28.383738871594765
0.11130877988860692,0.05948937835880508,1.0,-29.32025793265103
0.11498140365745504,0.05948937835880508,1.0,-30.76687966825327
0.12065443007158146,0.05948937835880508,1.0,-32.213667224769345
0.12632810676380135,0.05948937835880508,1.0,-33.66059922044458
0.13200234988409637,0.05948937835880508,1.0,-35.10765779647539
0.1376770893979427,0.05948937835880508,1.0,-36.044836989839915
0.14135230192094086,0.05948937835880508,1.0,-37.497814450908734
0.1470502527486617,0.05948937835880508,1.0,-38.944282117416975
0.15272267497026265,0.05948937835880508,1.0,-40.39089306948983
0.15839565909603853,0.05948937835880508,1.0,-41.83763244406606
0.16406914683947474,0.05948937835880508,1.0,-42.77451766995026
0.16774320654882452,0.05948937835880508,1.0,-44.221469098606875
0.1734175258768897,0.05948937835880508,1.0,-45.66851660438524
0.1790922219779813,0.05948937835880508,1.0,-47.115651334931044
0.18476726013698447,0.05948937835880508,1.0,-48.05837215288345
0.1884642045211116,0.05948937835880508,1.0,-49.5049647870006
0.1941371168117671,0.05948937835880508,1.0,-50.95166391201672
0.19981044671379106,0.05948937835880508,1.0,-52.39846070742781
0.2054841596369718,0.05948937835880508,1.0,-53.84534730017457
0.21115822470656695,0.05948937835880508,1.0,-54.78233903558528
0.21483270210033445,0.05948937835880508,1.0,-56.22937962797313
0.22050737109009072,0.05948937835880508,1.0,-57.68239653446882
0.2262054766057601,0.05948937835880508,1.0,-59.128986534213766
0.2318783785655442,0.05948937835880508,0.0,-58.10540233729006
0.22786432289133357,0.05302200421843959,0.0,-57.70366971180392
0.22628890083060363,0.04735184893135716,1.0,-58.320728057206566
0.22870873747924142,0.047125223254724874,1.0,-59.48830444905179
0.23328746842765408,0.04390335165353733,1.0,-60.656124119229304
0.23786715340874237,0.04390335165353733,1.0,-61.314755544263555
0.24045002174221003,0.04390335165353733,1.0,-62.5085702997463
0.24513164823429925,0.04390335165353733,1.0,-63.166753766462364
0.24771275986847985,0.04390335165353733,1.0,-64.33441480133976
0.252291822750352,0.04390335165353733,1.0,-65.50229809794955
0.25687175724686095,0.04390335165353733,1.0,-66.16096631437009
0.2594547698602748,0.04390335165353733,1.0,-67.35455986950403
0.2641355289000158,0.04390335165353733,1.0,-68.52212628606271
0.26871422072965767,0.04390335165353733,1.0,-69.18054608571522
0.2712962591596676,0.04390335165353733,1.0,-70.34848389508544
0.2758764074317076,0.04390335165353733,1.0,-71.51661623567114
0.2804573185712594,0.04390335165353733,1.0,-72.20058570946665
0.28313955180183,0.04390335165353733,1.0,-73.36822700376561
0.28771853726966906,0.04390335165353733,1.0,-74.02669419124322
0.2903007615342872,0.04390335165353733,1.0,-75.19467922559875
0.29488109500234805,0.04390335165353733,1.0,-76.38839184078164
0.29956232094424173,0.04390335165353733,1.0,-77.04664097574035
0.30214369010094255,0.04390335165353733,0.0,-75.81512131949891
0.29731420125293695,0.03743597751317189,0.0,-74.70740483853622
0.29297021505308324,0.03176582222608946,0.0,-73.15038069906191
0.28686423803553696,0.02495766071721001,0.0,-72.32380639317144
0.2836227701692998,0.019287505430127545,0.0,-70.54111454611257
0.27663182174946105,0.0124793439212481,0.0,-68.98345651414284
0.27052335887899154,0.006809188634165448,0.0,-66.97769068457377
0.2626576105277403,1.0271252860039992e-06,0.0,-65.1982929721209
0.255679580282827,-0.005669128161796647,0.0,-62.972523387181745
0.24695107210659512,-0.012477289670676092,1.0,-62.74426817237823
0.2460559536171695,-0.012817318453050043,1.0,-62.234606504654515
0.2440572804104099,-0.012817318453050043,1.0,-62.1060883249458
0.24355328754880706,-0.012817318453050043,1.0,-61.978294213863215
0.2430521341720126,-0.012817318453050043,1.0,-61.4684771560819
0.24105285159247805,-0.012817318453050043,1.0,-61.34003775268009
0.24054916765756898,-0.012817318453050043,1.0,-60.71518421614004
0.23809876163192173,-0.012817318453050043,1.0,-60.70235553636636
0.2380484530837897,-0.012817318453050043,1.0,-60.57399691824502
0.23754508595390206,-0.012817318453050043,1.0,-59.94918399815596
0.23509483920845473,-0.012817318453050043,1.0,-59.93624194188491
0.23504408604660748,-0.012817318453050043,1.0,-59.31112541420491
0.23259264868315652,-0.03803408435209285,1.0,-58.686165520438614
0.23014182557034749,-0.03803408435209285,1.0,-57.564369984618125
0.2257426273906593,-0.03803408435209285,1.0,-56.93954371650279
0.22329232830001094,-0.03803408435209285,1.0,-55.817724493335675
0.21889303722876735,-0.03803408435209285,1.0,-55.19304155286435
0.21644330020731117,-0.03803408435209285,1.0,-54.186939325702305
0.21249780127726395,-0.03803408435209285,1.0,-53.561517356510336
0.2100451661039621,-0.03803408435209285,1.0,-52.439820274796276
0.20564635401880893,-0.03803408435209285,1.0,-51.81452518186485
0.20319421639947,-0.03803408435209285,1.0,-50.69279721498893
0.198795283196035,-0.03803408435209285,1.0,-50.06763905132652
0.19634368255422166,-0.03803408435209285,1.0,-49.442665752133905
0.19389280687111335,-0.03803408435209285,1.0,-48.32087046595071
0.18949360967039497,-0.03803408435209285,1.0,-47.696056025789616
0.18704335696388086,-0.03803408435209285,1.0,-46.574232651348325
0.1826440496131307,-0.03803408435209285,1.0,-45.949590925434265
0.18019447421738927,-0.03803408435209285,1.0,-44.8277408933142
0.17579506232672237,-0.03803408435209285,1.0,-44.31814192549392
0.17379663500193696,-0.03803408435209285,1.0,-43.19646941968365
0.16939791929287706,-0.03803408435209285,1.0,-42.57108796595856
0.16694544300375908,-0.03803408435209285,1.0,-41.44937705128425
0.16254657667170297,-0.03803408435209285,1.0,-40.82415877325585
0.16009474028727785,-0.03803408435209285,1.0,-39.70240959456813
0.15569572390026717,-0.03803408435209285,1.0,-39.07737108025673
0.15324459247159503,-0.03803408435209285,1.0,-37.95558429732893
0.14884542861697622,-0.03803408435209285,1.0,-37.33074475021398
0.14639507745181954,-0.03803408435209285,1.0,-36.20892173415127
0.14199577150647555,-0.03803408435209285,1.0,-35.58430354424031
0.13954628840878555,-0.03803408435209285,1.0,-34.46244664862902
0.13514684960246676,-0.03803408435209285,1.0,-33.95319966209531
0.1331498025964522,-0.03803408435209285,1.0,-33.32768546545608
0.13069680574688658,-0.03803408435209285,1.0,-32.206002600366055
0.1262980494132002,-0.03803408435209285,1.0,-31.580689922954566
0.12384584283511595,-0.03803408435209285,1.0,-30.45895634713904
0.11944688763583937,-0.03803408435209285,1.0,-29.8338719511348
0.11699557627896,-0.03803408435209285,1.0,-28.712088431191233
0.11259642522035777,-0.03803408435209285,1.0,-28.08726468072483
0.11014613600284247,-0.03803408435209285,1.0,-26.46855928667515
0.10379827171245157,-0.0703525516039834,1.0,-24.85055791753315
0.09745316830405155,-0.0703525516039834,1.0,-23.116861278980906
0.09065435795678786,-0.0703525516039834,1.0,-21.497579498196487
0.08430423332626072,-0.0703525516039834,1.0,-20.375761893330395
0.07990494860129568,-0.0703525516039834,1.0,-18.757400171237105
0.07355843204406708,-0.0703525516039834,2.0,-19.008270814751633
0.07454223848922209,-0.06388517746361795,2.0,-19.170142178455198
0.07517702815080471,-0.0582150221765353,2.0,-19.81733473437395
0.0777150381740155,-0.05140686066765586,2.0,-20.277131037338684
0.07951816093073993,-0.04573670538057321,2.0,-21.224044771614235
0.08323154812397739,-0.038928543871693755,2.0,-22.040349294204518
0.0864327423302138,-0.03325838858461127,2.0,-23.277146299528606
0.09128292666481806,-0.026450227075731823,1.0,-23.2456645222176
0.09115946871457882,-0.02611019829335788,1.0,-22.606160054294207
0.08865160805605572,-0.02611019829335788,1.0,-21.966673692377334
0.08614381840147975,-0.02611019829335788,1.0,-21.32720706516754
0.0836361061379119,-0.02611019829335788,1.0,-20.687762002686895
0.08112847844190939,-0.02611019829335788,1.0,-20.04834056836715
0.07862094340536138,-0.02611019829335788,2.0,-21.353670197393395
0.08373988312703293,-0.01964282415299244,2.0,-22.600668900129776
0.08863007411815599,-0.01397266886591001,1.0,-22.304451705139382
0.08746843805937013,-0.01374604318927772,1.0,-22.45056193319436
0.08804141934586023,-0.01374604318927772,1.0,-22.08760713516361
0.08661806719672004,-0.01374604318927772,1.0,-21.724727097013222
0.08519500822358127,-0.01374604318927772,1.0,-21.36192562863438
0.08377225736719365,-0.01374604318927772,1.0,-20.99920680235683
0.08234983059747777,-0.01374604318927772,1.0,-20.63657497585856
0.0809277450033669,-0.01374604318927772,1.0,-20.274034817508554
0.07950601889219042,-0.01374604318927772,1.0,-19.911591334448932
0.07808467189979973,-0.01374604318927772,1.0,-19.549249903765862
0.07666372511280731,-0.01374604318927772,1.0,-19.212669365243144
0.07534380143232607,-0.01374604318927772,1.0,-19.358472867136243
0.07591557987112252,-0.01374604318927772,1.0,-18.995356687277177
0.07449159485206737,-0.01374604318927772,1.0,-18.632321386433755
0.07306792700562256,-0.01374604318927772,1.0,-18.269371786108653
0.07164459523964177,-0.01374604318927772,1.0,-17.90651309752974
0.0702216199903127,-0.01374604318927772,1.0,-17.54375096170088
0.06879902337921914,-0.016180488159984675,1.0,-17.181091494477066
0.06737682939010614,-0.016180488159984675,1.0,-16.818541337412082
0.06595506406828269,-0.016180488159984675,1.0,-16.456107715256394
0.06453375574610351,-0.016180488159984675,1.0,-16.093798501138206
0.06311293529858121,-0.016180488159984675,1.0,-15.731622290647296
0.061692636433910965,-0.016180488159984675,1.0,-15.39458346909102
0.06037091556506282,-0.016180488159984675,1.0,-15.031263127833467
0.05894612991307242,-0.016180488159984675,2.0,-16.6288072459382
0.06521100880760079,-0.009713114019619232,1.0,-16.519151440077366
0.06478098603951907,-0.009373085237245287,1.0,-16.30926559323414
0.06395790428719271,-0.009373085237245287,1.0,-16.09953093101776
0.06313541541575593,-0.009373085237245287,1.0,-15.88995343997741
0.0623135429018722,-0.009373085237245287,1.0,-15.694756680193075
0.06154806541252187,-0.009373085237245287,1.0,-15.483923952430528
0.06072127040168834,-0.009373085237245287,1.0,-15.273224505537298
0.059894998060930585,-0.009373085237245287,1.0,-15.062663932589848
0.05906927032388175,-0.009373085237245287,1.0,-14.85224814004421
0.05824411035311455,-0.009373085237245287,1.0,-14.641983369696062
0.05741954262625907,-0.009373085237245287,1.0,-14.431876222486498
0.056595593029358814,-0.009373085237245287,1.0,-14.221933684333923
0.055772288958172246,-0.009373085237245287,1.0,-14.0121631541928
0.05494965942820705,-0.009373085237245287,1.0,-13.802572474562501
0.054127735194362744,-0.009373085237245287,1.0,-13.593169964695074
0.05330654888115714,-0.009373085237245287,1.0,-13.397390572224959
0.05253878655774493,-0.009373085237245287,1.0,-13.186513053366848
0.05171181589555627,-0.009373085237245287,1.0,-12.975790958018399
0.05088545473732705,-0.009373085237245287,1.0,-12.765231983143723
0.05005973326723029,-0.009373085237245287,1.0,-12.554844335891412
0.04923468367016239,-0.009373085237245287,1.0,-12.344636775991404
0.048410340298005505,-0.009373085237245287,1.0,-12.134618662387373
0.047586739852499504,-0.009373085237245287,1.0,-11.92480000459824
0.04676392158665976,-0.009373085237245287,1.0,-11.715191519368263
0.045941927526934365,-0.009373085237245287,1.0,-11.505804693240522
0.045120802718590286,-0.009373085237245287,1.0,-11.311169972812664
0.044357529305147705,-0.009373085237245287,1.0,-11.100053380309063
0.04352962109925123,-0.009373085237245287,1.0,-10.889112730395816
0.042702402864297315,-0.009373085237245287,1.0,-10.678358449805451
0.04187591548943314,-0.009373085237245287,1.0,-10.467801795386656
0.04105020311916335,-0.009373085237245287,1.0,-10.257454937272367
0.040225313479499474,-0.009373085237245287,1.0,-10.047331052102951
0.03940129824354098,-0.009373085237245287,1.0,-9.837444427728007
0.038578213442070616,-0.009373085237245287,1.0,-9.627810581042153
0.0377561199256555,-0.009373085237245287,1.0,-9.418446390882275
0.03693508388581285,-0.009373085237245287,1.0,-9.209370248237674
0.036115177444069314,-0.009373085237245287,1.0,-9.014020324684497
0.03534909931248822,-0.009373085237245287,1.0,-8.8027677439179
0.034520657819285885,-0.009373085237245287,1.0,-8.591731467556672
0.033693064578653606,-0.009373085237245287,1.0,-8.380927835600977
0.03286638366902343,-0.009373085237245287,1.0,-8.170374855427674
0.03204068570755951,-0.009373085237245287,1.0,-7.960092417086881
0.03121604869445836,-0.009373085237245287,1.0,-7.750102542329945
0.0303925589895292,-0.009373085237245287,1.0,-7.540429673592869
0.02957031244546223,-0.009373085237245287,1.0,-7.331101010481056
0.028749415727376694,-0.009373085237245287,1.0,-7.122146902940056
0.02792998785466689,-0.009373085237245287,2.0,-8.896146053995652
0.03488684727057119,-0.002905711096879803,1.0,-8.939636281674494
0.03505739718303723,-0.00256568231450586,1.0,-8.883052693240161
0.034835500757804554,-0.00256568231450586,1.0,-8.82677360528388
0.03461479845209365,-0.00256568231450586,1.0,-8.77260273602093
0.03440236367067032,-0.00256568231450586,1.0,-8.713964003658566
0.03417240785748457,-0.00256568231450586,1.0,-8.655608434759344
0.03394356248925233,-0.00256568231450586,1.0,-8.597541795216909
0.033715850177321205,-0.00256568231450586,1.0,-8.53976997880684
0.033489294034536626,-0.00256568231450586,1.0,-8.482299009535339
0.03326391768445231,-0.00256568231450586,1.0,-8.425135043974215
0.03303974527048712,-0.00256568231450586,1.0,-8.368284373576534
0.03281680146500601,-0.00256568231450586,1.0,-8.31175342696669
0.032595111478300756,-0.00256568231450586,1.0,-8.255548772198278
0.03237470106744423,-0.00256568231450586,1.0,-8.201456975450153
0.03216257637431433,-0.00256568231450586,1.0,-8.14272925895073
0.03193227160372835,-0.00256568231450586,1.0,-8.084303425452884
0.031703150688050526,-0.00256568231450586,1.0,-8.026186067542335
0.03147523948055818,-0.00256568231450586,1.0,-7.9683839348161944
0.031248564450259586,-0.00256568231450586,1.0,-7.910903936988962
0.031023152694074362,-0.00256568231450586,1.0,-7.853753146980284
0.03079903194894229,-0.00256568231450586,1.0,-7.796938803975735
0.03057623060382641,-0.00256568231450586,1.0,-7.740468316451336
0.030354777711573865,-0.00256568231450586,1.0,-7.684349265151603
0.03013470300059452,-0.00256568231450586,1.0,-7.630348558471046
0.029922935523415867,-0.00256568231450586,1.0,-7.571518722130358
0.029692230282864152,-0.00256568231450586,1.0,-7.5130121270489445
0.0294627926550939,-0.00256568231450586,1.0,-7.454836383758068
0.02923465248532576,-0.00256568231450586,1.0,-7.396999298487611
0.029007840386225926,-0.00256568231450586,1.0,-7.339508877360522
0.028782387754354988,-0.00256568231450586,1.0,-7.282373330562381
0.02855832678651914,-0.00256568231450586,1.0,-7.225601076472676
0.02833569049597128,-0.00256568231450586,1.0,-7.16920074574318
0.02811451272840463,-0.00256568231450586,1.0,-7.1131811853073605
0.027894828177675923,-0.00256568231450586,1.0,-7.059286548571713
0.02768347666106554,-0.00256568231450586,1.0,-7.000338319113723
0.02745230713377931,-0.00256568231450586,1.0,-6.941737924688816
0.027222501665446337,-0.00256568231450586,1.0,-6.8834942488447375
0.026994095093508773,-0.00256568231450586,1.0,-6.825616423334874
0.026767123228764213,-0.00256568231450586,1.0,-6.768113833921791
0.02654162287812467,-0.00256568231450586,1.0,-6.710996126146467
0.026317631867241047,-0.00256568231450586,1.0,-6.654273211041671
0.026095189062908513,-0.00256568231450586,1.0,-6.597955270765734
0.025874334395159744,-0.00256568231450586,1.0,-6.542052764130571
0.025655108878943417,-0.00256568231450586,1.0,-6.488283199230213
0.025444247840118485,-0.00256568231450586,1.0,-6.429196081316586
0.025212533652221904,-0.00256568231450586,1.0,-6.370485417644765
0.024982295755469668,-0.00256568231450586,1.0,-6.312161712649419
0.024753575343723213,-0.00256568231450586,1.0,-6.25423579205761
0.02452641487081416,-0.00256568231450586,1.0,-6.196718811151294
0.024300858082946252,-0.00256568231450586,1.0,-6.139622262981878
0.024076950050909325,-0.00256568231450586,1.0,-6.082957986500786
0.02385473720196387,-0.00256568231450586,1.0,-6.026738174565847
0.023634267351238615,-0.00256568231450586,1.0,-5.97097538177888
0.023415589732466192,-0.00256568231450586,1.0,-5.917355492064318
0.02320531565515419,-0.00256568231450586,1.0,-5.858103171630241
0.02297295361423624,-0.00256568231450586,1.0,-5.799261017170154
0.022742200067333938,-0.00256568231450586,1.0,-5.740841640986036
0.022513104474455044,-0.00256568231450586,1.0,-5.682858081484521
0.022285717966605965,-0.00256568231450586,1.0,-5.625323815347273
0.022060093393518717,-0.00256568231450586,1.0,-5.56825276963403
0.02183628537111384,-0.00256568231450586,1.0,-5.511659333754714
0.021614350328449862,-0.00256568231450586,1.0,-5.455558371239231
0.021394346553879336,-0.00256568231450586,1.0,-5.399965231224736
0.021176334240097006,-0.00256568231450586,1.0,-5.346527659425358
0.020966775135001402,-0.00256568231450586,1.0,-5.287075574871077
0.02073362970537677,-0.00256568231450586,1.0,-5.22807393612608
0.020502250729906194,-0.00256568231450586,1.0,-5.169538166471733
0.02027269869204601,-0.00256568231450586,1.0,-5.111484271072306
0.020045036357146297,-0.00256568231450586,1.0,-5.053928855656342
0.019819328845711144,-0.00256568231450586,1.0,-4.996889145103844
0.019595643706289585,-0.00256568231450586,1.0,-4.940383001821014
0.01937405098753339,-0.00256568231450586,1.0,-4.8844289437673245
0.01915462330889147,-0.00256568231450586,1.0,-4.82904616198132
0.018937435929338508,-0.00256568231450586,1.0,-4.775835513710718
0.01872876672043419,-0.00256568231450586,1.0,-4.716137015271654
0.01849465496184962,-0.00256568231450586,1.0,-4.656937906544911
0.01826250159429377,-0.00256568231450586,1.0,-4.598257475372487
0.018032382256362695,-0.00256568231450586,1.0,-4.540115833327118
0.01780437581696909,-0.00256568231450586,1.0,-4.482533945888284
0.017578564493679547,-0.00256568231450586,1.0,-4.425533662492985
0.017355033970560728,-0.00256568231450586,1.0,-4.369137746224182
0.017133873514604638,-0.00256568231450586,1.0,-4.313369902861088
0.016915176089651325,-0.00256568231450586,1.0,-4.25825480897273
0.016699038466559724,-0.00256568231450586,1.0,-4.205334296167549
0.01649150704379431,-0.00256568231450586,1.0,-4.145324282455461
0.016256173656688085,-0.00256568231450586,1.0,-4.08587433687226
0.016023036615185334,-0.00256568231450586,1.0,-4.027009264021174
0.015792193192239897,-0.00256568231450586,1.0,-3.9687550887045124
0.015563745445900048,-0.00256568231450586,1.0,-3.9111391079234363
0.015337800423229162,-0.00256568231450586,1.0,-3.854189942743207
0.01511447036369885,-0.00256568231450586,1.0,-3.79793758950331
0.01489387290001298,-0.00256568231450586,1.0,-3.7424134697526563
0.014676131253931987,-0.00256568231450586,1.0,-3.687650478179069
0.014461374424231644,-0.00256568231450586,1.0,-3.6351139017241074
0.014255348634212187,-0.00256568231450586,1.0,-3.5746976535221417
0.014018422170675065,-0.00256568231450586,1.0,-3.514918544645114
0.013783994292725938,-0.00256568231450586,1.0,-3.4558096392434754
0.013552194663699904,-0.00256568231450586,1.0,-3.3974059185929915
0.013323160465070556,-0.00256568231450586,1.0,-3.3397443786160994
0.013097036778886665,-0.00256568231450586,1.0,-3.282864127421292
0.012873976970279578,-0.00256568231450586,1.0,-3.226806481573672
0.01265414306499479,-0.00256568231450586,1.0,-3.17161505951566
0.012437706115747686,-0.00256568231450586,1.0,-3.1173358702218628
0.012224846549889659,-0.00256568231450586,1.0,-3.065331052590418
0.012020906088589873,-0.00256568231450586,1.0,-3.0043631719485733
0.01178181636058264,-0.00256568231450586,1.0,-2.9441332343749798
0.011545620526960707,-0.00256568231450586,1.0,-2.8846874632005193
0.01131249985568831,-0.00256568231450586,1.0,-2.826075343076647
0.011082648404222146,-0.00256568231450586,1.0,-2.768349825247869
0.010856273824501446,-0.00256568231450586,1.0,-2.711567533910708
0.010633598172198855,-0.00256568231450586,1.0,-2.6557889699243287
0.010414858705585603,-0.00256568231450586,1.0,-2.6010787070731824
0.01020030865518895,-0.00256568231450586,2.0,-4.52759254119852
0.017755264867445178,0.0039016918258596156,1.0,-4.724898349397273
0.01852901313489127,0.004241720608233559,1.0,-4.822328401288222
0.01891109176975773,0.004241720608233559,1.0,-4.908454876420772
0.01924884265263048,0.004241720608233559,1.0,-5.001680704856372
0.01961443413669165,0.004241720608233559,1.0,-5.0954752841980575
0.01998225601646297,0.004241720608233559,1.0,-5.189807777700549
0.020352187363531567,0.004241720608233559,1.0,-5.284649379680354
0.02072411521443276,0.004241720608233559,1.0,-5.37997316553697
0.021097933982497923,0.004241720608233559,1.0,-5.47575395326588
0.021473544914768154,0.004241720608233559,1.0,-5.571968175661363
0.021850855590828874,0.004241720608233559,1.0,-5.6685937624358145
0.022229779460532603,0.004241720608233559,1.0,-5.76561003151761
0.022610235417716118,0.004241720608233559,1.0,-5.852609172826776
0.02295140852088932,0.004241720608233559,1.0,-5.946093820619227
0.023318014982820497,0.004241720608233559,1.0,-6.040050266051041
0.023686471631572708,0.004241720608233559,1.0,-6.134456830747724
0.02405669345391264,0.004241720608233559,1.0,-6.229293049717488
0.02442860019497054,0.004241720608233559,1.0,-6.324539595043808
0.024802116058995325,0.004241720608233559,1.0,-6.420178204564282
0.025177169429663852,0.004241720608233559,1.0,-6.516191615239282
0.025553692608781497,0.004241720608233559,1.0,-6.61256350092264
0.025931621572245645,0.004241720608233559,1.0,-6.709278414257445
0.026310895742186056,0.004241720608233559,1.0,0.0
