Lateral Error,Yaw Error,Action,Reward
0.00016636344981989012,0.00017651710485281234,1.0,-0.06892742702437517
0.00027030363538970656,0.00017651710485281234,1.0,-0.11373401939947868
0.0004460157623508968,0.00017651710485281234,1.0,-0.16233605474735047
0.0006366119794013744,0.00017651710485281234,1.0,-0.21214073796121483
0.0008319244625929993,0.00017651710485281234,1.0,-0.2624643237930613
0.001029271858012005,0.00017651710485281234,1.0,-0.21439638904605995
0.0008407701531218037,0.00017651710485281234,1.0,-0.16821055095350856
0.0006596492194255239,0.00017651710485281234,1.0,-0.1259241747950072
0.0004938202933137537,0.00017651710485281234,1.0,-0.09301686230538955
0.00036477200904074333,0.00017651710485281234,1.0,-0.08173436289651169
0.0003205269133196537,0.00017651710485281234,1.0,-0.09970960842706089
0.0003910180722629839,0.00017651710485281234,1.0,-0.13578157635290417
0.0005324767700113889,0.00017651710485281234,1.0,-0.1793443544433554
0.0007033111938955113,0.00017651710485281234,1.0,-0.2261090201521179
0.0008867020398122271,0.00017651710485281234,1.0,-0.27444363910868913
0.0010762495651321143,0.00017651710485281234,1.0,-0.22955756764927765
0.0009002257554873633,0.00017651710485281234,1.0,-0.1879783183582745
0.000737169875914802,0.00017651710485281234,1.0,-0.15234221348715415
0.0005974204450476633,0.00017651710485281234,1.0,-0.12772463496586298
0.0005008809214347568,0.00017651710485281234,1.0,-0.12104604608895322
0.00047469037681942435,0.00017651710485281234,1.0,-0.13499569882036097
0.0005293948973347489,0.00017651710485281234,2.0,-2.11573403975292
0.008296996234325177,0.006643891245218291,1.0,-2.3748770720934904
0.009313243419974474,0.006983920027592235,1.0,-2.534399674241232
0.0099388222519264,0.006983920027592235,0.0,-0.733026090241715
0.00287461211859496,0.000516545887226756,0.0,-1.0466941009892927
-0.004104682748977618,-0.00515360939985571,0.0,-3.23940541574712
-0.012703550649988706,-0.011961770908735193,0.0,-5.24578923155635
-0.02057172247669157,-0.017631926195817625,1.0,-5.711596459720239
-0.022398417489098977,-0.017858551872449915,1.0,-6.110969529514244
-0.023964586390251938,-0.017858551872449915,1.0,-6.510708505341434
-0.02553219021702523,-0.017858551872449915,1.0,-6.910749892110845
-0.02710097996906214,-0.017858551872449915,1.0,-7.311044048561447
-0.028670760974750777,-0.017858551872449915,1.0,-7.711551612199236
-0.030241378871369556,-0.017858551872449915,1.0,-8.112240974855876
-0.03181270970531716,-0.017858551872449915,1.0,-8.51308646611554
-0.033384652808296236,-0.017858551872449915,1.0,-8.914067023749578
-0.03495712558333167,-0.017858551872449915,1.0,-9.31516520557476
-0.03653005962970494,-0.017858551872449915,1.0,-9.716366444783391
-0.03810339782267997,-0.017858551872449915,1.0,-10.087572696555275
-0.039559108613942254,-0.017858551872449915,1.0,-10.487074148637664
-0.04112578097504967,-0.017858551872449915,1.0,-10.886785001490214
-0.0426932745156479,-0.017858551872449915,1.0,-11.286683007741079
-0.04426150199114149,-0.017858551872449915,0.0,-13.706005933432742
-0.05374904287620683,-0.024325926012815358,0.0,-15.993077515396743
-0.06271795104077155,-0.029996081299897788,0.0,-18.81093584532656
-0.07376837586402572,-0.036804242808777234,1.0,-19.74260495909407
-0.07742198023174146,-0.037144271591151176,1.0,-20.573899073935777
-0.08068195715268932,-0.037144271591151176,1.0,-21.405193339720427
-0.0839419346655703,-0.037144271591151176,1.0,-22.23648773951931
-0.0872019127039973,-0.037144271591151176,1.0,-23.06778225884403
-0.09046189121115306,-0.037144271591151176,1.0,-23.89907688522197
-0.09372187013812536,-0.037144271591151176,1.0,-24.73037160785759
-0.09698184944257879,-0.037144271591151176,1.0,-25.56166641735962
-0.1002418290876848,-0.037144271591151176,1.0,-26.392961305520068
-0.10350180904125517,-0.037144271591151176,1.0,-27.224256265133356
-0.10676178927503277,-0.037144271591151176,1.0,-28.05555128984801
-0.11002176976410985,-0.037144271591151176,1.0,-28.886846374043678
-0.1132817504864458,-0.037144271591151176,1.0,-29.718141512729
-0.11654173142246667,-0.037144271591151176,1.0,-30.549436701455548
-0.11980171255472764,-0.037144271591151176,1.0,-31.380731936246445
-0.1230616938676331,-0.037144271591151176,1.0,-32.212027213535364
-0.1263216753471975,-0.037144271591151176,1.0,-33.04332253011482
-0.12958165698084245,-0.037144271591151176,1.0,-33.87461788309222
-0.13284163875722438,-0.037144271591151176,1.0,-34.70591326985208
-0.1361016206660866,-0.03775289395879847,1.0,-35.537208688023675
-0.13936160269813205,-0.03775289395879847,1.0,-36.36850413545299
-0.14262158484491366,-0.03775289395879847,1.0,-37.199799610178594
-0.14588156709873962,-0.03775289395879847,1.0,-38.031095110410554
-0.1491415494525904,-0.03775289395879847,1.0,-38.862390634512025
-0.15240153190004715,-0.03775289395879847,1.0,-39.69368618098337
-0.15566151443522888,-0.03775289395879847,2.0,-38.43198109959262
-0.15071365137095144,-0.03128551981843303,1.0,-39.011066550021965
-0.15298457470596852,-0.03094549103605909,1.0,-39.69053575130446
-0.1556491598090371,-0.03094549103605909,1.0,-40.370013066590616
-0.1583137767317279,-0.03094549103605909,1.0,-41.04949809295602
-0.16097842389394518,-0.03094549103605909,1.0,-41.72899045371562
-0.16364309981849262,-0.03094549103605909,1.0,-42.40848979632221
-0.16630780312283217,-0.03094549103605909,1.0,-43.08799579046377
-0.16897253251162264,-0.03094549103605909,1.0,-43.767508126338065
-0.1716372867699532,-0.03094549103605909,1.0,-44.4470265130852
-0.17430206475719684,-0.03094549103605909,1.0,-45.12655067736192
-0.1769668654014193,-0.03094549103605909,1.0,-46.31357081437156
-0.18162184633086886,-0.03094549103605909,1.0,-46.99308853566854
-0.18428662170850407,-0.03094549103605909,1.0,-47.67261174490379
-0.18695141860746584,-0.03094549103605909,1.0,-48.35214021070094
-0.18961623612039583,-0.03094549103605909,1.0,-49.031673714508365
-0.19228107339022887,-0.03094549103605909,1.0,-49.66271891338978
-0.1947557604446658,-0.03094549103605909,1.0,-50.34207388807908
-0.19741989760031015,-0.03094549103605909,1.0,-51.02143832499286
-0.2000840718627171,-0.03094549103605909,1.0,-51.700811851121536
-0.20274828176910406,-0.03094549103605909,1.0,-52.38019411280256
-0.20541252593255907,-0.03094549103605909,1.0,-53.05958477448224
-0.20807680303718526,-0.03094549103605909,1.0,-53.738983517571704
-0.21074111183361452,-0.03094549103605909,1.0,-54.41839003938838
-0.21340545113485637,-0.03094549103605909,1.0,-55.09780405217572
-0.21606981981245382,-0.03094549103605909,1.0,-55.77722528219454
-0.21873421679291977,-0.03094549103605909,1.0,-56.45665346887999
-0.22139864105443136,-0.03094549103605909,1.0,-57.13608836405851
-0.22406309162375884,-0.03094549103605909,1.0,-57.81552973122004
-0.2267275675734119,-0.03094549103605909,1.0,-58.494977344841
-0.22939206801898432,-0.03094549103605909,1.0,-59.174430989753674
-0.23205659211668106,-0.05164758838438035,1.0,-60.36157832025434
-0.23671207184413467,-0.05164758838438035,1.0,-61.54873997605019
-0.24136760774921645,-0.05164758838438035,1.0,-62.73591514390169
-0.24602319664275174,-0.05164758838438035,1.0,-63.92310307097421
-0.25067883557244786,-0.05164758838438035,1.0,-65.11030305933238
-0.2553345218013035,-0.05164758838438035,1.0,-66.29751446102625
-0.25999025278833826,-0.05164758838438035,1.0,-67.48473667369548
-0.26464602617135485,-0.05164758838438035,1.0,-68.67196913662964
-0.2693018397514888,-0.05164758838438035,1.0,-69.90765020769345
-0.2741476478733077,-0.05164758838438035,1.0,-71.0946893610035
-0.2788027033764843,-0.05164758838438035,1.0,-72.2817442656865
-0.283457820649751,-0.05164758838438035,1.0,-73.4688141582453
-0.28811299669900114,-0.05164758838438035,2.0,-72.03199410962118
-0.28247840827302423,-0.04518021424401491,1.0,-72.96751296550144
-0.2861471096686331,-0.044840185461640966,1.0,-74.00340695754404
-0.29020943904919233,-0.044840185461640966,1.0,-75.03930205030491
-0.2942717727462938,-0.044840185461640966,1.0,-76.07519819881948
-0.2983341105836058,-0.044840185461640966,1.0,-77.11109536053938
-0.3023964523942721,-0.044840185461640966,1.0,-78.14699349517221
-0.30645879802028314,-0.044840185461640966,1.0,-79.18289256453397
-0.31052114731189795,-0.044840185461640966,1.0,-80.21879253241305
-0.31458350012710995,-0.044840185461640966,1.0,-81.25469336444439
-0.3186458563311545,-0.044840185461640966,1.0,-82.29059502799332
-0.32270821579605224,-0.044840185461640966,1.0,-83.32649749204793
-0.32677057840018797,-0.044840185461640966,1.0,-84.36240072711954
-0.33083294402791974,-0.044840185461640966,1.0,-85.39830470515021
-0.33489531256921656,-0.044840185461640966,1.0,-85.92566814981663
-0.3369634045090848,-0.044840185461640966,1.0,-86.96157001975645
-0.3410257647833586,-0.044840185461640966,2.0,-85.88389707699969
-0.336799596380391,-0.03837281132127552,2.0,-84.96724374904814
-0.33320487744724764,-0.03270265603419309,1.0,-85.66039208952803
-0.33592310623344324,-0.0324760303575608,2.0,-83.88691924254174
-0.32896831075506566,-0.026008656217195322,1.0,-84.38662893654738
-0.3309279566139113,-0.025668627434821376,1.0,-84.9942798642735
-0.3333109014285235,-0.025668627434821376,1.0,-85.60195345833117
-0.3356939351307105,-0.025668627434821376,0.0,-88.22725658089092
-0.3459892414936899,-0.03213600157518686,2.0,-87.32717717883679
-0.3424595183483795,-0.026825635598260858,1.0,-87.85274470957422
-0.34452056748852633,-0.04973975242418057,2.0,-86.99531172798419
-0.3411580852077812,-0.0432723782838151,2.0,-85.76127685014072
-0.3363187327456499,-0.037602222996732625,1.0,-86.55271056698204
-0.33942239438032173,-0.03737559732010033,2.0,-85.47685319121656
-0.3352033458479081,-0.030908223179734868,1.0,-85.59419660934068
-0.3356635161150615,-0.03056819439736093,1.0,-86.29923888382336
-0.33842838777969947,-0.03056819439736093,1.0,-87.00437391551563
-0.3411936231981005,-0.03056819439736093,1.0,-87.70959946727268
-0.34395921359714776,-0.03056819439736093,1.0,-88.41491337304385
-0.34672515048252495,-0.03056819439736093,1.0,-89.14252658929318
-0.349578535644287,-0.03056819439736093,2.0,-87.9470686703795
-0.34489046537403717,-0.02410082025699549,1.0,-88.43127616079596
-0.3467893182776312,-0.023760791474621547,1.0,-88.98265513240655
-0.34895158875453547,-0.023760791474621547,1.0,-89.02522907363559
-0.3491185453868062,-0.023760791474621547,1.0,-89.5768055906891
-0.351281590551722,-0.023760791474621547,1.0,-90.1284974382083
-0.3534450879929737,-0.023760791474621547,1.0,-90.71322128796304
-0.3557381226978943,-0.023760791474621547,1.0,-91.2645688846328
-0.3579002701358149,-0.023760791474621547,2.0,-89.98850446469362
-0.352896095939975,-0.017293417334256104,1.0,-90.28571102964966
-0.35406161188097907,-0.01695338855188216,1.0,-90.68343264159233
-0.3556213044768327,-0.01695338855188216,1.0,-91.125355440952
-0.35735433506255687,-0.01695338855188216,1.0,-91.0147135599925
-0.3569204453333039,-0.01695338855188216,1.0,-91.41216925271817
-0.3584790951086987,-0.01695338855188216,1.0,-91.80976400818228
-0.3600382902281658,-0.01695338855188216,1.0,-92.20749602748728
-0.36159802363720506,-0.01695338855188216,1.0,-92.64937211851571
-0.36333087105300277,-0.01695338855188216,1.0,-93.04675951736888
-0.36488925300928976,-0.01695338855188216,1.0,-93.44428412739533
-0.36644817304860916,-0.01695338855188216,2.0,-92.0552717132218
-0.36100106554204625,-0.010486014411516722,1.0,-91.69145260643276
-0.3595743239467951,-0.01014598562914278,1.0,-91.99019166954815
-0.3607458496845025,-0.01014598562914278,1.0,-92.23345239837325
-0.3616998133269539,-0.01014598562914278,1.0,-92.47686847744916
-0.36265438618607515,-0.01014598562914278,1.0,-92.72043868326729
-0.3636095634637933,-0.01014598562914278,1.0,-92.96416180437102
-0.36456534040929817,-0.01014598562914278,1.0,-93.2625239883492
-0.3657353881896047,-0.01014598562914278,1.0,-93.50590317702593
-0.3666898163804938,-0.01014598562914278,1.0,-93.7494349922971
-0.3676448431070475,-0.01014598562914278,1.0,-93.99311824781739
-0.368600463716931,-0.019451655505689013,2.0,-92.48899423971879
-0.36270193819497565,-0.01298428136532357,1.0,-92.54331385703722
-0.36291495630210674,-0.012644252582949619,1.0,-93.13836998943046
-0.36524850976247236,-0.012644252582949619,1.0,-93.22789169491888
-0.36559957527419173,-0.012644252582949619,1.0,-93.38288095658751
-0.36620737630034317,-0.012644252582949619,1.0,-93.97779350541666
-0.36854036668790846,-0.012644252582949619,1.0,-94.06722038292139
-0.36889106032518193,-0.012644252582949619,1.0,-94.2225000995028
-0.36950000039020703,-0.012644252582949619,1.0,-94.81727128083753
-0.3718324363954413,-0.012644252582949619,1.0,-94.9066049566477
-0.37218276453587334,-0.012644252582949619,1.0,-94.99609765359406
-0.3725337162886042,-0.012644252582949619,2.0,-93.38062034076115
-0.3661985111402398,-0.006176878442584169,1.0,-93.29135059656704
-0.3658484337120276,-0.005836849660210219,1.0,-93.7307337973517
-0.36757150508765374,-0.005836849660210219,1.0,-93.74257691740453
-0.3676179486957041,-0.005836849660210219,1.0,-93.67741831722003
-0.36736242477341186,-0.005836849660210219,1.0,-94.11667774132512
-0.36908501075029465,-0.005836849660210219,1.0,-94.05194300564045
-0.36883114904172726,-0.005836849660210219,1.0,-94.06352138488828
-0.36887655445054224,-0.005836849660210219,1.0,-94.5026578792202
-0.37059865834988315,-0.005836849660210219,1.0,-94.43784664444993
-0.3703444966449017,-0.005836849660210219,1.0,-94.9537207813717
-0.37236753247596743,-0.005836849660210219,1.0,-94.88867376935715
-0.3721124461543418,-0.005836849660210219,1.0,-94.8237866826837
-0.37185798699091643,-0.005836849660210219,1.0,-95.33984645185558
-0.3738817507915905,-0.005836849660210219,1.0,-95.27472497717376
-0.3736263724595049,-0.005836849660210219,1.0,-95.20976267769824
-0.37337161834391464,-0.005836849660210219,1.0,-95.64933401813495
-0.37509542752209785,-0.005836849660210219,1.0,-95.66081107508323
-0.37514043558856164,-0.005836849660210219,1.0,-95.59577419395794
-0.3748853889959135,-0.005836849660210219,1.0,-96.03522373138887
-0.3766087205152505,-0.005836849660210219,1.0,-96.04693164233561
-0.37665463389151216,-0.005836849660210219,1.0,-95.98182080289384
-0.3763992972662503,-0.005836849660210219,1.0,-96.4211493525209
-0.3781221543236114,-0.005836849660210219,1.0,-96.43308626488248
-0.37816896574463715,-0.005836849660210219,1.0,-96.3679020827657
-0.37791334150104194,-0.005836849660210219,1.0,-96.80711045208625
-0.3796357272630833,-0.005836849660210219,1.0,-96.74233839407414
-0.37938171919244756,-0.002035530081260944,1.0,-96.7540176185272
-0.3794275200726557,-0.002035530081260944,1.0,-96.68891725930256
-0.3791722245462846,-0.002035530081260944,1.0,-96.62397377401254
-0.3789175442118139,-0.002035530081260944,1.0,-97.0635705528221
-0.38064145314832193,-0.002035530081260944,1.0,-97.0749937888177
-0.38068625015222624,-0.002035530081260944,1.0,-97.00997672783821
-0.38043128128563997,-0.002035530081260944,1.0,-96.9451161329298
-0.3801769260114894,-0.002035530081260944,2.0,-95.21983261550967
-0.37341110829611635,0.004431844059104507,2.0,-93.12827364558419
-0.3652089162571929,0.010101999346187157,1.0,-92.71640440651382
-0.3635937427706424,0.010328625022819456,1.0,-92.9686446477647
-0.36458292018731264,0.010328625022819456,1.0,-92.62349217813954
-0.3632293810907433,0.010328625022819456,1.0,-92.27848227553373
-0.36187640108052443,0.010328625022819456,1.0,-91.93361654503148
-0.36052398645110384,0.010328625022819456,1.0,-91.6850383274923
-0.3595491699117345,0.010328625022819456,1.0,-91.84059763357527
-0.36015920640617755,0.010328625022819456,1.0,-91.49565817489088
-0.35880650264663094,0.010328625022819456,1.0,-91.15086465959205
-0.35745437121408646,0.010328625022819456,1.0,-90.90204975514176
-0.356478626490752,0.010328625022819456,1.0,-90.55691393471476
-0.3551251526851559,0.010328625022819456,1.0,-90.21192407460886
-0.3537722512729759,0.010328625022819456,1.0,-90.36814968504234
-0.3543849007256562,0.010328625022819456,1.0,-90.1190940834592
-0.35340821209199685,0.010328625022819456,1.0,-89.77402872478312
-0.3520550146069926,0.010328625022819456,1.0,-89.42911114790071
-0.35070239665843417,0.010328625022819456,1.0,-89.08434306936067
-0.34935036497788496,0.010328625022819456,1.0,-89.33617217748343
-0.35033793010777814,0.010328625022819456,1.0,-88.9911786512658
-0.34898501431868945,0.010328625022819456,1.0,-88.64633477097989
-0.34763268537639175,0.010328625022819456,1.0,-88.39770450223277
-0.3466576647146383,0.010328625022819456,1.0,-88.05250876726609
-0.3453039559500631,0.010328625022819456,1.0,-87.70746268890389
-0.3439508340741329,0.010328625022819456,1.0,-87.86359592071273
-0.344563121257697,0.010328625022819456,1.0,-87.61471965648145
-0.3435871359077704,0.010328625022819456,1.0,-87.26959575242111
-0.34223370883302395,0.010328625022819456,1.0,-86.92462342322084
-0.3408808761694935,0.010328625022819456,1.0,-86.57980448070491
-0.3395286450223722,0.010328625022819456,1.0,-86.33110485248342
-0.3385533523626801,0.025040188512577458,1.0,-85.98592559283816
-0.33719970820720846,0.025040188512577458,1.0,-85.1400859706637
-0.33388269008103416,0.025040188512577458,1.0,-84.79508539872758
-0.3325297466616768,0.025040188512577458,1.0,-83.94927551305429
-0.32921284514923255,0.025040188512577458,1.0,-83.60445957920592
-0.32786062580080755,0.025040188512577458,1.0,-82.75868247667172
-0.324543852849693,0.025040188512577458,1.0,-82.50990638554865
-0.32356826033548486,0.025040188512577458,1.0,-81.66404491492493
-0.3202511565291174,0.025040188512577458,1.0,-81.3189049705302
-0.31889766655109886,0.025040188512577458,1.0,-80.97392760337092
-0.3175448141308664,0.025040188512577458,1.0,-80.12812243833888
-0.31422793113074066,0.025040188512577458,1.0,-79.78333901938512
-0.31287583929170637,0.025040188512577458,1.0,-78.93756869459497
-0.3095590929199803,0.025040188512577458,1.0,-78.68870874042443
-0.3085831715310762,0.025040188512577458,1.0,-77.84284916380244
-0.3052660751521664,0.025040188512577458,1.0,-77.49772652731225
-0.30391265304828335,0.025040188512577458,1.0,-76.65189764095554
-0.30059567702335505,0.025040188512577458,1.0,-76.30697475723952
-0.29924303826368437,0.025040188512577458,1.0,-75.46118011278197
-0.29592619652071367,0.025040188512577458,1.0,-75.11646438920744
-0.2945743701537547,0.025040188512577458,1.0,-74.86751204294515
-0.2935980864429222,0.025040188512577458,1.0,-74.02165456670068
-0.29028099830078696,0.025040188512577458,1.0,-73.67655103884735
-0.28892765113273466,0.025040188512577458,1.0,-72.8307261437478
-0.2856106907597953,0.025040188512577458,1.0,-72.48583332274238
-0.28425816989310737,0.025040188512577458,1.0,-71.6400449643382
-0.28094135280132626,0.025040188512577458,1.0,-71.29537108423017
-0.2795896905263928,0.025040188512577458,1.0,-70.54573080765117
-0.27664992473588695,0.025040188512577458,1.0,-70.20046131206867
-0.2752959267139948,0.025040188512577458,1.0,-69.35461056882193
-0.2719788649757723,0.025040188512577458,1.0,-69.00955857034222
-0.27062571988369505,0.025040188512577458,1.0,-68.66469917770436
-0.26927333010864457,0.025040188512577458,1.0,-67.81891790461502
-0.2659565408024118,0.025040188512577458,1.0,-67.47429064853468
-0.2646050613668026,0.025040188512577458,1.0,-66.72452642303568
-0.2616648095021007,0.025040188512577458,1.0,-66.37926963174864
-0.26031086130097514,0.025040188512577458,1.0,-65.53342184075504
-0.2569938111402158,0.052472221214174046,1.0,-64.1869069073544
-0.2517133604209977,0.052472221214174046,1.0,-63.34104238704199
-0.24839624465506663,0.052472221214174046,1.0,-61.994607511921494
-0.2431161078898882,0.052472221214174046,1.0,-60.55168431136548
-0.23745758553476656,0.052472221214174046,1.0,-59.70593548788291
-0.23414092348189378,0.052472221214174046,1.0,-58.359037325617436
-0.2288589699043821,0.052472221214174046,1.0,-57.51326967007248
-0.22554223400028425,0.052472221214174046,1.0,-56.166438047442135
-0.2202605413625182,0.052472221214174046,1.0,-54.819706924182306
-0.21497924283993058,0.052472221214174046,1.0,-53.97389229096156
-0.21166232270965318,0.052472221214174046,1.0,-52.62724221406168
-0.20638134201592817,0.052472221214174046,1.0,-51.28070910781286
-0.20110082003063864,0.052472221214174046,1.0,-50.43484648134267
-0.19778371169153988,0.052472221214174046,1.0,-49.08841322394032
-0.19250358127035422,0.052472221214174046,1.0,-47.74211783753883
-0.18722399151976013,0.052472221214174046,1.0,-46.80009064737688
-0.1835297672446152,0.052472221214174046,1.0,-45.45307308708434
-0.17824734543954646,0.052472221214174046,1.0,-44.1061690814151
-0.1729653689467259,0.052472221214174046,1.0,-43.26040016509988
-0.16964862809843093,0.052472221214174046,1.0,-41.91358479214385
-0.16436699918487785,0.052472221214174046,1.0,-40.56690630715262
-0.15908590708687304,0.052472221214174046,1.0,-39.721074884158256
-0.15576892111434612,0.052472221214174046,1.0,-38.374511812700455
-0.15048828161843314,0.052472221214174046,1.0,-37.02811706385666
-0.1452083022112026,0.052472221214174046,1.0,-36.18222197609871
-0.14189106657293613,0.052472221214174046,1.0,-34.835980727753004
-0.13661168912844315,0.052472221214174046,1.0,-33.894515171608155
-0.13291966733963984,0.052472221214174046,1.0,-32.54729467318424
-0.12763644969876173,0.052472221214174046,1.0,-31.2002171769558
-0.12235379285080705,0.052472221214174046,1.0,-30.35449890787568
-0.11903725061912032,0.052472221214174046,1.0,-29.007530660148547
-0.11375502219666096,0.052472221214174046,1.0,-27.66074828293873
-0.1084735226781911,0.052472221214174046,1.0,-26.814937606575242
-0.10515661806500096,0.052472221214174046,1.0,-25.468315788883153
-0.09987574819169863,0.052472221214174046,1.0,-24.121945794679057
-0.09459586586148651,0.052472221214174046,1.0,-23.276038825523226
-0.09127858362950285,0.052472221214174046,1.0,-21.92991593489442
-0.08599967033291929,0.060397840644678624,1.0,-20.487594010533012
-0.08034350592365887,0.060397840644678624,1.0,-19.14022969743097
-0.07505972430365086,0.060397840644678624,1.0,-17.793094360504494
-0.06977684062942939,0.060397840644678624,1.0,-16.446244267145786
-0.06449507555743447,0.060397840644678624,1.0,-15.099755745999353
-0.05921472841568374,0.060397840644678624,1.0,-13.753734991065642
-0.05393621565123781,0.060397840644678624,1.0,-12.408334229117719
-0.04866013423183419,0.060397840644678624,1.0,-10.96513238786759
-0.043000519168108195,0.060397840644678624,1.0,-9.617448489397418
-0.037715484272146736,0.060397840644678624,1.0,-8.270153089899287
-0.03243197290156583,0.060397840644678624,1.0,-6.923472996692987
-0.02715087449683524,0.060397840644678624,1.0,-5.577853894009003
-0.02187393683925099,0.060397840644678624,1.0,-4.234307418137468
-0.016605127129950856,0.060397840644678624,1.0,-2.7969766287955564
-0.010968535799198261,0.060397840644678624,1.0,-1.4490129523679185
-0.0056824037347761504,0.060397840644678624,1.0,-0.12299728305781792
-0.0004823422865012467,0.060397840644678624,1.0,-1.2528158877334679
0.004913003481307717,0.060397840644678624,1.0,-2.6005569570542706
0.010198262576683412,0.060397840644678624,1.0,-3.9490726565381795
0.015486559437404627,0.060397840644678624,1.0,-5.297771486932958
0.020775574458560618,0.060397840644678624,1.0,-6.73848471034633
0.026425430236652274,0.060397840644678624,1.0,-8.083194857136158
0.031698803361318265,0.060397840644678624,1.0,-9.42909494737972
0.036976842930900866,0.060397840644678624,1.0,-10.7757391150853
0.0422578004513149,0.060397840644678624,1.0,-12.122879400021473
0.04754070352949597,0.060397840644678624,0.0,-11.48745996373459
0.04504886260288075,0.05393046650431317,2.0,-14.308039092906188
0.0561099572270831,0.05924083248123914,1.0,-15.831891905828265
0.06208585061109123,0.05958086126361309,1.0,-17.159674869424123
0.06729284262519263,0.05958086126361309,1.0,-18.487878660801123
0.07250148494431813,0.05958086126361309,2.0,-21.900312326915127
0.08588357775260835,0.06604823540397854,1.0,-23.47904021757099
0.09207466751988623,0.06638826418635249,1.0,-24.957827041077255
0.0978738315336363,0.06638826418635249,1.0,-26.542483962417005
0.10408817240163533,0.06638826418635249,1.0,-28.020090108335562
0.10988270630719829,0.06638826418635249,1.0,-29.49813862706003
0.11567897500807856,0.06638826418635249,1.0,-30.976566195128594
0.12147673017697488,0.06638826418635249,1.0,-32.45532101241702
0.12727576867614518,0.06638826418635249,1.0,-34.03960021176529
0.13348862828143251,0.06638826418635249,1.0,-35.517443391448374
0.1392840917311701,0.06638826418635249,1.0,-36.99562035634204
0.14508086414251778,0.06638826418635249,1.0,-38.47409263432173
0.15087879464439896,0.06638826418635249,1.0,-39.952827440821714
0.1566777546698891,0.06638826418635249,1.0,-41.53686479922121
0.1628896658792989,0.06638826418635249,1.0,-43.01485728838993
0.16868571485643108,0.06638826418635249,1.0,-44.49311739730377
0.1744828133227599,0.06638826418635249,1.0,-45.971619309285636
0.18028086003641425,0.06638826418635249,2.0,-49.65050226339431
0.19470785201331103,0.07285563832671794,1.0,-51.49407162227935
0.2019375357736445,0.0731956671090919,1.0,-53.1213638849296
0.20831907405854744,0.0731956671090919,1.0,-54.74900619230759
0.2147019850678729,0.0731956671090919,1.0,-56.49280132305914
0.22154039734532996,0.0731956671090919,2.0,-60.344834096153704
0.2366464082202106,0.07966304124945735,2.0,-64.24445155879127
0.25193902572075005,0.08533319653653999,1.0,-66.20785154186278
0.25963863349750105,0.08555982221317228,2.0,-70.64605334428286
0.2770433464481681,0.09202719635353812,2.0,-74.87218809781383
0.2936164239129954,0.09769735164062078,2.0,-79.75594460226611
0.31276841020496515,0.10450551314950066,2.0,-84.47404357089641
0.33127075910155457,0.11017566843658332,2.0,-89.69617298866775
0.3517496979947755,0.11698382994546319,2.0,-94.93625452938869
0.3722990373701517,0.12265398523254585,1.0,-97.88359111983806
0.38385722007779627,0.12288061090917814,2.0,-103.53343073451602
0.40601345386084714,0.12934798504954398,1.0,-106.86700257644918
0.41908628461352615,0.12968801383191791,1.0,-109.89822593668002
0.430973435045804,0.12968801383191791,1.0,-112.92949098043321
0.4428607489428754,0.12968801383191791,1.0,-115.96079443883332
0.45474821348562083,0.12968801383191791,2.0,-122.00621609837374
0.4784557494053872,0.13615538797228377,2.0,-128.21383988871983
0.5027993721126268,0.14182554325936642,1.0,-131.58254927987463
0.5160099971759788,0.1420521689359987,1.0,-135.10450938255752
0.5298216054217941,0.1420521689359987,1.0,-138.40617014336775
0.5427692946798734,0.1420521689359987,1.0,-141.70808597320425
0.5557179842086442,0.1420521689359987,1.0,-145.2298426015349
0.5695287945158232,0.1420521689359987,1.0,-148.5316454297482
0.5824770409009734,0.1420521689359987,1.0,-152.05355970816925
0.596288469443801,0.1420521689359987,1.0,-155.35525851253104
0.6092363078922786,0.1420521689359987,1.0,-158.65718355386795
0.6221850335445802,0.1420521689359987,1.0,-162.17891845264512
0.635995758637824,0.1420521689359987,1.0,-165.4807419362985
0.6489440860247,0.1420521689359987,1.0,-169.0026195743471
0.6627553708797926,0.1420521689359987,0.0,-168.81208816047797
0.6620081888646194,0.13558479479563285,1.0,-171.65468616387426
0.6731556320151932,0.1352447660132589,1.0,-175.01826030685245
0.6863461188504019,0.1352447660132589,1.0,-178.17166232305965
0.6987124012669006,0.1352447660132589,1.0,-181.32514418684588
0.7110789968111603,0.1352447660132589,1.0,-184.6889258803851
0.7242702975701377,0.1352447660132589,1.0,-187.8422604908098
0.7366363156502345,0.1352447660132589,1.0,-190.99567313171502
0.7490026397322158,0.1352447660132589,2.0,-198.06598152628624
0.7767293393187696,0.14171214015362477,1.0,-201.68822231052448
0.7909342051393117,0.1420521689359987,1.0,-204.9899674130911
0.8038822251493769,0.1420521689359987,1.0,-208.5119437328689
0.8176938969916427,0.1420521689359987,1.0,-211.81361433124957
0.8306416248284296,0.1420521689359987,1.0,-215.1154526552113
0.8435900104125933,0.1420521689359987,1.0,-218.6372938948478
0.857401152528815,0.1420521689359987,1.0,-221.93905887026483
0.8703492504716268,0.1420521689359987,1.0,-225.46100313979846
0.8841607966266606,0.1420521689359987,1.0,-228.76269871403585
0.8971086224079837,0.1420521689359987,1.0,-232.0645490531333
0.9100570551103268,0.1420521689359987,1.0,-235.58636926440818
0.9238681147623851,0.1420521689359987,1.0,-238.88815124040613
0.9368162793741417,0.1420521689359987,1.0,-242.41006792827486
0.9506277173657838,0.1420521689359987,1.0,-245.7117849604117
0.9635756272957321,0.1420521689359987,1.0,-249.01364565431612
0.9765241006051613,0.1420521689359987,1.0,-252.5354476570598
0.9903350888512149,0.1420521689359987,1.0,-255.8372443420639
1.0032833111453487,0.1420521689359987,1.0,-259.3591370432494
1.0170946550715663,0.1420521689359987,1.0,-262.660872709614
1.0300426380769179,0.1420521689359987,1.0,-266.18285106639354
1.0438543179074258,0.1420521689359987,1.0,-269.48452850239596
1.0568020725584157,0.1420521689359987,1.0,-272.78633803888397
1.0697503452505255,0.1420521689359987,1.0,-276.3082096885445
1.083561606621743,0.1420521689359987,1.0,-279.60996168835266
1.0965096536798145,0.1420521689359987,1.0,-283.131914432065
1.1103212330669217,0.1420521689359987,1.0,-286.43361136502006
1.123269064176549,0.1420521689359987,1.0,-289.7354322264177
1.1362173812800693,0.1420521689359987,1.0,-293.257285252046
1.1500285696158667,0.1420521689359987,1.0,-296.55905168581444
1.1629766732777036,0.1420521689359987,1.0,-300.08098169784114
1.1767881635209456,0.1420521689359987,1.0,-303.3826959068322
1.1897360623797342,0.1420521689359987,1.0,-306.68452682330656
1.2026844189149277,0.1420521689359987,1.0,-310.20636325541864
1.2164955421781123,0.1420521689359987,1.0,-313.5081425367744
1.229443696222645,0.1420521689359987,1.0,-317.0300522381996
1.243255106816469,0.1420521689359987,1.0,-320.33178186128987
1.2562030661227053,0.1420521689359987,1.0,-323.6336217652355
1.2691514579028842,0.1420521689359987,1.0,-327.1554433194517
1.2829625228213792,0.1420521689359987,1.0,-330.4572341099059
1.295910721999631,0.1420521689359987,1.0,-333.97912555459567
1.3097220609984146,0.1420521689359987,1.0,-337.28086901542775
1.3226700745703048,0.1420521689359987,1.0,-340.8028273187083
1.3364816757596405,0.1420521689359987,1.0,-344.1045251396481
1.3494295103515612,0.1420521689359987,1.0,-347.4063262995094
1.3623777501941545,0.1420521689359987,1.0,-350.9282012447999
1.3761890244894115,0.1420521689359987,1.0,-354.2299571970402
1.3891370870472166,0.1420521689359987,1.0,-357.75189618754825
1.4029486125001893,0.1420521689359987,1.0,-361.0536084686874
1.415896503798774,0.15117901359908373,1.0,-365.03555430435733
1.4315119776641463,0.15117901359908373,1.0,-368.33733793512454
1.4444601487651942,0.15117901359908373,1.0,-371.8592362008325
1.458271514513069,0.15117901359908373,1.0,-375.84120017326705
1.473887059503008,0.15117901359908373,1.0,-379.142915803902
1.4868349639368703,0.15117901359908373,1.0,-383.1248612090972
1.5024504361141067,0.15117901359908373,1.0,-386.42664476128414
1.5153986069069965,0.15117901359908373,1.0,-390.40857178865673
1.5310140070143403,0.15117901359908373,1.0,-393.930504475531
1.5448255077471802,0.15117901359908373,1.0,-397.6923291897748
1.5595777615285287,0.15117901359908373,1.0,-401.2141681614185
1.5733888947506611,0.15117901359908373,1.0,-404.7361905576552
1.5872007472849226,0.15117901359908373,1.0,-408.4978791026123
1.601952467069068,0.15117901359908373,1.0,-412.01980905264656
1.6157639570692024,0.15117901359908373,1.0,-415.78163481564087
1.6305162149632975,0.15117901359908373,1.0,-419.3034751551636
1.6443273535496612,0.15117901359908373,1.0,-423.2854260424675
1.6599428472253628,0.15117901359908373,1.0,-426.5871864266143
1.6728909271631935,0.15117901359908373,1.0,-430.569120721077
1.6885063557689297,0.15117901359908373,1.0,-433.870940592147
1.7014546689888117,0.15117901359908373,1.0,-437.8528584557262
1.7170700331597106,0.15117901359908373,1.0,-441.37473249455
1.7308813039001962,0.15117901359908373,1.0,-444.67649375943677
1.743829387291909,0.15117901359908373,1.0,-448.65842815164916
1.7594448162809773,0.15117901359908373,1.0,-452.18038409651257
1.7732564082216178,0.15117901359908373,1.0,-455.9421651252956
1.7880084906874338,0.15117901359908373,2.0,-466.62766054765274
1.8299123943045206,0.15764638773944956,2.0,-476.6969558697401
1.8693998269401573,0.1633165430265322,2.0,-488.8530218375657
1.9170706738728065,0.17012470453541206,2.0,-502.546108082995
1.9707690513058627,0.2112328804836711,1.0,-508.53319308873256
1.9942478160342454,0.21145950616030337,2.0,-610.7306766413385
