Lateral Error,Yaw Error,Action,Reward
0.0003123643825665673,-2.4685683704275905e-05,1.0,-0.23723082641166468
0.0009303169663202537,-2.4685683704275905e-05,1.0,-0.1813669463002587
-0.0007112429266676811,-2.4685683704275905e-05,1.0,-0.1752237646905632
0.0006871520183943655,-2.4685683704275905e-05,1.0,-0.2800661279069903
0.0010982985408117267,-2.4685683704275905e-05,1.0,-0.3031681471061962
-0.0011888946945341028,-2.4685683704275905e-05,1.0,-0.18412737592309092
-0.0007220681408748664,-2.4685683704275905e-05,1.0,-0.16068330807917472
0.0006301306199183322,-2.4685683704275905e-05,1.0,-0.2701460237297896
-0.0010593961714893709,-2.4685683704275905e-05,1.0,-0.11300721147366344
-0.000443165535190837,-2.4685683704275905e-05,1.0,-0.049866374838314256
0.00019555441113064414,-2.4685683704275905e-05,1.0,-0.2052485094230847
0.0008048961153846459,-2.4685683704275905e-05,1.0,-0.22207810434410266
-0.0008708945268396183,-2.4685683704275905e-05,1.0,-0.19192316297688028
-0.0007526398548112952,-2.4685683704275905e-05,1.0,-0.27253364256813295
0.0010687593826201292,-2.4685683704275905e-05,1.0,-0.319925719719701
-0.0012546106655674549,-2.4685683704275905e-05,1.0,-0.1845287209047194
-0.0007236420427636054,-2.4685683704275905e-05,1.0,-0.12519385498340402
0.0004909562940525648,-2.4685683704275905e-05,1.0,-0.21730260835705642
0.0008521670915962997,-2.4685683704275905e-05,1.0,-0.15135274305193103
-0.0005935401688311021,-2.4685683704275905e-05,1.0,-0.04827106668980047
-0.00018929830074431554,-2.4685683704275905e-05,1.0,-0.17797979861686483
0.0006979599945759404,-2.4685683704275905e-05,1.0,-0.26352376007136824
-0.0010334265100837969,-2.4685683704275905e-05,1.0,-0.21602547473700456
-0.0008471587244588414,-2.4685683704275905e-05,1.0,-0.26507339676466984
0.0010395035167241955,-2.4685683704275905e-05,1.0,-0.30613306737051943
0.0012005218328255665,-2.4685683704275905e-05,1.0,-0.19467968458479268
-0.0007634497434697752,-2.4685683704275905e-05,1.0,-0.09606898371593908
0.0003767411126115258,-2.4685683704275905e-05,1.0,-0.17459263862117383
0.0006846770142006817,-2.4685683704275905e-05,1.0,-0.19169258798639507
-0.0007517356391623336,-2.4685683704275905e-05,1.0,-0.07664795427321161
-0.000300580212836124,-2.4685683704275905e-05,1.0,-0.15788615926016536
0.0006191614088633935,-2.4685683704275905e-05,1.0,-0.3054050299029329
-0.0011976667839330702,-2.4685683704275905e-05,1.0,-0.24535868327516996
-0.0009621909148045881,-2.4685683704275905e-05,1.0,-0.23985821175412264
0.0009406204382514614,-2.4685683704275905e-05,1.0,-0.26587953769803985
0.0010426648537178033,-2.4685683704275905e-05,1.0,-0.21319212653498326
-0.0008360475550391501,-2.4685683704275905e-05,1.0,-0.08053800602211762
-0.0003158353177337946,-2.4685683704275905e-05,1.0,-0.13208379082172844
0.000517975650281288,-2.4685683704275905e-05,1.0,-0.23299316776179374
-0.0009136986971050734,-2.4685683704275905e-05,1.0,-0.11454734560151723
-0.00044920527686869506,-2.4685683704275905e-05,1.0,-0.14792106790905382
0.0005800826192511913,-2.4685683704275905e-05,1.0,-0.28383879238867366
0.0011130933034849948,-2.4685683704275905e-05,1.0,-0.2782734871613063
-0.001091268577103162,-2.4685683704275905e-05,1.0,-0.22023031193407222
-0.0008636482820944009,-2.4685683704275905e-05,1.0,-0.2266445999148139
0.0008888023526071133,-2.4685683704275905e-05,1.0,-0.23812383021910538
-0.0009338189420357074,-2.4685683704275905e-05,1.0,-0.08628362342315998
-0.00033836715067905876,-2.4685683704275905e-05,1.0,-0.09006130473256249
0.00035318158718651956,-2.4685683704275905e-05,1.0,-0.27482168152047237
-0.0010777320843940092,-2.4685683704275905e-05,1.0,-0.15514075012609993
-0.0006083950985337252,-2.4685683704275905e-05,1.0,-0.15011534848890576
0.0005886876411329638,-2.4685683704275905e-05,1.0,-0.266317203988969
0.001044381192113604,-2.4685683704275905e-05,1.0,-0.3136443149980198
-0.0012299777058745877,-2.4685683704275905e-05,1.0,-0.20777918884842847
-0.0008148203484252096,-2.4685683704275905e-05,1.0,-0.1890634635504528
0.0007414253472566776,-2.4685683704275905e-05,1.0,-0.2676871433133316
-0.0010497535031895357,-2.4685683704275905e-05,1.0,-0.11002149518748226
-0.0004314568438724795,-2.4685683704275905e-05,1.0,-0.04977270233408574
0.00019518706797680681,-2.4685683704275905e-05,1.0,-0.2068192065032465
0.0008110557117774373,-2.4685683704275905e-05,1.0,-0.1967678398303972
-0.0007716385875701852,-2.4685683704275905e-05,1.0,-0.16398160217028568
-0.00064306510655014,-2.4685683704275905e-05,1.0,-0.2549247314324049
0.000999704829146686,-2.4685683704275905e-05,1.0,-0.330438216784323
-0.001295836144252247,-2.4685683704275905e-05,1.0,-0.20382434793753343
-0.0007993111683824841,-2.4685683704275905e-05,1.0,-0.15434890443251922
0.000605289821303997,-2.4685683704275905e-05,1.0,-0.30051826457691755
-0.001178502998340853,-2.4685683704275905e-05,1.0,-0.14305931500417138
-0.0005610169215849859,-2.4685683704275905e-05,1.0,-0.02334475661418403
9.154806515366287e-05,-2.4685683704275905e-05,1.0,-0.17478059817971406
0.0006854141105086827,-2.4685683704275905e-05,1.0,-0.23888885640246765
-0.0009368190447155594,-2.4685683704275905e-05,1.0,-0.1869403282594381
-0.0007330993265076003,-2.4685683704275905e-05,1.0,-0.2504990154332211
0.000982349080130279,-2.4685683704275905e-05,1.0,-0.34864959991506334
-0.0013672533330002482,-2.4685683704275905e-05,1.0,-0.20884901431227704
-0.0008190157424010864,-2.4685683704275905e-05,1.0,-0.12491416182411327
0.0004898594581337776,-2.4685683704275905e-05,1.0,-0.19368390396728535
0.0007595447214403347,-2.4685683704275905e-05,1.0,-0.18035680827788841
-0.0007072816010897584,-2.4685683704275905e-05,1.0,-0.04810411522708457
-0.00018864358912582186,-2.4685683704275905e-05,1.0,-0.1484038520327242
0.0005819758903244086,-2.4685683704275905e-05,1.0,-0.281281995711914
-0.0011030666498506431,-2.4685683704275905e-05,1.0,-0.21611288551554592
-0.0008475015118256702,-2.4685683704275905e-05,1.0,-0.25340534178822816
0.0009937464383852083,-2.4685683704275905e-05,1.0,-0.3709784958821336
-0.0014548176309103276,-2.4685683704275905e-05,1.0,-0.22224497569774365
-0.000871548924304877,-2.4685683704275905e-05,1.0,-0.10528477489926547
-0.00041288147019319794,-2.4685683704275905e-05,1.0,-0.15066920128241482
0.000590859612872215,-2.4685683704275905e-05,1.0,-0.21975568582297478
-0.000861787003227352,-2.4685683704275905e-05,1.0,-0.08822928436084987
-0.0003459971935719603,-2.4685683704275905e-05,1.0,-0.13115075894911402
0.0005143167017612315,-2.4685683704275905e-05,1.0,-0.32384040666134883
-0.0012699623790641131,-2.4685683704275905e-05,1.0,-0.2493275851536025
-0.0009777552358964804,-2.4685683704275905e-05,1.0,-0.24750620214699656
0.0009706125574392021,-2.4685683704275905e-05,1.0,-0.25452361675089696
0.0009981318303956743,-2.4685683704275905e-05,1.0,-0.24262959453249572
-0.0009514886060097872,-2.4685683704275905e-05,1.0,-0.10132912860365324
-0.0003973691317790323,-2.4685683704275905e-05,1.0,-0.10765841467781641
0.000422189861481633,-2.4685683704275905e-05,1.0,-0.26030350955605897
-0.0010207980766904273,-2.4685683704275905e-05,1.0,-0.13021589692653718
-0.0005106505761824987,-2.4685683704275905e-05,1.0,-0.12680186246418051
0.0004972622057418843,-2.4685683704275905e-05,1.0,-0.2551970113916023
0.001000772593692558,-2.4685683704275905e-05,1.0,-0.2851755295035857
-0.0011183354098179832,-2.4685683704275905e-05,1.0,-0.5827605112421335
-0.002285335338204445,-0.05432210241969907,2.0,-0.5857750175373677
0.002297156931519089,-0.047854728279333604,2.0,-1.0786136130141344
0.004229857305937782,-0.04218457299225118,2.0,-2.068839703255066
0.008113096875510062,-0.03537641148337173,2.0,-3.3735123047426003
0.013229460018598432,-0.0297062561962893,2.0,-4.590655351151434
0.01800257000451543,-0.022898094687409856,1.0,-4.026681086194426
0.015790906220370295,-0.022558065905035913,2.0,-5.857580478788807
0.02297090383838748,-0.016090691764670467,2.0,-7.091024557438505
0.027807939440935313,-0.010420536477587816,1.0,-6.78734540737353
0.02661704081322953,-0.010193910800955518,1.0,-6.830234681748269
0.026785234046071645,-0.010193910800955518,2.0,-8.437221265112333
0.03308714221612679,-0.003726536660590068,1.0,-8.319159696421552
0.032624155672241376,-0.0033865078782161174,2.0,-10.586847304986994
0.04151704825485096,0.0030808662621493333,2.0,-12.260851141735163
0.048081769183275155,0.008751021549231984,2.0,-14.414284388978835
0.05652660544697582,0.01555918305811143,2.0,-16.37289682166262
0.064207438516324,0.02122933834519407,1.0,-17.28307887954374
0.06777677991977937,0.02145596402182636,1.0,-17.6349421398222
0.06915663584244,0.02145596402182636,1.0,-17.85303751571856
0.0700119118263473,0.02145596402182636,1.0,-18.696250024622774
0.07331862754754029,0.02145596402182636,1.0,-19.047893765319813
0.07469762260909732,0.02145596402182636,1.0,-19.26624794829442
0.07555391352272321,0.02145596402182636,1.0,-20.10942814157307
0.07886050251597282,0.02145596402182636,1.0,-20.460882563715412
0.08023875515182514,0.02145596402182636,1.0,-20.67945979091006
0.08109592074866691,0.02145596402182636,1.0,-21.522611857071762
0.0844023994394971,0.02145596402182636,1.0,-21.87390133123434
0.08578000522052681,0.02145596402182636,1.0,-22.09267277297499
0.08663793244303918,0.02145596402182636,1.0,-22.935800136259218
0.08994431425984006,0.02145596402182636,1.0,-23.286944612425994
0.09132135142127841,0.02145596402182636,1.0,-23.505886688973025
0.09217994779989422,0.02145596402182636,1.0,-24.348992184521567
0.0954862438608689,0.02145596402182636,1.0,-24.700008200140747
0.0968627772554539,0.02145596402182636,1.0,-25.41291769213195
0.09965850075345863,0.02145596402182636,1.0,-25.76218738159791
0.10102818581018788,0.02145596402182636,1.0,-26.11308879782413
0.10240426979538875,0.02145596402182636,1.0,-25.839126946041855
0.101329909592321,-0.05626507027659544,2.0,-26.211772952916316
0.10279126648202477,-0.049797696136229606,2.0,-26.84205162100649
0.10526294753335878,-0.044127540849146954,2.0,-28.104036687701736
0.1102119085792225,-0.037319379340267064,2.0,-28.53383058179467
0.11189737483056734,-0.03164922405318441,2.0,-30.0970639506731
0.11802770176734549,-0.02484106254430453,2.0,-31.47766720918781
0.12344183219289337,-0.019170907257221877,1.0,-31.135870898855003
0.12210145450531373,-0.018944281580589587,1.0,-30.538745234017174
0.11975978523143989,-0.018944281580589587,1.0,-30.129560549151865
0.11815513940843869,-0.018944281580589587,1.0,-29.53307016710612
0.11581596143963184,-0.018944281580589587,1.0,-29.123400650696126
0.1142094143164554,-0.018944281580589587,1.0,-28.71513538006432
0.11260837403946793,-0.018944281580589587,1.0,-28.117407354841635
0.11026434256800641,-0.018944281580589587,2.0,-29.885905921170604
0.11719963106341413,-0.012476907440223749,1.0,-29.734007080594203
0.11660394933566354,-0.012136878657849808,1.0,-29.28218327475775
0.1148320912735598,-0.012136878657849808,1.0,-29.029553442128147
0.11384138604756136,-0.012136878657849808,1.0,-29.049504991081513
0.11391962741600595,-0.012136878657849808,1.0,-28.795076711337632
0.112921869456226,-0.012136878657849808,1.0,-28.54215387776667
0.11193001520692811,-0.012136878657849808,1.0,-28.091156048883057
0.11016139627012964,-0.012136878657849808,1.0,-27.83784766676132
0.10916803006573066,-0.012136878657849808,1.0,-27.387345265861118
0.10740135398376909,-0.012136878657849808,1.0,-27.133632352698626
0.10640640138313187,-0.012136878657849808,1.0,-26.881531414275564
0.10541777025206103,-0.012136878657849808,1.0,-26.90047885777735
0.10549207395206803,-0.012136878657849808,1.0,-26.64643458654598
0.10449582190802345,-0.018948542018319345,2.0,-27.90913534980304
0.10944758960707075,-0.012481167877953505,1.0,-27.911971691366176
0.10945871251516148,-0.012141139095579564,1.0,-27.607918770684233
0.10826634812033031,-0.012141139095579564,1.0,-27.510061895135586
0.10788259566719838,-0.012141139095579564,1.0,-26.739514577605284
0.10486084148080503,-0.012141139095579564,2.0,-28.84052163249247
0.1131000848333038,-0.005673764955213724,2.0,-30.17634568465862
0.11833861052807301,-3.6096681310722143e-06,2.0,-32.681238703759476
0.12816172040689994,0.006804551840748814,2.0,-34.310527104787774
0.13455108668544224,0.012474707127831466,2.0,-36.67108360877723
0.14380817101481266,0.019282868636711352,2.0,-38.85521195117232
0.15237338020067576,0.02495302392379312,2.0,-41.5346190255533
0.16288085892373844,0.031761185432673006,2.0,-44.460549441204094
0.1743550958478592,0.03743134071975478,1.0,-44.863726667756225
0.1759361830108087,0.03765796639638704,1.0,-45.905616202271894
0.18002202432263487,0.03765796639638704,1.0,-46.66971861270275
0.18301850436354022,0.03765796639638704,1.0,-47.71115670637134
0.1871025753191033,0.03765796639638704,1.0,-48.47616343617512
0.19010260171049065,0.03765796639638704,1.0,-49.08921394347404
0.192506721346957,0.03765796639638704,1.0,-50.131397017442175
0.19659371379389087,0.03765796639638704,1.0,-50.89484322621437
0.19958762049495832,0.03765796639638704,1.0,-51.93660865741139
0.2036729751271035,0.03765796639638704,2.0,-54.819331239938386
0.21497776956838582,0.04412534053675285,1.0,-56.115405752682165
0.22006041471640064,0.04446536931912676,1.0,-56.89043908760598
0.22309976112786659,0.04446536931912676,1.0,-57.79885001876487
0.22666215693633282,0.04446536931912676,1.0,-58.99497616668776
0.23135284771250103,0.04446536931912676,1.0,-59.904419724235545
0.23491929303621784,0.04446536931912676,1.0,-61.80865773954179
0.24238689309624234,0.11857691018423736,0.0,-62.009842402351175
0.24317585255823992,0.11210953604387155,0.0,-62.32873157071557
0.24442639831653165,0.10643938075678978,0.0,-62.366486217938544
0.24457445575662176,0.0996312192479099,0.0,-62.45581962965154
0.2449247828613786,0.09396106396082812,0.0,-62.08572867552172
0.2434734457863597,0.08715290245194825,0.0,-62.380464012258535
0.24462927063630796,0.08148274716486559,1.0,-63.56343849809001
0.24926838626701966,0.0812561214882333,1.0,-65.5013514031974
0.2568680447184212,0.0812561214882333,1.0,-67.43929396412007
0.26446781946713754,0.0812561214882333,1.0,-69.37726369569506
0.27206770076743164,0.0812561214882333,1.0,-71.31525838286063
0.27966767993278685,0.0812561214882333,0.0,-70.80966008816813
0.277684941522228,0.07478874734786746,1.0,-72.27011624976613
0.2834122205873182,0.07444871856549352,1.0,-74.05695378922627
0.2904194266244168,0.07444871856549352,1.0,-75.84379158290187
0.29742663365843874,0.07444871856549352,0.0,-74.98676629246432
0.29406575016652675,0.06798134442512768,1.0,-76.52142356310348
0.30008401397295487,0.06764131564275375,1.0,-78.15646463405658
0.3064959397413983,0.06764131564275375,1.0,-79.79151396286001
0.31290789789356865,0.06764131564275375,1.0,-80.74854893317593
0.31666097620853306,0.06764131564275375,1.0,-82.38353350715072
0.3230726804201989,0.06764131564275375,0.0,-81.86612179295766
0.32104361487434374,0.0611739415023879,1.0,-83.04256554615483
0.3256571197888425,0.06083391272001396,1.0,-84.52484552181096
0.33146998243847436,0.06083391272001396,1.0,-85.54050655253394
0.3354529668726821,0.06083391272001396,1.0,-87.02302733713456
0.341266773871116,0.06083391272001396,1.0,-88.50558775083068
0.34708073627776737,0.06083391272001396,1.0,-89.98818583494754
0.352894846411559,0.08429288543267108,0.0,-89.61806566779111
0.35144339477565145,0.07782551129230524,0.0,-89.10955713272082
0.3494492436577287,0.07215535600522259,0.0,-87.97166984938201
0.3449869405858118,0.0653471944963427,0.0,-87.72412205774417
0.34401616493233006,0.05967703920926005,1.0,-89.05891212280761
0.34925063577571613,0.05945041353262776,1.0,-90.46063665350162
0.3547475947196142,0.05945041353262776,0.0,-89.22698475824669
0.34990974414998705,0.05298303939226192,1.0,-90.3766860463579
0.35441837665238396,0.05264301060988798,1.0,-91.62676550802988
0.35932064905109756,0.05264301060988798,1.0,-92.87684758017036
0.36422293168694264,0.05264301060988798,1.0,-94.12693215877204
0.3691252241520472,0.05264301060988798,1.0,-94.89235225926546
0.3721268716049626,0.05264301060988798,1.0,-96.14246431480011
0.3770292718227455,0.05264301060988798,1.0,-97.39257802303958
0.3819316785217238,0.05264301060988798,1.0,-98.64269332114904
0.3868340914554864,0.05264301060988798,2.0,-102.05074825848502
0.4001990127783726,0.05911038475025382,0.0,-101.6527625322795
0.39863828444031174,0.053800018773327504,2.0,-104.72090756027387
0.4106702257265642,0.05911038475025382,0.0,-104.32263996975759
0.40910839203826505,0.053800018773327504,2.0,-107.39106845700549
0.4211414449294333,0.05911038475025382,0.0,-106.50837307744611
0.4176798944213573,0.053800018773327504,2.0,-109.8930223100953
0.43095302866704044,0.05911038475025382,0.0,-109.178335526064
0.4281503353963294,0.053800018773327504,2.0,-112.08150793649158
0.4395353252411434,0.05911038475025382,0.0,-111.84830890468717
0.43862081923406737,0.053800018773327504,2.0,-114.75169549031385
0.45000664898162296,0.05911038475025382,0.0,-114.35822538409919
0.4484636289572517,0.053800018773327504,2.0,-117.42188321792821
0.46047797340364005,0.05911038475025382,0.0,-116.54366029266632
0.45703396193202483,0.053800018773327504,2.0,-120.092071107742
0.47094929846173333,0.05911038475025382,0.0,-119.21356509853693
0.4675041768570075,0.053800018773327504,2.0,-124.37487547929953
0.4877446097227433,0.1516541554838504,0.0,-125.10899792227346
0.49062352126381753,0.14634378950692406,0.0,-126.11634482858497
0.4945739012885685,0.14067363421984141,0.0,-125.9052796527654
0.4937461947167271,0.13386547271096153,0.0,-126.08645712521057
0.4944566946086689,0.12819531742387888,0.0,-126.20639626010556
0.49492704415727673,0.12138715591499918,0.0,-126.20276078798395
0.49491278740385863,0.11571700062791654,0.0,-125.65997208747697
0.4927842042646156,0.10890883911903709,0.0,-125.96604589974497
0.49398449372449005,0.10323868383195445,0.0,-125.25073622429362
0.4911793577423279,0.096430522323075,0.0,-124.86123240941869
0.48965189180164187,0.09076036703599234,0.0,-124.47396288882635
0.488133187799319,0.0839522055271129,0.0,-123.88693754170276
0.4858311276145207,0.07828205024003047,0.0,-122.81402389612845
0.48162362312207235,0.07147388873115103,0.0,-122.53498151279207
0.4805293392658513,0.06580373344406859,0.0,-121.25679842643923
0.4755168565742715,0.05899557193518915,0.0,-120.27568579553375
0.47166935606091664,0.053325416648106715,2.0,-123.76973200607105
0.48537149806302377,0.05888534896095192,0.0,-122.9101752707553
0.4820006873362953,0.053574982984025944,2.0,-126.33157983601964
0.4954179601412535,0.05888534896095192,2.0,-129.55059261751066
0.5080415396765123,0.06455550424803436,0.0,-129.18348833944157
0.5066019150566337,0.05899557193518915,2.0,-132.28010246125714
0.5187454998480672,0.06430593791211511,0.0,-131.986483355564
0.5175940523747606,0.05899557193518915,2.0,-135.08288656031965
0.5297368100404692,0.06430593791211511,0.0,-134.78948026658537
0.5285861971238641,0.05899557193518915,2.0,-140.43071809314606
0.5507086984044943,0.1501314349723006,0.0,-141.18205036081875
0.5536550994541911,0.14482106899537464,0.0,-141.70573668579397
0.555708771316839,0.13915091370829222,0.0,-141.7950084688369
0.5560588567405368,0.13234275219941272,0.0,-141.63038487196343
0.5554132740076997,0.12667259691233027,0.0,-141.57481745356404
0.5551953625629962,0.11986443540345078,0.0,-141.74477323453888
0.5558618558217211,0.11419428011636833,0.0,-141.00655578293942
0.5529668854232919,0.1073861186074889,0.0,-140.98772861263205
0.5528930533828708,0.10171596332040647,0.0,-140.13571395948466
0.5495518194489595,0.094907801811527,0.0,-139.93268917780028
0.5487556438345109,0.08923764652444453,0.0,-138.86111163557882
0.5445533789630542,0.08242948501556509,0.0,-138.54746566146855
0.543323394750857,0.07675932972848243,0.0,-137.31049978325422
0.5384725481696243,0.06995116821960298,0.0,-136.82697916035966
0.5365763888641555,0.06428101293252034,0.0,-135.42309746844208
0.5310709704644787,0.05747285142364089,2.0,-139.0632569736105
0.5453461057788646,0.06278321740056686,0.0,-137.9934180598718
0.5411506590583208,0.05747285142364089,2.0,-141.63368058988476
0.5554261983917049,0.06278321740056686,2.0,-145.45357396502592
0.5704061724118664,0.0684533726876495,0.0,-144.49416384761273
0.5666437797945597,0.06289344037480431,2.0,-148.1911077474991
0.5811415990098004,0.06820380635173028,0.0,-146.69999061266068
0.5752940808339634,-0.003398161115359306,2.0,-147.9010998698979
0.580004313215286,0.0019122048615666607,2.0,-149.78978779462028
0.5874109325279226,0.007582360148649312,2.0,-152.20705185084907
0.5968903994150944,0.014390521657528757,2.0,-154.47813841846857
0.6057966212488963,0.02006067694461141,2.0,-157.21465768776437
0.6165280693637818,0.02686883845349085,2.0,-159.8723859644303
0.6269505331938443,0.032538993740573285,2.0,-162.9716828331663
0.6391046385614365,0.03934715524945273,2.0,-166.0181694014056
0.6510516447113945,0.04501731053653516,2.0,-170.0519661347963
0.6668704554305737,0.0518254720454146,2.0,-173.46854789249377
0.6802688152646815,0.05749562733249707,2.0,-177.41794037174967
0.6957566289088223,0.06430378884137655,2.0,-181.23347248338538
0.7107194999348446,0.06997394412845902,1.0,-182.966873655886
0.7175171515917098,0.07020056980509132,1.0,-184.63334504319212
0.7240523335027141,0.07020056980509132,1.0,-186.29981898797524
0.7305875254430402,0.07020056980509132,1.0,-186.43656165748695
0.7311237712058312,-0.0010655566059736023,2.0,-188.1485269425447
0.7378373605589987,0.005401817534391869,2.0,-190.3426685383215
0.7464418374051823,0.011071972821474301,2.0,-192.6120222822316
0.7553412638518886,0.017880134330353747,2.0,-195.22961029744138
0.765606314891927,0.023550289617436177,2.0,-197.94144474773827
0.776240959795052,0.030358451126315623,2.0,-200.97615834356858
0.7881417974257592,0.03602860641339819,2.0,-204.12336176189422
0.8004837716152714,0.042836767922277634,2.0,-207.65624883503943
0.8143382307256448,0.048506923209360286,2.0,-211.3396259109826
0.8287828467097356,0.05531508471823973,2.0,-215.20116378847462
0.8439261325038221,0.06098524000532238,2.0,-219.44806620763453
0.8605806517946452,0.06779340151420182,2.0,-223.84319777162824
0.8778164618495226,0.07346355680128448,1.0,-225.70448709022534
0.8851156356479425,0.07369018247791677,1.0,-227.13301692859247
0.8907177134454607,0.07369018247791677,1.0,-228.43354020300143
0.8958178047176526,0.03568626886627378,2.0,-231.9317915690695
0.9095364375257627,0.04215364300663962,2.0,-235.2773663319245
0.9226563385565667,0.04782379829372227,2.0,-238.99767946912144
0.937245801839692,0.05463195980260216,2.0,-242.78087416250224
0.9520818594607932,0.060302115089684805,2.0,-247.63152827650418
0.9711040324568792,0.0671102765985647,2.0,-251.5556257172179
0.9864926498714427,0.07278043188564734,1.0,-253.26232316628116
0.9931855810442398,0.07300705756227964,1.0,-254.90210493098266
0.9996160977685594,0.07300705756227964,1.0,-256.5419033351063
1.006046679745515,0.07300705756227964,1.0,-258.1817180616044
1.012477325731782,0.07300705756227964,1.0,-260.00657038293036
1.019633609344825,0.07300705756227964,1.0,-261.6462980107142
1.0260639137675065,0.07300705756227964,1.0,-263.2860425260302
1.0324942844158047,0.07300705756227964,1.0,-264.92580361530497
1.0389247200600196,0.07300705756227964,1.0,-266.5655809726776
1.0453552195006963,0.07300705756227964,1.0,-268.2053742997641
1.0517857815677023,0.07300705756227964,1.0,-269.84518330543057
1.0582164051193357,0.07300705756227964,1.0,-271.4850077055743
1.0646470890414679,0.07300705756227964,1.0,-273.3097855270241
1.0718030804981336,0.07300705756227964,1.0,-274.9495273073899
1.078233440421137,0.07300705756227964,2.0,-279.7144992049884
1.0969196047254448,0.07947443170264547,2.0,-284.75408500925187
1.1166826863107917,0.08514458698972813,0.0,-283.64549680773354
1.1123352815989551,0.07958465467688257,2.0,-288.5671877333417
1.1316360303268302,0.08489502065380887,0.0,-287.3326632651215
1.126794757902437,0.07958465467688257,2.0,-292.2507686106579
1.1460814455319919,0.08489502065380887,0.0,-291.01994738441823
1.1412546956251695,0.07958465467688257,2.0,-296.1371158584223
1.1613220229742052,0.08489502065380887,2.0,-301.12498646072027
1.1808822998459618,0.09056517594089153,0.0,-300.1107749641221
1.1769049998593022,0.08500524362804596,1.0,-301.90622368914336
1.1839459752515427,0.08466521484567202,2.0,-307.5452819747523
1.206059929312754,0.09113258898603786,0.0,-306.3496476716518
1.2013711673398109,0.08582222300911155,0.0,-305.2675980894193
1.1971278356447816,0.0801520677220289,2.0,-310.01987418898887
1.2157642125058388,0.08571200003487446,0.0,-309.25992057805854
1.2127840022668963,0.08040163405794815,2.0,-313.7392284614836
1.2303499155352298,0.08571200003487446,0.0,-312.98301632389365
1.2273843777407594,0.08040163405794815,2.0,-317.66240833257893
1.2457349346375646,0.08571200003487446,0.0,-316.7062295340609
1.2419852138590624,0.08040163405794815,2.0,-321.3817965797798
1.2603207709010973,0.08571200003487446,0.0,-320.62519570183673
1.2573537086346538,0.08040163405794815,2.0,-325.3049487499828
1.2757056813724816,0.08571200003487446,0.0,-324.3483557212246
1.2719543361616652,0.08040163405794815,2.0,-329.0243693226448
1.2902916444025287,0.08571200003487446,0.0,-327.7966681189475
1.2854771298782255,0.08040163405794815,2.0,-332.9474950091695
1.305676451016351,0.08571200003487446,0.0,-331.5196619751114
1.3000771057847504,0.08040163405794815,2.0,-336.66694637513575
1.3202625348044539,0.08571200003487446,0.0,-335.24276906373944
1.3146775257401546,0.08040163405794815,0.0,-334.1392823105989
1.310350126708231,0.0747314787708655,2.0,-338.87182761860095
1.328909127916082,0.08029141108371106,0.0,-337.6973350602491
1.3243032747460748,0.07498104510678474,2.0,-342.3537435899097
1.3425637003525872,0.08029141108371106,0.0,-341.36997852368285
1.3387057981320896,0.07498104510678474,2.0,-345.8357678223355
1.3562186973424923,0.08029141108371106,0.0,-344.8546864353429
1.3523713193542857,0.07498104510678474,2.0,-349.5136533753896
1.3706417779427043,0.08029141108371106,0.0,-348.33944599249935
1.3660370431078408,0.07498104510678474,2.0,-352.9956296075841
1.3842965866964083,0.08029141108371106,0.0,-352.01216236789935
1.3804398524231347,0.07498104510678474,2.0,-356.47770969175775
1.3979518027127757,0.08029141108371106,0.0,-355.49684302940176
1.3941052667819676,0.07498104510678474,2.0,-360.15551333795537
1.4123745621096289,0.08029141108371106,0.0,-358.98157433439604
1.4077708797427297,0.07498104510678474,2.0,-363.6375459764251
1.426029592064412,0.08029141108371106,1.0,-365.74146409530925
1.4342802513541542,0.080631439866085,1.0,-367.5490512417683
1.4413688283990915,0.080631439866085,1.0,-369.55285302978973
1.4492268746266261,0.080631439866085,1.0,-371.3603657253611
1.4563151597072985,0.080631439866085,1.0,-373.1679090614008
1.46340356494667,0.080631439866085,1.0,-374.975482594808
1.4704920886070902,0.080631439866085,1.0,-376.9793285076832
1.4783503078732676,0.080631439866085,1.0,-378.7868290412538
1.4854385452598187,0.080631439866085,1.0,-380.5943597329309
1.4925269009134545,0.080631439866085,0.0,-378.491512807674
1.4842804423830354,0.07416406572571917,2.0,-383.30878856432713
1.5031717198601062,0.07947443170264547,0.0,-381.9402190926177
1.4978047807553636,0.07416406572571917,1.0,-383.3112538135771
1.503181387504224,0.07382403694334522,1.0,-384.96909111731463
1.5096827102639792,0.07382403694334522,1.0,-386.8130972711004
1.516914106945492,0.07382403694334522,0.0,-384.53781172502113
1.5079914185294947,0.06735666280297938,2.0,-389.0625734005013
1.5257355819627503,0.07266702877990569,0.0,-387.6856400227037
1.520335843226289,0.06735666280297938,2.0,-392.20900920711006
1.5380745459102354,0.07266702877990569,0.0,-390.83347649249055
1.532680299970551,0.06735666280297938,2.0,-395.35547526153294
1.5504136284766,0.07266702877990569,0.0,-393.98132093850097
1.5450247879941215,0.06735666280297938,2.0,-398.68642333231793
1.5634761699306583,0.07266702877990569,0.0,-397.3057097244753
1.5580616067626483,0.06735666280297938,2.0,-401.8328186566472
1.5758149751241066,0.07266702877990569,0.0,-400.45350162645474
1.570405888731195,0.06735666280297938,2.0,-404.9792441390335
1.5881538985844448,0.07266702877990569,0.0,-403.6013020097386
1.5827502039597594,0.06735666280297938,2.0,-408.12569908197037
1.6004929375763541,0.07266702877990569,0.0,-406.74911067741846
1.5950945516761508,0.06735666280297938,0.0,-405.0684186493008
1.5885036025462775,0.06168650751589673,0.0,-402.4013382540227
1.5780444637412656,0.05487834600701684,2.0,-406.5524717797265
1.5943234187440256,0.060188711983943155,1.0,-408.1823394592846
1.600715056703077,0.0605287407663171,0.0,-406.27074211990436
1.5932185965486443,0.054061366625951256,2.0,-410.3846821284385
1.6093516946213273,0.05937173260287757,2.0,-513.4663219316985
