Lateral Error,Yaw Error,Action,Reward
0.0013421181622149413,0.0014535634299285155,4.0,-2.0580245199946794
0.020580245199946796,0.017047019906097607,4.0,-4.304081808896307
0.043040818088963075,0.03423919462964315,4.0,-6.861859410172917
0.06861859410172917,0.05260775798214399,2.0,-7.581978224839676
0.07581978224839676,0.055343220111562494,4.0,-9.986955552281191
0.09986955552281192,0.07093667658773159,1.0,-10.503846547365843
0.10503846547365843,0.06938337625962585,1.0,-10.357711982506451
0.10357711982506453,0.06371322097254409,0.0,-8.814264257130555
0.08814264257130555,0.04662293694349881,0.0,-7.1289845981644415
0.07128984598164442,0.02943076221995327,0.0,-5.179951902049309
0.05179951902049309,0.011062198867452432,0.0,-3.1745376485539363
0.031745376485539364,-0.006129975856093112,0.0,-0.8853323593592112
0.008853323593592113,-0.024498539208593947,0.0,-1.3241536226684116
-0.013241536226684118,-0.041690713932139495,0.0,-4.007911512521767
-0.040079115125217675,-0.060059277284640326,1.0,-5.411087343452774
-0.05411087343452774,-0.06699083486135105,3.0,-5.322683242839582
-0.05322683242839582,-0.06143090254850549,3.0,-5.0988109383868965
-0.05098810938386896,-0.055760747261422834,2.0,-5.788127462071996
-0.05788127462071996,-0.05655344996433061,1.0,-7.11241822942153
-0.0711241822942153,-0.06313433559310648,0.0,-9.73042278105417
-0.09730422781054168,-0.08045582765902418,4.0,-9.60116008709914
-0.0960116008709914,-0.07347577358507386,4.0,-8.041492121518305
-0.08041492121518304,-0.05628359886152831,4.0,-6.398670385860605
-0.06398670385860605,-0.03791503550902747,2.0,-6.399110929097567
-0.06399110929097566,-0.03517957337960893,0.0,-8.518451160829429
-0.0851845116082943,-0.05077302985577806,0.0,-11.186188170946004
-0.11186188170946003,-0.0679652045793236,4.0,-10.683817445890359
-0.10683817445890358,-0.048987103804028584,0.0,-12.061790967305521
-0.12061790967305522,-0.0559671578779789,0.0,-14.773760235691682
-0.14773760235691683,-0.07315933260152445,4.0,-14.457875628985978
-0.14457875628985978,-0.0654680637660532,4.0,-12.803465724200082
-0.12803465724200083,-0.04827588904250765,4.0,-10.898862010365287
-0.10898862010365287,-0.029907325690006818,4.0,-9.106138742749293
-0.09106138742749292,-0.012715150966461274,4.0,-6.869974618944643
-0.06869974618944644,0.005653412386039562,2.0,-6.504483930233675
-0.06504483930233676,0.008388874515458068,0.0,-8.397986408920895
-0.08397986408920895,-0.007204581960711024,0.0,-10.550727946609232
-0.10550727946609233,-0.024396756684256567,0.0,-13.12188492079745
-0.1312188492079745,-0.042765320036757405,0.0,-15.49402258330588
-0.1549402258330588,-0.059957494760302946,4.0,-15.085850048365721
-0.1508585004836572,-0.052266225924831704,4.0,-13.34812519486247
-0.1334812519486247,-0.035074051201286156,0.0,-14.605192793559898
-0.14605192793559899,-0.042765320036757405,0.0,-17.233903206199717
-0.17233903206199716,-0.059957494760302946,4.0,-16.758026660671483
-0.16758026660671482,-0.052266225924831704,4.0,-15.091935313485493
-0.15091935313485494,-0.035074051201286156,4.0,-13.098029071428316
-0.13098029071428316,-0.01670548784878532,2.0,-12.839858642071906
-0.12839858642071905,-0.013970025719366782,0.0,-14.949763474172638
-0.14949763474172637,-0.02956348219553591,4.0,-14.321586402253434
-0.14321586402253433,-0.02258342812158559,4.0,-12.386399922225234
-0.12386399922225233,-0.005391253398040046,1.0,-12.686033684602904
-0.12686033684602904,-0.007424560450794288,1.0,-13.539867507076892
-0.13539867507076891,-0.01309471573787694,2.0,-13.705139424972819
-0.13705139424972818,-0.01332134141450923,2.0,-13.980584960325547
-0.13980584960325548,-0.01445392850288707,2.0,-14.129504068044065
-0.14129504068044066,-0.01445392850288707,2.0,-14.323982947587172
-0.14323982947587172,-0.015586515591264912,2.0,-14.48272388117902
-0.14482723881179022,-0.015586515591264912,2.0,-14.777887780400471
-0.14777887780400473,-0.016719102679642755,2.0,-14.768197997099392
-0.14768197997099392,-0.016719102679642755,2.0,-15.162559030807557
-0.15162559030807557,-0.017851689768020595,2.0,-15.161698415917197
-0.15161698415917196,-0.017851689768020595,2.0,-15.655876137930711
-0.1565587613793071,-0.01898427685639844,2.0,-15.665010249578025
-0.15665010249578024,-0.01898427685639844,3.0,-15.166172814836381
-0.15166172814836382,-0.012516902716032598,3.0,-14.3552119282528
-0.143552119282528,0.01711548482922669,3.0,-13.540472077799734
-0.13540472077799734,0.02392364633810656,3.0,-12.534714212382614
-0.12534714212382614,0.029593801625188328,3.0,-11.62089826923619
-0.11620898269236188,0.03640196313406822,3.0,-10.514434000234505
-0.10514434000234504,0.04207211842114998,3.0,-9.50403277610317
-0.09504032776103169,0.04888027993002987,3.0,-8.300427810168049
-0.08300427810168048,0.054550435217111636,3.0,-7.076523586701841
-0.07076523586701841,0.061358596725991525,2.0,-6.5707139512501875
-0.06570713951250187,0.06070194887059293,3.0,-5.232828144096933
-0.05232828144096933,0.06703315978078113,3.0,-4.039505955840703
-0.04039505955840703,0.0727033150678629,3.0,-2.5372839769195625
-0.025372839769195625,0.07951147657674279,3.0,-1.2436360781639602
-0.012436360781639602,0.08518163186382456,3.0,-0.3797737140893782
0.0037977371408937826,0.09198979337270445,3.0,-1.8908777552679936
0.018908777552679938,0.09765994865978621,3.0,-3.6059312076108934
0.036059312076108935,0.1044681101686661,3.0,-5.24509058349836
0.052450905834983595,0.11013826545574787,3.0,-7.211818572808047
0.07211818572808047,0.11694642696462776,3.0,-8.965075025782287
0.08965075025782288,0.12261658225170952,3.0,-11.057710009411448
0.11057710009411448,0.1294247437605894,2.0,-12.145044122010942
0.12145044122010942,0.1287680959051908,2.0,-13.322059550819
0.13322059550819002,0.1287680959051908,2.0,-14.344952650499167
0.14344952650499168,0.12763550881681296,1.0,-14.557050178352027
0.14557050178352027,0.12105462318803713,2.0,-15.756871884435348
0.15756871884435347,0.12071459440566322,2.0,-16.577001517698054
0.16577001517698053,0.11958200731728538,2.0,-17.6600343396392
0.17660034339639202,0.11958200731728538,2.0,-18.752858990837737
0.18752858990837737,0.11844942022890753,2.0,-19.689524681276957
0.19689524681276954,0.11844942022890753,2.0,-20.626895614807573
0.20626895614807572,0.1173168331405297,2.0,-21.8362945465461
0.21836294546546098,0.1173168331405297,2.0,-22.626556550224866
0.22626556550224866,0.11618424605215186,2.0,-23.68102012479744
0.2368102012479744,0.11618424605215186,2.0,-24.599641013046565
0.24599641013046564,0.115051658963774,2.0,-25.506297887321377
0.2550629788732138,0.115051658963774,2.0,-26.41539150459975
0.2641539150459975,0.11391907187539617,2.0,-27.738961544166557
0.27738961544166557,0.15224143080773533,2.0,-29.060025511512006
0.29060025511512005,0.15110884371935748,1.0,-29.29501027436199
0.2929501027436199,0.14452795809058164,0.0,-27.9526824390341
0.279526824390341,0.12720646602466396,2.0,-28.58668785789735
0.28586687857897347,0.12447100389524544,2.0,-29.551847237459295
0.29551847237459294,0.1233384168068676,2.0,-30.75379110757837
0.3075379110757837,0.1233384168068676,4.0,-34.32620183550162
0.34326201835501624,0.1389318732830367,4.0,-38.73839704857299
0.3873839704857299,0.15612404800658225,0.0,-38.89521932713757
0.38895219327137565,0.148432779171111,0.0,-37.16094463097191
0.37160944630971915,0.13124060444756547,4.0,-39.735193788557424
0.3973519378855742,0.1389318732830367,0.0,-39.87680533634512
0.3987680533634512,0.13195181920908639,0.0,-38.12201835294572
0.38122018352945725,0.11475964448554084,4.0,-40.352594584093005
0.40352594584093004,0.12245091332101209,0.0,-40.26814015318433
0.40268140153184334,0.11547085924706177,0.0,-38.6042811844822
0.386042811844822,0.09827868452351622,3.0,-39.80342320203743
0.3980342320203743,0.10031199157627047,0.0,-38.559395378103076
0.3855939537810308,0.08726279148477538,0.0,-36.82893753589201
0.36828937535892015,0.07007061676122983,3.0,-37.6534556504998
0.376534556504998,0.07210392381398407,3.0,-39.098417892151495
0.390984178921515,0.07777407910106585,0.0,-37.82519113456785
0.3782519113456785,0.06424410463677911,4.0,-39.31566565587208
0.39315665655872084,0.07122415871072943,0.0,-39.04055526472443
0.3904055526472443,0.06424410463677911,0.0,-37.1513631819602
0.371513631819602,0.047051929913233564,4.0,-38.632080573410896
0.386320805734109,0.05474319874870481,0.0,-38.15727364166235
0.38157273641662354,0.047763144674754475,0.0,-36.24011824722142
0.3624011824722142,0.03057096995120893,0.0,-34.227996304831
0.34227996304831004,0.012202406598708094,3.0,-34.45751909461573
0.3445751909461573,0.013755706926813828,0.0,-32.99022024489196
0.3299022024489196,0.0007065068353187442,0.0,-30.907716749030726
0.3090771674903073,-0.0164856678882268,4.0,-31.767874203090372
0.31767874203090374,-0.008794399052755555,4.0,-33.77106266264793
0.33771062662647927,0.00839777567078999,4.0,-36.12039930801446
0.3612039930801446,0.026766339023290824,0.0,-35.48239136637906
0.3548239136637906,0.019786284949340507,0.0,-33.39624198915339
0.33396241989153386,0.002594110225794963,3.0,-33.849495717061494
0.33849495717061495,0.004627417278549206,4.0,-35.94038272626812
0.3594038272626812,0.021948909344466895,2.0,-36.429209458993185
0.36429209458993184,0.024684371473885434,2.0,-36.75771891404676
0.3675771891404676,0.07782743726964757,2.0,-37.29029528779803
0.3729029528779803,0.07782743726964757,2.0,-37.87091482256486
0.37870914822564866,0.07669485018126973,2.0,-38.57811029091038
0.38578110290910383,0.07669485018126973,0.0,-36.94954236152978
0.3694954236152978,0.0611013937051006,0.0,-35.198990399682046
0.3519899039968205,0.04390921898155506,0.0,-33.02927493970361
0.3302927493970361,0.025540655629054346,0.0,-31.083235091543404
0.31083235091543404,0.008348480905509242,0.0,-29.09523522433519
0.2909523522433519,-0.010020082446991164,0.0,-27.01006118674329
0.2701006118674329,-0.027212257170536266,0.0,-24.722517169196763
0.24722517169196764,-0.045580820523036795,0.0,-22.30531463405594
0.2230531463405594,-0.06277299524658193,0.0,-19.86048490099911
0.19860484900999112,-0.08114155859908252,0.0,-17.437193403256032
0.1743719340325603,-0.09833373332262761,4.0,-17.22423061106795
0.1722423061106795,-0.09064246448715656,0.0,-15.705996525992386
0.15705996525992388,-0.09762251856110672,4.0,-15.638394011522006
0.15638394011522005,-0.09064246448715656,4.0,-16.645135465710627
0.16645135465710628,-0.07345028976361145,4.0,-18.00460549006281
0.18004605490062814,-0.055081726411110914,4.0,-19.425314914268295
0.19425314914268293,-0.03788955168756577,1.0,-18.887053007833238
0.18887053007833238,-0.03992285874031974,2.0,-18.523863256263837
0.18523863256263837,-0.040262887522693684,2.0,-18.063661933041985
0.18063661933041983,-0.041395474611071306,4.0,-19.39389356863899
0.19393893568638992,-0.02616938940195241,4.0,-21.167205085860115
0.21167205085860114,-0.008977214678407305,1.0,-20.866423537923417
0.20866423537923415,-0.011010521731161274,4.0,-22.271532475811494
0.22271532475811492,0.0020386783603335533,4.0,-24.423077995917275
0.24423077995917275,0.019230853083878657,2.0,-24.96751269130833
0.2496751269130833,0.021622471718826305,4.0,-27.164792383140636
0.27164792383140635,0.037215928194995286,2.0,-27.92168255421633
0.2792168255421633,0.03995139032441383,4.0,-30.155133495889586
0.30155133495889586,0.055544846800582956,4.0,-33.18667097773735
0.3318667097773735,0.0727370215241285,4.0,-36.50280219846323
0.3650280219846323,0.09110558487662933,4.0,-40.03308708176806
0.4003308708176806,0.10829775960017488,4.0,-44.26880445719668
0.4426880445719668,0.12666632295267571,4.0,-49.76919140261551
0.49769191402615515,0.20695538522378218,0.0,-50.07655713531629
0.5007655713531629,0.19926411638831096,0.0,-48.188651200856405
0.4818865120085641,0.1820719416647654,0.0,-46.05796947598178
0.46057969475981775,0.16370337831226456,4.0,-49.050484578329005
0.49050484578329,0.1706834323862149,0.0,-49.19389676651237
0.4919389676651237,0.16370337831226456,4.0,-52.18763791918961
0.5218763791918961,0.1706834323862149,0.0,-52.32998206100967
0.5232998206100967,0.16370337831226456,0.0,-50.24550557295822
0.5024550557295823,0.14651120358871902,3.0,-52.113651800072006
0.5211365180007201,0.14854451064147325,0.0,-50.84900462946421
0.5084900462946421,0.13549531054997818,1.0,-50.87879584241112
0.5087879584241113,0.12856375297326747,1.0,-50.771704306337014
0.5077170430633702,0.12175559146438757,0.0,-48.76027607811249
0.4876027607811249,0.10443409939846988,0.0,-46.81143537125735
0.46811435371257354,0.08724192467492452,0.0,-44.67749267400376
0.4467749267400376,0.06887336132242412,2.0,-44.94853437467856
0.44948534374678556,0.06613789919300557,2.0,-45.267182083120105
0.452671820831201,0.06500531210462818,2.0,-45.90980882865896
0.4590980882865896,0.06500531210462818,2.0,-46.38488703158966
0.4638488703158966,0.06387272501625077,2.0,-46.85138678220233
0.4685138678220233,0.06387272501625077,0.0,-45.1004761104317
0.451004761104317,0.048279268540081875,2.0,-45.21889822028042
0.4521889822028042,0.04554380641066334,2.0,-45.33877795448349
0.45338777954483495,0.04441121932228572,2.0,-45.803430391436734
0.45803430391436734,0.04441121932228572,2.0,-46.13166546483912
0.4613166546483912,0.0432786322339081,2.0,-46.38729948342177
0.4638729948342177,0.0432786322339081,2.0,-46.68745917391199
0.4668745917391199,0.04214604514553048,2.0,-47.13237536304054
0.4713237536304054,0.04214604514553048,4.0,-49.71767098047601
0.4971767098047601,0.057739501621699406,2.0,-50.49516856824592
0.5049516856824592,0.06047496375111795,0.0,-48.74004013043966
0.4874004013043966,0.04488150727494901,0.0,-46.94361419358636
0.46943614193586364,0.027689332551403913,0.0,-44.816081021057414
0.44816081021057413,0.009320769198903378,4.0,-45.58189475982375
0.4558189475982375,0.016300823272853586,4.0,-48.15294173102057
0.4815294173102057,0.03349299799639872,0.0,-47.36680797033755
0.47366807970337543,0.02580172916092761,0.0,-45.37393470285808
0.4537393470285808,0.008609554437382464,4.0,-46.41980350257991
0.4641980350257991,0.016300823272853586,4.0,-48.800362867567245
0.4880036286756725,0.03349299799639872,4.0,-51.63533183339264
0.5163533183339264,0.05186156134889933,4.0,-54.8688970290172
0.5486889702901719,0.06905373607244443,0.0,-54.22682801953576
0.5422682801953576,0.061362467236973375,0.0,-52.20985363768274
0.5220985363768273,0.04417029251342827,2.0,-52.55712048646228
0.5255712048646228,0.1021451666896025,0.0,-50.96583691697701
0.50965836916977,0.08655171021343358,0.0,-48.96928645248751
0.48969286452487515,0.06935953548988844,1.0,-48.53886739856484
0.4853886739856484,0.06265841830190713,3.0,-49.876871932773774
0.49876871932773775,0.06821835061475236,3.0,-51.29541581915646
0.5129541581915646,0.07388850590183485,0.0,-49.927932878941974
0.4992793287894197,0.06035853143754828,2.0,-50.083027907124126
0.5008302790712412,0.05762306930812974,1.0,-49.61780978707628
0.4961780978707628,0.05115569516776431,3.0,-50.8057832418917
0.5080578324189171,0.05646606114469027,4.0,-54.04361534612689
0.5404361534612689,0.07378755321060772,0.0,-53.641439298248976
0.5364143929824897,0.06680749913665751,0.0,-51.64421894751584
0.5164421894751584,0.049615324413112394,4.0,-53.04483430689597
0.5304483430689597,0.05730659324858353,0.0,-52.571583832429894
0.525715838324299,0.05032653917463332,4.0,-54.089830555258764
0.5408983055525877,0.05730659324858353,0.0,-53.602391586958255
0.5360239158695825,0.05032653917463332,0.0,-51.62641390946557
0.5162641390946556,0.03313436445108822,3.0,-52.06239021344992
0.5206239021344993,0.03516767150384219,4.0,-54.919342654134915
0.5491934265413492,0.052489163569759696,0.0,-54.408777750805974
0.5440877775080597,0.04550910949580947,0.0,-52.43783851279058
0.5243783851279058,0.028316934772264366,1.0,-51.77161769068596
0.5177161769068596,0.021615817584282895,4.0,-53.624789023311905
0.536247890233119,0.035145792048569394,1.0,-53.754152548500414
0.5375415254850042,0.033592491720463906,1.0,-53.24632282836135
0.5324632282836135,0.027922336433381253,1.0,-52.60171944963136
0.5260171944963136,0.021114174924501808,4.0,-54.57975216165957
0.5457975216165958,0.03416337501599664,0.0,-53.975591663328856
0.5397559166332886,0.027183320942046486,0.0,-51.97749233945842
0.5197749233945842,0.009991146218501385,4.0,-53.10510016787153
0.5310510016787153,0.017682415053972445,4.0,-55.44141932119835
0.5544141932119835,0.03487458977751755,0.0,-54.78121762155698
0.5478121762155699,0.027183320942046486,0.0,-52.82017232715123
0.5282017232715123,0.009991146218501385,4.0,-53.71244850022435
0.5371244850022434,0.017682415053972445,4.0,-56.24770238643775
0.5624770238643775,0.03487458977751755,0.0,-55.58686783081126
0.5558686783081126,0.027183320942046486,0.0,-53.42673395714862
0.5342673395714862,0.009991146218501385,0.0,-51.388377701022314
0.5138837770102231,-0.00837741713399909,0.0,-49.336628251907
0.49336628251907,-0.02556959185754463,0.0,-47.27237107679042
0.4727237107679042,-0.04393815521004547,4.0,-47.6451908416881
0.47645190841688095,-0.03695810113609515,4.0,-49.12600383489165
0.4912600383489165,-0.01976592641254961,0.0,-48.15661197153653
0.4815661197153653,-0.027457195248020854,0.0,-46.092277922908664
0.46092277922908664,-0.0446493699715664,2.0,-45.47758695653349
0.4547758695653349,-0.047040988606514025,2.0,-45.374816381799555
0.45374816381799554,-0.00022746315534514366,0.0,-43.47491417234201
0.43474914172342005,-0.01616563915679673,2.0,-42.93433419711286
0.42934334197112867,-0.01890110128621527,2.0,-42.669847577496924
0.4266984757749692,-0.020033688374593114,2.0,-42.44561630384556
0.4244561630384556,-0.020033688374593114,3.0,-43.022130270670466
0.43022130270670467,-0.013566314234227274,2.0,-42.86042324615604
0.4286042324615604,-0.014222962089625833,2.0,-42.68691206004809
0.4268691206004808,-0.014222962089625833,2.0,-42.46101847673748
0.4246101847673748,-0.015355549178003674,2.0,-42.4590072781233
0.424590072781233,-0.015355549178003674,2.0,-41.957797033378206
0.4195779703337821,-0.016488136266381518,3.0,-42.64054779614291
0.42640547796142914,-0.010156925356193275,4.0,-44.67202965647307
0.4467202965647307,0.007164566709724413,4.0,-46.975387856657385
0.46975387856657386,0.024356741433269956,0.0,-46.176183364478916
0.4617618336447892,0.01666547259779871,0.0,-44.11263284083216
0.44112632840832167,-0.0005267021257468327,4.0,-45.14874368026619
0.45148743680266196,0.007164566709724413,3.0,-46.03392186064724
0.4603392186064724,0.014096124286435134,0.0,-44.3796912379538
0.443796912379538,0.0005661498221483791,3.0,-44.69191177500263
0.4469191177500263,0.0021194501502541136,0.0,-43.174751882666826
0.43174751882666823,-0.010929749941240971,3.0,-43.11992751591369
0.43119927515913686,-0.009376449613135236,3.0,-43.80254436022749
0.4380254436022749,-0.003706294326052585,3.0,-44.609374374953575
0.44609374374953575,0.0031018671828273014,0.0,-43.09581027581905
0.43095810275819046,-0.009947332908667783,0.0,-41.1081632410133
0.41108163241013307,-0.027139507632213327,1.0,-40.02679784465612
0.4002679784465612,-0.033840624820194794,0.0,-38.09885490211318
0.38098854902113183,-0.05093090884924004,0.0,-35.83666099820925
0.35836660998209247,-0.06812308357278558,0.0,-33.51573632183112
0.3351573632183112,-0.08649164692528642,3.0,-32.80640281754333
0.3280640281754333,-0.08493834659718069,0.0,-30.90286308449443
0.3090286308449443,-0.09798754668867578,0.0,-28.547697470665195
0.28547697470665195,-0.11517972141222131,2.0,-27.220319096795983
0.2722031909679598,-0.11757134004716892,0.0,-24.86693786525536
0.24866937865255362,-0.133164796523338,4.0,-24.20955737396755
0.2420955737396755,-0.12618474244938768,3.0,-23.794466937132256
0.23794466937132258,-0.11925318487267766,4.0,-24.285077890311864
0.24285077890311862,-0.1021629008436324,4.0,-25.01304450431554
0.2501304450431554,-0.08497072612008685,3.0,-24.84176575824452
0.2484176575824452,-0.07826960893210612,0.0,-22.952481733940733
0.22952481733940733,-0.09179958339639285,0.0,-20.384277020778583
0.20384277020778585,-0.07784252251394323,3.0,-19.931655037330533
0.1993165503733053,-0.07580921546118899,0.0,-17.955731542163832
0.1795573154216383,-0.08885841555268408,0.0,-15.529353502635004
0.15529353502635004,-0.10605059027622962,0.0,-12.433232107181656
0.12433232107181655,-0.12441915362873045,3.0,-11.638413636879704
0.11638413636879705,-0.12286585330062472,3.0,-11.088578614890586
0.11088578614890587,-0.11719569801354295,3.0,-10.577807451412816
0.10577807451412817,-0.11038753650466307,4.0,-11.678262866585015
0.11678262866585017,-0.09306604443874537,3.0,-11.560539130681207
0.11560539130681206,-0.08613448686203537,3.0,-11.487934269660606
0.11487934269660607,-0.07932632535315548,3.0,-11.34266034335647
0.1134266034335647,-0.07365617006607371,2.0,-10.734887448479489
0.10734887448479488,-0.0744488727689815,2.0,-10.083089838917523
0.10083089838917522,-0.0744488727689815,4.0,-11.04858655688558
0.1104858655688558,-0.05885541629281241,2.0,-10.878156078614893
0.10878156078614894,-0.0561199541633939,2.0,-10.378992852840307
0.10378992852840307,-0.05725254125177174,4.0,-11.473077182227883
0.11473077182227882,-0.04202645604265267,4.0,-13.137105348405473
0.13137105348405473,-0.024834281319107122,4.0,-15.200392771292224
0.15200392771292223,-0.0064657179666062865,2.0,-15.338034185449258
0.1533803418544926,-0.003730255837187745,0.0,-13.51126337585242
0.1351126337585242,-0.01932371231335687,2.0,-12.958679252538657
0.12958679252538657,-0.022059174442775376,2.0,-12.75584613784593
0.1275584613784593,-0.02319176153115322,2.0,-12.509312501007857
0.12509312501007858,-0.02319176153115322,2.0,-12.127301806233291
0.1212730180623329,-0.02432434861953106,0.0,-10.183977270471908
0.10183977270471908,-0.040262524620982613,2.0,-9.456052148861247
0.09456052148861246,-0.04299798675040112,3.0,-9.870412881297172
0.09870412881297172,-0.03653061261003531,3.0,-10.249154265290395
0.10249154265290394,-0.030860457322953547,3.0,-10.710921168524967
0.10710921168524967,-0.02405229581407366,3.0,-11.206558642123603
0.11206558642123603,-0.018382140526991893,3.0,-11.891382456064859
0.11891382456064858,-0.011573979018112005,0.0,-10.119950010295689
0.10119950010295689,-0.02462317910960709,4.0,-10.739627322831183
0.10739627322831183,-0.017643125035656772,4.0,-12.665586121538965
0.12665586121538966,-0.00045095031211122704,3.0,-13.507427401932423
0.13507427401932423,0.024419408519705508,3.0,-14.598924064622869
0.1459892406462287,0.031227570028585394,0.0,-13.283910471561446
0.13283910471561447,0.018178369937090308,0.0,-11.281304415900697
0.11281304415900698,0.0009861952135447826,0.0,-9.19676887655563
0.0919676887655563,-0.017382368138956054,3.0,-9.18344313461681
0.09183443134616812,-0.01582906781085032,3.0,-9.753751645538282
0.09753751645538282,-0.01015891252376855,0.0,-8.073895487846608
0.08073895487846608,-0.023688886988055286,0.0,-5.843885574408891
0.05843885574408891,-0.04088106171160083,0.0,-3.3719185649595356
0.033719185649595355,-0.05924962506410167,4.0,-3.6372657925558722
0.03637265792555872,-0.05226957099015135,4.0,-5.249583487908644
0.052495834879086434,-0.035077396266605804,3.0,-5.603273677737663
0.056032736777376635,-0.02837627907862507,3.0,-6.306576777619938
0.06306576777619938,-0.02156811756974518,3.0,-6.656681475972697
0.06656681475972696,-0.01589796228266341,0.0,-4.983879529876375
0.04983879529876374,-0.02942793674695015,1.0,-3.8136010005434366
0.038136010005434366,-0.03635949432366016,1.0,-2.645311784296676
0.02645311784296676,-0.04316765583254005,3.0,-3.028635197530574
0.030286351975305742,-0.03785728985561374,3.0,-3.3495460267210833
0.03349546026721083,-0.03218713456853197,0.0,-1.4230823692557937
0.014230823692557936,-0.045717109032818705,1.0,-0.15547665589476414
0.0015547665589476414,-0.05264866660952872,1.0,-1.1571403628649006
-0.011571403628649005,-0.059456828118408606,1.0,-2.238914444179029
-0.02238914444179029,-0.06512698340549038,1.0,-3.7922365013098283
-0.03792236501309828,-0.07193514491437027,3.0,-3.6781525509974666
-0.03678152550997467,-0.06662477893744395,3.0,-3.456106849945165
-0.034561068499451654,-0.06095462365036218,3.0,-3.1969193690341675
-0.03196919369034167,-0.0541464621414823,3.0,-3.016098211739162
-0.03016098211739162,-0.048476306854400526,3.0,-2.649388899759159
-0.026493888997591586,-0.041668145345520644,3.0,-2.360822916952695
-0.02360822916952695,-0.03599799005843887,3.0,-1.763996479119441
-0.01763996479119441,-0.029189828549558986,3.0,-1.3680532870229802
-0.013680532870229804,-0.02351967326247722,3.0,-0.7855974203072902
-0.007855974203072902,-0.016711511753597332,3.0,-0.2810212505264084
-0.0028102125052640843,-0.011041356466515564,3.0,-0.41114329483441536
0.004111432948344153,-0.004233194957635678,0.0,-1.2145289107379378
-0.012145289107379378,-0.017282395049130764,3.0,-1.0683168506784437
-0.010683168506784437,-0.015729094721025027,3.0,-0.43762506088565334
-0.004376250608856534,-0.0034087765194299913,0.0,-2.170506559749016
-0.02170506559749016,-0.01693875098371673,3.0,-2.0736046222418087
-0.02073604622241809,-0.015385450655610993,3.0,-1.6153660189778762
-0.016153660189778762,-0.009715295368529225,3.0,-0.861487962432253
-0.00861487962432253,-0.002907133859649339,0.0,-2.362496018624045
-0.02362496018624045,-0.015956333951144423,3.0,-2.42131614907679
-0.024213161490767902,-0.01440303362303869,3.0,-1.9544188048616924
-0.019544188048616924,-0.008732878335956921,0.0,-3.5729477532297778
-0.03572947753229778,-0.022262852800243656,3.0,-3.570863800644268
-0.03570863800644268,-0.02070955247213792,3.0,-2.9948471222134447
-0.029948471222134447,-0.015039397185056154,3.0,-2.284575490157902
-0.02284575490157902,-0.008231235676176268,3.0,-1.7641013285578748
-0.01764101328557875,-0.0025610803890945004,3.0,-0.8924837410780883
-0.008924837410780883,0.004247081119785386,3.0,-0.16325648939848458
-0.0016325648939848458,0.009917236406867154,3.0,-0.6638528357833826
0.006638528357833825,0.01672539791574704,0.0,-0.6687448818604218
-0.006687448818604218,0.003676197824251956,3.0,-0.557395676545454
-0.00557395676545454,0.005229498152357691,3.0,-0.21175506790149368
0.0021175506790149365,0.01089965343943946,3.0,-1.1840825442418137
0.011840825442418138,0.017707814948319345,3.0,-1.9309808436898046
0.019309808436898047,0.023377970235401748,3.0,-3.0413245936833633
0.030413245936833633,0.030186131744281634,0.0,-1.7551147631342254
0.017551147631342252,0.01713693165278655,2.0,-1.4753804808172053
0.014753804808172052,0.014401469523368045,3.0,-2.461849254429702
0.024618492544297023,0.02086884366373385,2.0,-2.4762861768768647
0.024762861768768647,0.02021219580833529,2.0,-2.7398381179700824
0.027398381179700827,0.02021219580833529,2.0,-2.7839090159884265
0.027839090159884266,0.01907960871995745,2.0,-2.8599748777291745
0.028599748777291746,0.01907960871995745,2.0,-2.9742775892940125
0.029742775892940127,0.017947021631579605,2.0,-3.0403912223887963
0.030403912223887962,0.017947021631579605,2.0,-3.0699874160819136
0.030699874160819134,0.016814434543201764,2.0,-3.298317613503002
0.032983176135030025,0.016814434543201764,2.0,-3.2181844741239534
0.032181844741239536,0.015681847454823924,4.0,-5.172143319263976
0.05172143319263976,0.030907932663942997,4.0,-7.520293745391978
0.07520293745391979,0.048100107387488544,4.0,-10.284097686562738
0.10284097686562739,0.06646867073998938,0.0,-10.030510803073229
0.1003051080307323,0.0536826363095243,4.0,-11.385580956856664
0.11385580956856664,0.06066269038347462,0.0,-10.945237041689769
0.10945237041689768,0.0536826363095243,0.0,-9.355751958222418
0.09355751958222418,0.03649046158597875,4.0,-10.632454243340046
0.10632454243340046,0.04418173042145,4.0,-13.196180212206276
0.13196180212206277,0.06137390514499554,0.0,-12.675039804250803
0.12675039804250804,0.0536826363095243,0.0,-11.081126530719072
0.11081126530719072,0.03649046158597875,4.0,-12.360428615546367
0.12360428615546366,0.04418173042145,1.0,-12.534655705281473
0.12534655705281472,0.042628430093344265,1.0,-12.081385282388066
0.12081385282388066,0.03695827480626161,4.0,-14.186413221906651
0.14186413221906652,0.05048824927054837,0.0,-13.851074042470605
0.13851074042470607,0.04350819519659805,0.0,-12.004899957680903
0.12004899957680903,0.026316020473052506,4.0,-13.188029500243504
0.13188029500243503,0.03400728930852375,1.0,-13.273940541543674
0.13273940541543675,0.03245398898041802,1.0,-12.739695898319072
0.12739695898319073,0.026783833693335368,4.0,-14.741674896229423
0.14741674896229423,0.04031380815762212,0.0,-14.323233134136846
0.14323233134136845,0.033333754083671806,0.0,-12.500446564558214
0.12500446564558215,0.01614157936012626,4.0,-13.58471954392729
0.1358471954392729,0.023832848195597504,0.0,-12.856102110352417
0.12856102110352416,0.016852794121647186,4.0,-13.86026845502968
0.13860268455029678,0.023832848195597504,0.0,-13.131177243227414
0.13131177243227415,0.016852794121647186,4.0,-14.13585085052995
0.1413585085052995,0.023832848195597504,0.0,-13.676909144557108
0.1367690914455711,0.016852794121647186,0.0,-11.664470864924358
0.11664470864924356,-0.00033938060189835816,1.0,-10.916203328559156
0.10916203328559156,-0.007040497789879097,0.0,-8.651552874512998
0.08651552874512998,-0.024130781818924366,0.0,-6.412196580077085
0.06412196580077086,-0.04132295654246991,4.0,-7.068653442907138
0.07068653442907138,-0.03363168770699866,4.0,-8.73283079139416
0.08732830791394161,-0.01643951298345312,3.0,-9.4170979029292
0.09417097902929199,-0.009738395795472381,0.0,-7.73608139667438
0.0773608139667438,-0.023268370259759117,4.0,-8.357030585828538
0.08357030585828537,-0.0162883161858088,4.0,-10.20322799313453
0.1020322799313453,0.0009038585377367445,0.0,-9.482115574908764
0.09482115574908764,-0.006787410297734501,0.0,-7.370124715529589
0.07370124715529588,-0.023979585021280045,0.0,-4.868401660103787
0.04868401660103787,-0.05806736934466614,3.0,-4.475421749735465
0.04475421749735465,-0.056514069016560406,4.0,-6.080393960674835
0.06080393960674835,-0.03919257695064272,0.0,-4.860992532372136
0.04860992532372136,-0.046172631024593035,2.0,-4.056739746543497
0.040567397465434966,-0.04890809315401154,4.0,-5.641435530475088
0.056414355304750884,-0.03331463667784245,2.0,-5.509559557944673
0.05509559557944673,-0.030579174548423942,2.0,-5.203697334325584
0.05203697334325584,-0.03171176163680178,1.0,-4.067676258932183
0.040676762589321826,-0.03829264726557763,1.0,-3.148185103067261
0.031481851030672615,-0.0439628025526594,4.0,-4.364634635198757
0.04364634635198757,-0.030432828088372662,0.0,-3.2179041592287714
0.03217904159228772,-0.037412882162322976,4.0,-3.8009306635156954
0.038009306635156954,-0.030432828088372662,4.0,-5.595037556660554
0.05595037556660554,-0.013240653364827116,4.0,-7.590962608505485
0.07590962608505485,0.0051279099876737205,2.0,-7.98018883932432
0.0798018883932432,0.007863372117092262,4.0,-10.025310660037123
0.10025310660037123,0.023456828593261387,4.0,-12.355944598238144
0.12355944598238144,0.04064900331680693,3.0,-13.547404473743537
0.13547404473743535,0.047350120504788394,1.0,-13.202936268698952
0.13202936268698953,0.041790188191942836,1.0,-12.865587729262662
0.12865587729262662,0.03612003290486018,1.0,-12.348192182105782
0.12348192182105781,0.029311871395980297,1.0,-11.91496719615127
0.11914967196151269,0.023641716108897644,1.0,-11.301810185961576
0.11301810185961576,0.01683355460001776,1.0,-10.683223611573766
0.10683223611573767,0.011163399312935106,1.0,-9.970517284168494
0.09970517284168494,0.00435523780405522,1.0,-9.246424357226621
0.09246424357226621,-0.001314917483027432,1.0,-8.608898624033488
0.08608898624033487,-0.008123078991907319,2.0,-8.41943315984867
0.08419433159848669,-0.008463107774281225,1.0,-7.492954448885197
0.07492954448885196,-0.014930481914647029,1.0,-6.881561152310377
0.06881561152310377,-0.0206006372017288,1.0,-5.810778252201338
0.05810778252201339,-0.027408798710608685,1.0,-4.819840653070166
0.04819840653070166,-0.03307895399769045,1.0,-3.808683225855324
0.038086832258553235,-0.039887115506570335,2.0,-3.3529500088885964
0.033529500088885965,-0.04022714428894424,1.0,-2.3222941127868753
0.023222941127868754,-0.04669451842931005,0.0,-0.23868039744824404
-0.0023868039744824403,-0.06401601049522773,4.0,-0.05799416895496545
0.0005799416895496545,-0.08759484105079916,4.0,-1.2341637397363208
0.012341637397363209,-0.07040266632725362,3.0,-1.515137729419801
0.01515137729419801,-0.06370154913927288,3.0,-1.7020781862007317
0.01702078186200732,-0.056893387630393,3.0,-1.8651445150160746
0.018651445150160744,-0.05122323234331123,4.0,-3.5636270120466147
0.03563627012046615,-0.03413294831426596,4.0,-5.161759490817549
0.05161759490817549,-0.016940773590720416,4.0,-7.24171334831502
0.0724171334831502,0.0014277897617804214,4.0,-9.470715880321368
0.09470715880321369,0.018619964485325966,4.0,-11.773681819598643
0.11773681819598643,0.0369885278378268,4.0,-14.324741641930567
0.14324741641930566,0.054180702561372154,4.0,-17.16338082396088
0.17163380823960878,0.07254926591387255,4.0,-20.23487054621882
0.2023487054621882,0.08974144063741765,4.0,-23.634068432258275
0.23634068432258273,0.10811000398991825,0.0,-23.50175742339607
0.23501757423396072,0.10112994991596802,0.0,-21.93240084096082
0.2193240084096082,0.08393777519242292,0.0,-20.163483758114896
0.20163483758114897,0.06556921183992252,4.0,-21.78517604557884
0.2178517604557884,0.07254926591387267,0.0,-21.396726538074475
0.21396726538074473,0.06556921183992252,4.0,-23.018097163343647
0.23018097163343648,0.07254926591387267,4.0,-26.032764562508692
0.2603276456250869,0.08974144063741778,0.0,-25.70632010705438
0.2570632010705438,0.08205017180194671,0.0,-24.0678244466727
0.24067824446672698,0.06485799707840159,4.0,-25.769747101591744
0.25769747101591745,0.07254926591387265,4.0,-28.755367236221588
0.2875536723622159,0.08974144063741775,0.0,-28.455746431748345
0.2845574643174834,0.08205017180194667,0.0,-26.857889703296905
0.26857889703296906,0.06485799707840156,4.0,-28.48764610901982
0.2848764610901982,0.07254926591387263,0.0,-28.133454025630932
0.28133454025630933,0.06556921183992248,4.0,-29.72046147575138
0.2972046147575138,0.07254926591387263,0.0,-29.366691483993467
0.2936669148399347,0.06556921183992248,0.0,-27.49799899806272
0.2749799899806272,0.04837703711637737,0.0,-25.66995006562259
0.25669950065622593,0.030008473763876574,0.0,-23.598330908249263
0.23598330908249263,0.012816299040331028,0.0,-21.57199753634208
0.21571997536342083,-0.005552264312169808,0.0,-19.43752669535199
0.19437526695351992,-0.022744439035715353,0.0,-17.243417002355127
0.17243417002355127,-0.04111300238821617,0.0,-14.809278421479666
0.14809278421479666,-0.05830517711176172,4.0,-15.178987031016673
0.15178987031016672,-0.05061390827629047,0.0,-13.952358588274782
0.13952358588274782,-0.10300210024934127,0.0,-11.195316901643341
0.11195316901643342,-0.12019427497288682,4.0,-10.969368834222454
0.10969368834222455,-0.11250300613741557,4.0,-11.659586994786746
0.11659586994786746,-0.09531083141387002,4.0,-12.956255209512621
0.1295625520951262,-0.07694226806136918,4.0,-14.128455961675861
0.14128455961675862,-0.05975009333782364,4.0,-15.730815675826303
0.15730815675826304,-0.04138152998532281,4.0,-17.219159907131708
0.1721915990713171,-0.024189355261777262,4.0,-19.23837512985147
0.1923837512985147,-0.005820791909276426,0.0,-18.418689629871388
0.18418689629871388,-0.012800845983226745,1.0,-17.460586037891606
0.17460586037891607,-0.019732403559937464,3.0,-17.955354453606468
0.1795535445360647,-0.014172471247091903,4.0,-19.95890143585426
0.19958901435854257,0.0031490208188257405,0.0,-19.151017993157335
0.19151017993157335,-0.0038310332551245332,3.0,-19.21585064518691
0.1921585064518691,-0.0022777329270187987,4.0,-21.309545983742233
0.2130954598374223,0.015043759138898553,0.0,-20.638811651510046
0.20638811651510047,0.008063705064948403,0.0,-18.62884344909555
0.1862884344909555,-0.009128469658596974,0.0,-16.327126783022972
0.16327126783022974,-0.02749703301109781,0.0,-14.245012906946656
0.14245012906946655,-0.044689207734643355,4.0,-14.730964657675646
0.14730964657675644,-0.036997938899172106,0.0,-13.614137306946159
0.13614137306946159,-0.04397799297312242,4.0,-14.019523633702116
0.14019523633702116,-0.036997938899172106,4.0,-15.55573973368557
0.1555573973368557,-0.019805764175626565,4.0,-17.629536751792138
0.17629536751792135,-0.0014372008231257282,0.0,-16.839086261068502
0.16839086261068503,-0.008417254897076046,0.0,-14.682293262354559
0.1468229326235456,-0.025609429620621592,2.0,-14.287529112929569
0.1428752911292957,-0.02800104825556922,4.0,-15.783124803844728
0.15783124803844728,-0.012407591779400094,0.0,-14.855560393652967
0.14855560393652967,-0.019387645853350413,0.0,-12.752213004463265
0.12752213004463264,-0.036579820576895954,4.0,-13.319696969298725
0.13319696969298725,-0.02888855174142471,1.0,-12.833889500129853
0.12833889500129853,-0.030441852069530446,4.0,-14.05370812106783
0.1405370812106783,-0.017392651978035363,1.0,-13.854553591625734
0.13854553591625735,-0.018945952306141097,1.0,-13.004867985119901
0.130048679851199,-0.024616107593223746,1.0,-11.718925364756874
0.11718925364756874,-0.09140795521517231,4.0,-12.29668184008737
0.12296681840087369,-0.07835875512367722,4.0,-13.719601765124523
0.13719601765124523,-0.06116658040013168,0.0,-12.160859434197782
0.12160859434197782,-0.06885784923560292,4.0,-12.330550870827405
0.12330550870827406,-0.06187779516165261,4.0,-13.882036455609763
0.13882036455609764,-0.044685620438107435,4.0,-15.578025819140013
0.15578025819140012,-0.026317057085607037,4.0,-17.3360453263836
0.173360453263836,-0.009124882362061933,4.0,-19.417423920454457
0.19417423920454457,0.009243680990438631,2.0,-19.84662193780857
0.19846621937808573,0.01197914311985717,2.0,-19.837075801359227
0.19837075801359227,0.01084655603147955,4.0,-21.761646459831304
0.21761646459831305,0.026072641240598462,0.0,-21.19160969092578
0.2119160969092578,0.01909258716664826,0.0,-19.33946539264039
0.1933946539264039,0.0019004124431031284,0.0,-17.06617879504426
0.17066178795044257,-0.016468150909397482,0.0,-14.980375992941266
0.14980375992941267,-0.033660325632942585,1.0,-13.960230369948539
0.1396023036994854,-0.04036144282092406,1.0,-12.644710950173248
0.1264471095017325,-0.04716960432980351,1.0,-11.605959007929961
0.1160595900792996,-0.05283975961688616,1.0,-10.384071193939672
0.10384071193939673,-0.059647921125765654,1.0,-9.243887230684038
0.09243887230684038,-0.0653180764128483,3.0,-9.300285360973248
0.09300285360973248,-0.05975814410000274,0.0,-7.343764832767655
0.07343764832767655,-0.07280734419149783,0.0,-4.713816080503456
0.047138160805034565,-0.08999951891504337,0.0,-1.8042443142717224
0.018042443142717225,-0.10836808226754421,2.0,-0.27936831352631925
0.0027936831352631925,-0.11110354439696275,2.0,-0.8847309387390007
-0.008847309387390007,-0.11223613148534059,2.0,-1.8414293372545871
-0.01841429337254587,-0.11223613148534059,4.0,-1.0081683286292464
-0.010081683286292465,-0.09664267500917147,4.0,-0.24275194743925332
0.002427519474392533,-0.07945050028562592,4.0,-1.773428187789203
0.01773428187789203,-0.06108193693312509,4.0,-3.2781594122230215
0.032781594122230216,-0.04388976220957993,0.0,-2.0525459824268313
0.020525459824268313,-0.05158103104505098,4.0,-2.3840222074605015
0.023840222074605014,-0.04460097697110084,4.0,-4.078019228256421
0.04078019228256421,-0.027408802247555732,4.0,-6.037062130932344
0.060370621309323434,-0.009040238895055218,4.0,-8.014008303719619
0.08014008303719619,-0.05486180731661381,4.0,-9.707485483569528
0.09707485483569528,-0.03649324396411328,0.0,-8.543747133479426
0.08543747133479426,-0.043473298038063476,2.0,-7.79201047807015
0.07792010478070151,-0.046208760167482016,2.0,-7.21898207977894
0.0721898207977894,-0.04734134725585964,2.0,-6.972523264960939
0.06972523264960939,-0.04734134725585964,4.0,-8.19790337440266
0.08197903374402661,-0.03174789077969071,4.0,-9.982598620758466
0.09982598620758466,-0.014555716056145609,4.0,-12.106924560212548
0.12106924560212548,0.0038128472963549313,4.0,-14.285800968959794
0.14285800968959794,0.021005022019900035,4.0,-16.640370197000244
0.16640370197000243,0.039373585372400474,1.0,-16.98448374267625
0.1698448374267625,0.03782028504429474,1.0,-16.513364348171137
0.16513364348171136,0.032150129757212084,1.0,-15.863130244545609
0.1586313024454561,0.025341968248332642,1.0,-15.532581418126979
0.15532581418126978,0.01967181296124999,1.0,-14.785286527533705
0.14785286527533706,0.012863651452370546,1.0,-14.123638176565938
0.1412363817656594,0.007193496165287894,1.0,-13.508377154562247
0.13508377154562248,0.0003853346564084497,1.0,-12.750847750305036
0.12750847750305036,-0.005284820630674082,1.0,-11.834496221025244
0.11834496221025244,-0.012092982139553527,1.0,-11.196961951379695
0.11196961951379696,-0.017763137426635957,1.0,-10.163589555237426
0.10163589555237426,-0.024571298935515403,1.0,-9.225597991080756
0.09225597991080756,-0.030241454222597833,1.0,-8.30401984373024
0.0830401984373024,-0.03704961573147732,1.0,-7.263799878933476
0.07263799878933476,-0.04271977101855978,1.0,-6.041692931777272
0.06041692931777272,-0.04952793252743926,1.0,-4.892797599267013
0.048927975992670125,-0.05519808781452172,1.0,-3.768442645840271
0.03768442645840271,-0.062006249323401166,1.0,-2.511091206952025
0.025110912069520246,-0.06767640461048359,1.0,-1.0675504130085705
0.010675504130085705,-0.07448456611936304,1.0,-0.30098481343114536
-0.0030098481343114533,-0.08015472140644549,1.0,-1.8768773554547677
-0.018768773554547678,-0.0869628829153249,1.0,-3.348196768865464
-0.03348196768865464,-0.09263303820240756,1.0,-5.038702279841867
-0.05038702279841867,-0.09944119971128702,1.0,-6.653953331446175
-0.06653953331446175,-0.10511135499836967,1.0,-8.500276047733156
-0.08500276047733156,-0.1119195165072491,4.0,-7.868101372190532
-0.07868101372190532,-0.09887031641575428,1.0,-8.965172279334396
-0.08965172279334396,-0.1559436932181472,4.0,-8.67754526079719
-0.0867754526079719,-0.14289449312665234,1.0,-10.264379382165501
-0.102643793821655,-0.14444779345475783,4.0,-9.863072427427115
-0.09863072427427115,-0.13139859336326293,2.0,-10.617266224911235
-0.10617266224911234,-0.1286631312338444,2.0,-12.042045330929032
-0.12042045330929033,-0.12979571832222203,1.0,-14.156798335057402
-0.14156798335057402,-0.1363766039509975,4.0,-13.675798892481021
-0.13675798892481023,-0.12332740385950255,4.0,-12.389994441444337
-0.12389994441444337,-0.10613522913595745,1.0,-13.700328884343492
-0.1370032888434349,-0.10816853618871144,1.0,-15.284376551169377
-0.15284376551169376,-0.11383869147579387,1.0,-17.269576669004255
-0.17269576669004255,-0.12064685298467331,0.0,-21.067452430257234
-0.21067452430257233,-0.13796834505059083,4.0,-21.15960768224062
-0.2115960768224062,-0.13098829097664058,0.0,-23.52687205355998
-0.2352687205355998,-0.13796834505059083,4.0,-23.817381989991336
-0.23817381989991335,-0.13098829097664058,4.0,-22.34121790820691
-0.22341217908206912,-0.11379611625309549,0.0,-24.421536197047878
-0.24421536197047877,-0.12148738508856662,0.0,-28.241126870227152
-0.2824112687022715,-0.13867955981211172,4.0,-28.428270841725848
-0.28428270841725845,-0.13098829097664058,4.0,-26.93886382180598
-0.2693886382180598,-0.11379611625309546,0.0,-29.01725682774876
-0.2901725682774876,-0.12148738508856659,4.0,-29.17572927789898
-0.2917572927789898,-0.11450733101461638,0.0,-31.187464828788677
-0.3118746482878868,-0.12148738508856659,4.0,-31.331984171233085
-0.31331984171233085,-0.11450733101461638,4.0,-29.567224686385035
-0.29567224686385035,-0.09731515629107124,0.0,-31.670845744586956
-0.31670845744586956,-0.10500642512654236,0.0,-35.3082747173986
-0.35308274717398597,-0.12219859985008746,4.0,-35.15897197401661
-0.3515897197401661,-0.11450733101461634,4.0,-33.59013828772521
-0.33590138287725213,-0.09731515629107121,0.0,-35.69673914947466
-0.3569673914947466,-0.10500642512654233,4.0,-35.53972015849489
-0.35539720158494886,-0.09802637105259211,4.0,-33.7241683203797
-0.33724168320379694,-0.08083419632904698,4.0,-31.730566973355373
-0.31730566973355373,-0.06246563297654638,0.0,-33.367243851786924
-0.3336724385178692,-0.06944568705049661,0.0,-36.47600832047195
-0.3647600832047194,-0.0866378617740417,4.0,-36.11686646243561
-0.36116866462435604,-0.0789465929385706,4.0,-34.24757155845366
-0.34247571558453654,-0.061754418215025496,4.0,-32.39444233205339
-0.32394442332053386,-0.04338585486252506,4.0,-30.590467222050883
-0.3059046722205088,-0.06658485655201102,4.0,-28.644847440576513
-0.2864484744057651,-0.04821629319951039,0.0,-29.917627051541622
-0.29917627051541623,-0.055196347273460705,0.0,-32.891517078362085
-0.3289151707836208,-0.07238852199700588,4.0,-32.416850553095145
-0.32416850553095145,-0.06469725316153482,4.0,-30.551736625361738
-0.30551736625361736,-0.047505078437989436,0.0,-32.0992460322828
-0.320992460322828,-0.055196347273460684,4.0,-31.607555557704007
-0.3160755555770401,-0.04821629319951037,4.0,-29.69396323296422
-0.29693963232964216,-0.031024118475964823,0.0,-31.055699027530444
-0.3105569902753044,-0.03871538731143607,0.0,-33.597220566170684
-0.3359722056617068,-0.05590756203498161,4.0,-33.0240716938936
-0.33024071693893603,-0.04821629319951037,4.0,-31.294644784962983
-0.3129464478496298,-0.031024118475964823,0.0,-32.47019674811905
-0.3247019674811905,-0.03871538731143607,0.0,-35.207969188270766
-0.35207969188270766,-0.05590756203498161,4.0,-34.63282461795036
-0.34632824617950364,-0.04821629319951037,0.0,-35.90749205785917
-0.3590749205785917,-0.055196347273460684,0.0,-39.02843542281939
-0.3902843542281939,-0.07238852199700586,4.0,-38.553829591056385
-0.3855382959105638,-0.06469725316153481,4.0,-36.595480356496
-0.36595480356495996,-0.04750507843798942,0.0,-38.089141754308834
-0.3808914175430883,-0.055196347273460664,0.0,-41.01456204681655
-0.41014562046816555,-0.07238852199700585,4.0,-40.541498268388985
-0.40541498268388987,-0.0646972531615348,4.0,-38.77516573532555
-0.3877516573532555,-0.0475050784379894,2.0,-38.82262399403572
-0.3882262399403572,-0.045113459803041774,4.0,-37.152171658550635
-0.37152171658550637,-0.029520003326872647,2.0,-37.022484013209336
-0.37022484013209334,-0.026784541197454107,2.0,-37.39688471926949
-0.37396884719269485,-0.027917128285831948,4.0,-35.65426743426327
-0.35654267434263265,-0.012691043076712838,4.0,-33.69769338736074
-0.3369769338736074,0.0045011316468327065,2.0,-33.26479798038753
-0.3326479798038753,0.0068927502817803365,2.0,-33.33674987813479
-0.33336749878134786,0.005760163193402495,2.0,-33.369558928527525
-0.3336955892852752,0.005760163193402495,2.0,-33.45136752216831
-0.3345136752216831,0.004627576105024653,2.0,-33.406855520273275
-0.33406855520273276,0.004627576105024653,4.0,-31.686649009474237
-0.3168664900947424,0.02022103258119378,4.0,-29.538946955014808
-0.2953894695501481,0.03741320730473932,4.0,-27.083693283032645
-0.27083693283032645,0.05578177065724016,4.0,-24.856228568768174
-0.24856228568768174,0.0729739453807857,4.0,-22.421790192690633
-0.22421790192690633,0.09134250873328655,4.0,-19.925329606283253
-0.19925329606283254,0.10853468345683208,4.0,-17.193878885995773
-0.17193878885995773,0.12690324680933293,4.0,-14.202687041974219
-0.14202687041974218,0.14409542153287846,4.0,-11.091403367290907
-0.11091403367290906,0.16246398488537928,4.0,-7.847001432288251
-0.0784700143228825,0.15433084695303378,4.0,-4.391113486011873
-0.04391113486011873,0.17269941030553293,0.0,-3.3802914185369852
-0.033802914185369855,0.1657193562315833,0.0,-3.9717579380449153
-0.039717579380449154,0.14852718150803773,4.0,-1.528863732321988
-0.01528863732321988,0.15621845034350884,0.0,-1.0071191695595703
-0.010071191695595703,0.14923839626955862,0.0,-1.5260040930282566
-0.015260040930282565,0.1320462215460131,0.0,-2.615283216398046
-0.026152832163980462,0.11367765819351225,0.0,-3.5849637328455075
-0.03584963732845507,0.09648548346996672,4.0,-1.8966329649702969
-0.01896632964970297,0.10417675230543795,4.0,-1.1798666888366325
0.011798666888366324,0.1213689270289835,0.0,-1.4311441035133248
0.014311441035133248,0.11367765819351225,0.0,-0.29514969207990316
0.0029514969207990313,0.09648548346996672,4.0,-2.1280570592254926
0.021280570592254924,0.10417675230543795,0.0,-2.1733940778561465
0.021733940778561466,0.09719669823148763,0.0,-1.0437323675157981
0.010437323675157982,0.0800045235079421,3.0,-1.9212102547290522
0.01921210254729052,0.08203783056069633,3.0,-3.411224431699766
0.03411224431699766,0.0877079858477781,3.0,-4.95118368015577
0.0495118368015577,0.09451614735665799,0.0,-4.169377403723124
0.04169377403723124,0.0814669472651629,2.0,-4.6312416743061355
0.04631241674306135,0.0787314851357444,4.0,-7.282044856421931
0.0728204485642193,0.09432494161191349,4.0,-10.284239270013288
0.10284239270013287,0.11151711633545904,0.0,-10.301377034853745
0.10301377034853745,0.10382584749998779,0.0,-9.070414133238305
0.09070414133238305,0.08663367277644224,1.0,-8.966821596274489
0.08966821596274488,0.0799325555884615,3.0,-10.420096583066023
0.10420096583066023,0.08549248790130705,0.0,-9.571721838193758
0.09571721838193759,0.07244328780981196,0.0,-7.977617364536242
0.07977617364536241,0.05525111308626642,0.0,-6.1182920835122045
0.06118292083512204,0.036882549733765584,0.0,-4.3790974876624436
0.043790974876624436,0.019690375010220043,0.0,-2.3652408502129174
0.023652408502129175,0.0013218116577192057,0.0,-0.2659483197158736
0.002659483197158736,-0.01587036306582634,0.0,-2.1313143745732455
-0.021313143745732455,-0.034238926418327174,2.0,-2.8104611750092494
-0.028104611750092497,-0.036974388547745714,3.0,-2.2160020062301746
-0.022160020062301746,-0.030507014407379875,4.0,-0.44206364451313307
-0.004420636445131331,-0.01318552234146219,4.0,-1.4717962716742385
0.014717962716742385,-0.008969459237216615,4.0,-3.506991101536681
0.035069911015366814,0.00939910411528422,4.0,-5.6822877491584265
0.05682287749158427,0.026591278838829766,2.0,-6.281381283808494
0.06281381283808493,0.028982897473777358,4.0,-8.282881564702958
0.08282881564702958,0.044576353949946454,2.0,-9.20874623109323
0.09208746231093229,0.04731181607936496,2.0,-9.42583587346765
0.0942583587346765,0.046179228990987115,3.0,-10.634105589582155
0.10634105589582155,0.05251043990117532,3.0,-11.825344364491697
0.11825344364491697,0.05818059518825709,1.0,-11.603413908973923
0.11603413908973922,0.05262066287541155,1.0,-11.31844031041728
0.1131844031041728,0.046950507588329776,1.0,-10.850209337963669
0.1085020933796367,0.04014234607944989,1.0,-10.462834490425017
0.10462834490425017,0.03447219079236812,1.0,-10.052412262804683
0.10052412262804684,0.027664029283488236,1.0,-9.564544214139397
0.09564544214139398,0.02199387399640647,1.0,-8.893325034404251
0.08893325034404251,0.01518571248752658,0.0,-6.966449066750951
0.06966449066750952,-0.0021357795783911063,0.0,-4.928166916064099
0.04928166916064099,-0.01932795430193665,3.0,-4.88266669861365
0.0488266669861365,-0.017294647249182407,3.0,-5.582487397599215
0.05582487397599215,-0.011624491962100605,3.0,-6.199617713930888
0.06199617713930887,-0.004816330453220718,3.0,-6.740821528616813
0.06740821528616812,0.0008538248338610499,3.0,-7.746796537269299
0.07746796537269299,0.007661986342740936,2.0,-7.6407905580121955
0.07640790558012196,0.007005338487342342,2.0,-7.663319476810346
0.07663319476810346,0.007005338487342342,2.0,-7.659176105290799
0.07659176105290799,0.0058727513989645,2.0,-7.781562092343698
0.07781562092343698,0.0058727513989645,3.0,-8.513675063265838
0.08513675063265838,0.012340125539330305,2.0,-8.615289121768072
0.08615289121768073,0.01168347768393171,4.0,-10.514099072765637
0.10514099072765637,0.026909562893050784,4.0,-12.822428881899341
0.12822428881899342,0.04410173761659633,4.0,-15.714691333763923
0.15714691333763925,0.06247030096909716,4.0,-18.52776330494214
0.1852776330494214,0.0796624756926427,4.0,-21.695656470883982
0.21695656470883984,0.09803103904514354,4.0,-25.09828712872171
0.25098287128721714,0.11522321376868909,0.0,-25.062429054819187
0.25062429054819185,0.10753194493321784,0.0,-23.463127904460414
0.23463127904460412,0.0903397702096723,2.0,-24.01349477486514
0.2401349477486514,0.0879481515747247,1.0,-23.770607186400575
0.23770607186400575,0.0814807774343589,2.0,-24.500314538312104
0.24500314538312104,0.08114074865198499,2.0,-25.133454388727618
0.25133454388727616,0.08000816156360716,2.0,-25.75453525026466
0.2575453525026466,0.08000816156360716,2.0,-26.37807541193343
0.2637807541193343,0.0788755744752293,2.0,-26.989165861410843
0.2698916586141084,0.0788755744752293,2.0,-27.60307330528174
0.2760307330528174,0.07774298738685147,2.0,-28.20417914779926
0.2820417914779926,0.07774298738685147,2.0,-28.808426246552035
0.2880842624655203,0.07661040029847363,2.0,-29.53955414185923
0.2953955414185923,0.07661040029847363,2.0,-29.994116432746868
0.29994116432746865,0.07547781321009578,2.0,-30.71553607405398
0.3071553607405398,0.07547781321009578,0.0,-29.03162756113702
0.29031627561137024,0.0598843567339267,2.0,-29.296428864806213
0.2929642886480621,0.057148894604508185,2.0,-29.726264680753566
0.29726264680753567,0.05601630751613035,2.0,-30.133474348608615
0.30133474348608613,0.05601630751613035,2.0,-30.420584368812055
0.30420584368812054,0.054883720427752504,2.0,-30.967397759810254
0.30967397759810256,0.054883720427752504,2.0,-31.227831387254735
0.31227831387254734,0.05375113333937466,2.0,-31.76471159817002
0.3176471159817002,0.05375113333937466,2.0,-32.03358079151699
0.3203358079151699,0.05261854625099682,0.0,-30.499193531159282
0.3049919353115928,0.03668037024954527,2.0,-30.303755471652334
0.3030375547165233,0.033944908120126766,2.0,-30.533764285389932
0.3053376428538993,0.03281232103174892,2.0,-30.890321768566142
0.3089032176856614,0.03281232103174892,2.0,-30.988833623871027
0.30988833623871026,0.03167973394337108,2.0,-31.176741335171364
0.31176741335171365,0.03167973394337108,1.0,-30.706799713062605
0.30706799713062605,0.025212359803005277,1.0,-30.243613949144283
0.3024361394914428,0.01954220451592351,2.0,-30.178080241869637
0.30178080241869637,0.019315578839291237,3.0,-31.221972005447448
0.31221972005447446,0.02578295297965704,3.0,-32.28044968825464
0.3228044968825464,0.03145310826673881,1.0,-31.88063694846731
0.3188063694846731,0.025893175953893264,0.0,-29.83818137932282
0.2983818137932282,0.008571683887975579,0.0,-27.860679788680827
0.27860679788680826,-0.008620490835569967,1.0,-27.022180919523315
0.27022180919523314,-0.015321608023550705,1.0,-26.029879505002494
0.26029879505002496,-0.022129769532430593,1.0,-25.21963690669981
0.2521963690669981,-0.027799924819513242,0.0,-23.026940566760707
0.23026940566760706,-0.04489020884855851,1.0,-21.89535224807394
0.21895352248073943,-0.051821766425269235,1.0,-20.73300732861376
0.20733007328613756,-0.05862992793414912,0.0,-18.255468606178432
0.18255468606178432,-0.0759514200000668,0.0,-15.758291445848236
0.15758291445848235,-0.09314359472361235,0.0,-13.068382742588742
0.1306838274258874,-0.11151215807611284,0.0,-10.240424822254266
0.10240424822254265,-0.12870433279965793,0.0,-7.1572657242680595
0.0715726572426806,-0.14707289615215846,0.0,-3.7215666369676264
0.03721566636967626,-0.16426507087570355,0.0,-0.06505716539006774
0.0006505716539006774,-0.1826336342282041,0.0,-3.9205526288500807
-0.03920552628850081,-0.1998258089517492,4.0,-4.825653552024519
-0.0482565355202452,-0.1921345401162781,4.0,-4.486909686522903
-0.04486909686522903,-0.17494236539273295,4.0,-3.8706962763167936
-0.038706962763167936,-0.1565738020402324,4.0,-3.056425601090349
-0.03056425601090349,-0.13938162731668732,0.0,-5.423530059921645
-0.054235300599216454,-0.14707289615215846,2.0,-7.1173505932335015
-0.07117350593233501,-0.149808358281577,2.0,-8.63289129621257
-0.08632891296212569,-0.15094094536995462,3.0,-9.261450951985088
-0.09261450951985087,-0.14460973445976674,1.0,-11.410920574304203
-0.11410920574304204,-0.14992010043669274,1.0,-13.657808096711348
-0.1365780809671135,-0.15559025572377516,4.0,-13.10856344518611
-0.1310856344518611,-0.14206028125948855,1.0,-14.591332267710905
-0.14591332267710905,-0.14361358158759402,1.0,-16.761833120548324
-0.16761833120548325,-0.14928373687467644,1.0,-19.326179782632693
-0.1932617978263269,-0.15609189838355592,1.0,-21.619053794915153
-0.21619053794915155,-0.16176205367063834,1.0,-24.29695487784262
-0.2429695487784262,-0.1685702151795178,4.0,-23.716177409298567
-0.23716177409298567,-0.1555210150880229,3.0,-24.151245049728082
-0.24151245049728082,-0.14858945751131236,3.0,-24.540950322657054
-0.24540950322657054,-0.14178129600243292,3.0,-24.817758066727095
-0.24817758066727094,-0.13611114071535046,3.0,-25.1138650927843
-0.251138650927843,-0.12930297920647102,3.0,-25.526354357516002
-0.25526354357516,-0.12363282391938837,3.0,-25.56874865628016
-0.2556874865628016,-0.11682466241050891,1.0,-125.65133985789366
