Lateral Error,Yaw Error,Action,Reward
-0.004250422774866162,-0.0022782892116611293,3.0,-0.6966247345397681
0.006966247345397682,0.003114534053408187,3.0,-1.9738334806792657
0.019738334806792657,0.009041180598367555,3.0,-3.103589164675739
0.03103589164675739,0.014967827143326952,3.0,-4.484732908650078
0.044847329086500784,0.02089447368828643,2.0,-4.836288855767526
0.04836288855767525,0.021427446786489023,3.0,-5.986040892329259
0.0598604089232926,0.026820270051558386,3.0,-7.471017462997019
0.07471017462997019,0.032746916596517864,3.0,-9.03418243873803
0.09034182438738031,0.03867356314147734,3.0,-10.455840106992877
0.10455840106992878,0.04460020968643682,4.0,-14.407951708865067
0.1440795170886507,0.061495356560012676,4.0,-18.85525000463163
0.1885525000463163,0.07948285919456492,4.0,-23.43988967380153
0.23439889673801534,0.09747036182911745,4.0,-28.51065176688397
0.2851065176688397,0.11545786446366997,4.0,-33.78556876335791
0.3378556876335791,0.1334453670982225,4.0,-39.75906385901188
0.3975906385901188,0.15143286973277503,4.0,-46.131579323866816
0.46131579323866817,0.16942037236732752,4.0,-53.01882947727819
0.5301882947727818,0.18740787500188005,4.0,-60.96231108770081
0.6096231108770082,0.20539537763643256,4.0,-69.59201295876537
0.6959201295876537,0.2233828802709851,4.0,-79.39699883480881
0.7939699883480882,0.2413703829055376,2.0,-82.67760878010981
0.826776087801098,0.24297768128236547,2.0,-85.36200374121869
0.8536200374121868,0.24297768128236547,2.0,-87.9048561363253
0.879048561363253,0.24297768128236547,2.0,-90.7305799977698
0.907305799977698,0.24297768128236547,2.0,-93.41496502435824
0.9341496502435824,0.24297768128236547,2.0,-95.95782387686816
0.9595782387686815,0.24297768128236547,1.0,-96.02029977185902
0.9602029977185902,0.23758485801729678,2.0,-98.41093723579345
0.9841093723579345,0.23705188491909418,2.0,-100.90070074021256
1.0090070074021256,0.23705188491909418,2.0,-103.53454857241158
1.0353454857241158,0.23705188491909418,2.0,-105.88562456098103
1.0588562456098103,0.23705188491909418,1.0,-105.78928461904398
1.0578928461904398,0.23165906165402553,2.0,-107.99523423145348
1.079952342314535,0.2311260885558229,1.0,-107.88059011468428
1.078805901146843,0.22573326529075424,1.0,-107.3758556964309
1.073758556964309,0.21980661874579566,1.0,-106.85740709663781
1.068574070966378,0.21387997220083704,4.0,-116.76487488112839
1.1676487488112839,0.2297014882267713,1.0,-117.23757622815586
1.1723757622815587,0.22591340192550644,1.0,-116.60107518825552
1.166010751882555,0.21998675538054782,1.0,-115.95330846768663
1.1595330846768663,0.21406010883558924,1.0,-115.2941421445901
1.152941421445901,0.20813346229063065,1.0,-114.62345441860258
1.1462345441860258,0.20220681574567204,1.0,-113.94113589022653
1.1394113589022654,0.19628016920071345,1.0,-113.24708985632483
1.1324708985632483,0.19035352265575486,2.0,-114.83213724071805
1.1483213724071806,0.18982054955755226,2.0,-116.68472637518357
1.1668472637518357,0.18982054955755226,2.0,-118.65314678145074
1.1865314678145074,0.18982054955755226,2.0,-120.45847754331095
1.2045847754331096,0.18982054955755226,2.0,-122.42689161496061
1.224268916149606,0.18982054955755226,3.0,-126.8390181023089
1.2683901810230889,0.1952133728226209,3.0,-131.72495499406904
1.3172495499406902,0.2011400193675795,3.0,-136.78922053805198
1.3678922053805198,0.20706666591253808,3.0,-142.0787454762435
1.420787454762435,0.2129933124574967,3.0,-147.8795176222922
1.478795176222922,0.21891995900245528,3.0,-153.63146618249533
1.5363146618249535,0.22484660554741387,3.0,-159.75515780483786
1.5975515780483787,0.23077325209237246,3.0,-166.12309316219745
1.6612309316219744,0.23669989863733107,1.0,-165.30933275003574
1.6530933275003572,0.23184004847046502,1.0,-164.00923982626747
1.6400923982626747,0.22591340192550644,1.0,-162.57879438557822
1.6257879438557823,0.21998675538054782,3.0,-168.0124475857766
1.680124475857766,0.22484660554741387,3.0,-174.40301674031556
1.7440301674031555,0.23077325209237246,3.0,-181.0437388658795
1.810437388658795,0.23669989863733107,3.0,-187.7949067767956
1.8779490677679562,0.1883291284462949,3.0,-193.3911206857096
1.9339112068570963,0.1942557749912535,3.0,-199.10283769704193
1.9910283769704193,0.20018242153621207,3.0,-300.00838947722906
