Lateral Error,Yaw Error,Action,Reward
-0.027895455473003296,-0.029818943211583793,3.0,-2.201704551254566
-0.022017045512545658,-0.023351569071218353,2.0,-2.5051749211328076
-0.025051749211328078,-0.02301154028884441,2.0,-2.648212085055248
-0.02648212085055248,-0.02301154028884441,3.0,-2.0138173142194624
-0.020138173142194623,-0.01654416614847897,2.0,-2.258051575227617
-0.02258051575227617,-0.01620413736610503,2.0,-2.3419996500713136
-0.023419996500713136,-0.01620413736610503,2.0,-2.426058787323752
-0.024260587873237517,-0.01620413736610503,4.0,-0.8348064350147337
-0.008348064350147337,-0.0006106808899361075,4.0,-1.2932654176706235
0.012932654176706235,0.016581493833609007,4.0,-3.7107114456567865
0.03710711445656786,0.0349500571861096,3.0,-4.943356671661276
0.049433566716612753,0.041881614762820325,1.0,-4.478027607813749
0.04478027607813749,0.036321682449975114,3.0,-5.518001488902465
0.05518001488902465,0.04163204842690108,3.0,-6.624494219587715
0.06624494219587715,0.047302203713983734,1.0,-6.235121288913122
0.06235121288913122,0.04174227140113853,0.0,-4.5257169824838215
0.04525716982483821,0.024420779335221084,2.0,-4.460185246795877
0.044601852467958766,0.02168531720580255,1.0,-3.9169238174544314
0.03916923817454431,0.015217943065437108,0.0,-1.821918948404879
0.01821918948404879,-0.0021035490004803225,4.0,-2.673411300777111
0.02673411300777111,0.004876505073469887,3.0,-3.6248372623489984
0.03624837262348998,0.011808062650180423,4.0,-5.664165373282416
0.05664165373282416,0.028898346679225508,0.0,-5.142711940385385
0.051427119403853847,0.021918292605275277,2.0,-5.0553783357055355
0.05055378335705536,0.019182830475856744,4.0,-6.976749767271388
0.06976749767271387,0.0347762869520257,0.0,-6.504290466667804
0.06504290466667803,0.027796232878075477,4.0,-7.644218777255554
0.07644218777255554,0.0347762869520257,0.0,-7.170987106506692
0.07170987106506692,0.027796232878075477,4.0,-8.087370731922618
0.08087370731922619,0.0347762869520257,4.0,-10.61442761517556
0.10614427615175559,0.0519684616755708,3.0,-11.97700647621366
0.11977006476213661,0.05866957886355227,1.0,-11.648903553611268
0.11648903553611267,0.05310964655070707,0.0,-9.995575125679947
0.09995575125679947,0.035788154484789725,3.0,-10.539069373145754
0.10539069373145753,0.037341454812895206,3.0,-11.636233169839738
0.11636233169839738,0.04301161009997786,2.0,-11.780090557393926
0.11780090557393925,0.042218907397070495,0.0,-10.223199706259987
0.10223199706259986,0.026280731395619122,2.0,-10.17392079427176
0.1017392079427176,0.02354526926620059,2.0,-10.104316746865914
0.10104316746865913,0.02241268217782297,4.0,-12.23158722754177
0.1223158722754177,0.03763876738694187,1.0,-12.449757398100985
0.12449757398100984,0.0360854670588364,0.0,-10.658323264210596
0.10658323264210597,0.01876397499291889,1.0,-9.830111427736572
0.09830111427736572,0.011832417416208352,2.0,-9.964900749797858
0.09964900749797857,0.011605791739576064,0.0,-8.242236165172761
0.08242236165172762,-0.003987664736592841,2.0,-7.725878351306505
0.07725878351306505,-0.006723126866011378,4.0,-9.603807829263669
0.09603807829263669,0.008870329610157534,1.0,-9.570112551728236
0.09570112551728235,0.00731702928205205,3.0,-10.327704403740707
0.10327704403740708,0.012627395258978021,1.0,-9.654929412670972
0.09654929412670972,0.0073170292820520545,0.0,-7.689770210021604
0.07689770210021604,-0.010004462783865393,2.0,-7.325521324487628
0.07325521324487629,-0.012739924913283933,2.0,-6.935985490019206
0.06935985490019206,-0.013872512001661553,1.0,-6.08963278877185
0.0608963278877185,-0.020453397630437055,0.0,-3.9008668551853924
0.03900866855185393,-0.037774889696354536,4.0,-4.44013961527658
0.044401396152765796,-0.0307948356224043,0.0,-3.2171468078418064
0.032171468078418065,-0.03777488969635453,2.0,-2.605712819614498
0.02605712819614498,-0.040510351825773054,4.0,-4.1778628059021825
0.04177862805902183,-0.024916895349604104,1.0,-3.6473610030465013
0.036473610030465016,-0.026470195677709585,0.0,-1.4110518720493495
0.014110518720493495,-0.043791687743627086,4.0,-1.896712530798477
0.01896712530798477,-0.03681163366967686,4.0,-3.6882396918949665
0.036882396918949664,-0.019619458946131756,3.0,-4.186088697944609
0.04186088697944609,-0.012918341758150435,0.0,-2.527390857144322
0.02527390857144322,-0.026448316222436985,0.0,-0.2861090816820695
0.0028610908168206954,-0.04364049094598209,2.0,-0.5383350763342561
-0.005383350763342561,-0.046032109580929716,4.0,-0.989147964461587
0.009891479644615871,-0.03043865310476075,1.0,-0.6121862438786574
0.0061218624387865735,-0.03199195343286623,3.0,-1.024132017558712
0.010241320175587121,-0.026681587455940268,4.0,-2.7316280865469955
0.027316280865469954,-0.009360095390022829,1.0,-2.537815091154687
0.02537815091154687,-0.010913395718128329,0.0,-0.4260540253372994
0.004260540253372995,-0.028234887784045773,4.0,-0.8479984428632288
0.008479984428632289,-0.021254833710095563,3.0,-1.5593422987526275
0.015593422987526275,-0.014323276133385004,0.0,-0.12964691480958618
-0.0012964691480958617,-0.027853250597671558,1.0,-1.3491236174625667
-0.013491236174625668,-0.03478480817438209,4.0,-0.09097005638715358
0.0009097005638715359,-0.02125483371009551,4.0,-1.9718209820823618
0.019718209820823618,-0.004062658986550372,4.0,-4.208377443070657
0.04208377443070657,0.014305904365950159,1.0,-4.0225952362000434
0.04022595236200044,0.012752604037844676,3.0,-4.8278422432728085
0.048278422432728084,0.018062970014770648,0.0,-3.4806255633653684
0.03480625563365368,0.005013769923275751,3.0,-3.554334948163658
0.03554334948163658,0.006567070251381241,2.0,-3.5938081972396976
0.03593808197239697,0.005910422395982876,3.0,-4.465469231734401
0.04465469231734401,0.012241633306170728,2.0,-4.554707151166722
0.045547071511667224,0.011584985450772363,1.0,-3.7240635865573184
0.037240635865573184,0.005004099821996888,2.0,-3.785167741733563
0.037851677417335625,0.004664071039622949,0.0,-2.009775882556293
0.020097758825562927,-0.010929385436545962,0.0,-0.29628718095266454
-0.0029628718095266455,-0.028121560160091087,3.0,-0.2527951597898465
-0.002527951597898465,-0.02608825310733711,1.0,-1.056377636318486
-0.010563776363184861,-0.03139861908426308,2.0,-1.5150290078680106
-0.015150290078680106,-0.03173864786663702,4.0,-0.14561879220154086
0.0014561879220154085,-0.016145191390468112,3.0,-0.8960914833983853
0.008960914833983853,-0.009213633813757525,4.0,-2.9284363101953685
0.029284363101953686,0.007876650215287499,0.0,-2.0406284685180838
0.02040628468518084,0.0008965961413373006,0.0,-0.03695831223849438
0.0003695831223849438,-0.016295578582207853,2.0,-0.34623030457001014
-0.003462303045700101,-0.018687197217155484,4.0,-1.2217990227987636
0.012217990227987637,-0.0030937407409865657,3.0,-2.0938467548528514
0.020938467548528513,0.003837816835724014,3.0,-2.8073640684562906
0.028073640684562907,-0.04365143839139134,0.0,-0.8002583991308033
0.008002583991308033,-0.056700638482886236,1.0,-0.6032296752765259
-0.006032296752765259,-0.06363219605959682,3.0,-0.36078741633852296
-0.0036078741633852295,-0.05807226374675157,4.0,-1.1515342970964606
0.011515342970964607,-0.04075077168083414,2.0,-1.0741710606371537
0.010741710606371538,-0.038015309551415605,3.0,-1.6364493847672645
0.016364493847672645,-0.03154793541105016,1.0,-0.6618864449791655
0.006618864449791655,-0.036858301387976126,0.0,-1.8104270187646563
-0.018104270187646564,-0.054179793453893565,1.0,-2.990474536238883
-0.02990474536238883,-0.06111135103060413,1.0,-4.411533988602682
-0.04411533988602682,-0.06791951253948361,3.0,-4.437989732661517
-0.044379897326615174,-0.06260914656255762,2.0,-5.129376571258523
-0.051293765712585225,-0.06326579441795596,4.0,-3.733224928467526
-0.037332249284675253,-0.04803970920883706,1.0,-4.388578657191775
-0.043885786571917745,-0.04959300953694254,4.0,-3.145073719032184
-0.03145073719032184,-0.03654380944544763,4.0,-1.4779459638501868
-0.014779459638501868,-0.01935163472190252,0.0,-2.4079944624049556
-0.024079944624049558,-0.02704290355737365,2.0,-3.045955458879899
-0.030459554588798992,-0.029778365686792183,2.0,-3.506475176562766
-0.035064751765627664,-0.030910952775169802,1.0,-4.4332301267684855
-0.04433230126768486,-0.03749183840394528,3.0,-4.20595361739729
-0.04205953617397289,-0.03218147242701932,4.0,-2.4884240689594876
-0.024884240689594876,-0.01485998036110188,3.0,-1.6690514116113437
-0.016690514116113435,-0.007928422784391159,4.0,-0.2313416791417332
0.0023134167914173323,0.009161861244653756,0.0,-0.37040584862713416
-0.0037040584862713414,0.0021818071707036066,0.0,-2.4795994075560746
-0.024795994075560747,-0.015010367552841497,3.0,-2.471155367429587
-0.024711553674295873,-0.012977060500087527,1.0,-3.0783742581812263
-0.03078374258181226,-0.018287426477013494,1.0,-3.980159805069789
-0.03980159805069789,-0.023957581764096035,0.0,-6.285527871063669
-0.0628552787106367,-0.041047865793141125,3.0,-6.537883044185487
-0.06537883044185487,-0.03949456546503563,2.0,-6.825357122187801
-0.068253571221878,-0.040151213320434,3.0,-6.493307484772284
-0.06493307484772284,-0.033820002410246144,0.0,-8.397362340383786
-0.08397362340383788,-0.04686920250174106,4.0,-7.87048988230703
-0.0787048988230703,-0.03988914842779085,3.0,-7.457382320327631
-0.07457382320327631,-0.03295759085108031,3.0,-7.225875297533473
-0.07225875297533473,-0.10387046364062268,3.0,-7.452253777994136
-0.07452253777994136,-0.09820030835354022,4.0,-6.124350911941164
-0.06124350911941164,-0.08111002432449531,4.0,-4.6112420272609524
-0.046112420272609526,-0.06391784960095019,2.0,-4.924150060996418
-0.04924150060996418,-0.06152623096600254,2.0,-5.6004831827315495
-0.05600483182731549,-0.06265881805437995,3.0,-5.389901098107393
-0.053899010981073935,-0.0563276071441919,2.0,-6.012634201254939
-0.06012634201254939,-0.056984254999590464,4.0,-4.553200558262112
-0.04553200558262112,-0.04175816979047135,3.0,-4.140398966403731
-0.041403989664037306,-0.034826612213760634,2.0,-4.537351135089752
-0.045373511350897525,-0.03561931491666841,1.0,-5.639798190878585
-0.056397981908785845,-0.04220020054544429,2.0,-6.051019517238237
-0.060510195172382375,-0.04254022932781823,2.0,-6.559830267863751
-0.0655983026786375,-0.04367281641619607,3.0,-6.239778243416239
-0.0623977824341624,-0.037341605506007826,3.0,-5.755462014374179
-0.05755462014374178,-0.03167145021892517,4.0,-4.1164648963702986
-0.04116464896370299,-0.014581166189879907,4.0,-2.0624879274289913
-0.020624879274289912,0.002611008533665638,1.0,-2.2608172762465735
-0.022608172762465732,0.0005777014809113946,3.0,-1.6951764299472711
-0.01695176429947271,0.005888067457837706,0.0,-3.1902864613703166
-0.03190286461370316,-0.007161132633657378,4.0,-2.5138958695644877
-0.025138958695644874,-0.00018107855970706075,0.0,-3.1362445093691766
-0.031362445093691765,-0.007161132633657378,0.0,-5.376294849379429
-0.05376294849379428,-0.024353307357202925,3.0,-5.4250965576146974
-0.05425096557614697,-0.02232000030444868,2.0,-5.506357240589478
-0.05506357240589478,-0.02297664815984724,1.0,-6.683968517693133
-0.06683968517693133,-0.02955753378862312,1.0,-7.623439515559003
-0.07623439515559002,-0.03522768907570577,0.0,-10.060168485449806
-0.10060168485449805,-0.05912963646522058,2.0,-10.858238635508311
-0.1085823863550831,-0.061865098594639116,1.0,-12.26350936728355
-0.1226350936728355,-0.0683324727350048,0.0,-15.151694222299872
-0.15151694222299872,-0.08565396480092213,1.0,-16.811542706878882
-0.16811542706878882,-0.09258552237763285,4.0,-15.901198434381294
-0.15901198434381295,-0.07905554791334636,1.0,-16.70667238035787
-0.1670667238035787,-0.08060884824145186,2.0,-17.593056669986936
-0.17593056669986937,-0.08094887702382579,3.0,-17.3577546158334
-0.173577546158334,-0.07448150288346034,3.0,-17.315551926235187
-0.1731555192623519,-0.06881134759637769,4.0,-15.68558482037572
-0.1568558482037572,-0.051721063567332436,2.0,-15.798873848635676
-0.15798873848635675,-0.048985601437913896,3.0,-15.450691597325367
-0.15450691597325367,-0.042518227297548054,2.0,-15.901817716427884
-0.15901817716427885,-0.043174875152946615,2.0,-16.218433858044136
-0.16218433858044135,-0.043174875152946615,2.0,-16.671733651138748
-0.16671733651138748,-0.04430746224132446,4.0,-15.250773063200398
-0.15250773063200398,-0.029081377032205348,0.0,-16.373707380872276
-0.16373707380872277,-0.036061431106155666,4.0,-15.763638546295784
-0.15763638546295783,-0.029081377032205348,1.0,-16.19613403922759
-0.1619613403922759,-0.030634677360311082,2.0,-16.629553393651307
-0.16629553393651308,-0.030974706142685025,3.0,-16.016607237203562
-0.16016607237203562,-0.024507332002319186,2.0,-16.24322609816643
-0.1624322609816643,-0.025163979857717744,4.0,-14.699663601772915
-0.14699663601772914,-0.009937894648598636,1.0,-14.889333367042628
-0.1488933336704263,-0.01149119497670437,2.0,-15.045463153532854
-0.15045463153532854,-0.011831223759078312,2.0,-15.217246078327966
-0.15217246078327967,-0.012963810847456153,4.0,-13.597822999602966
-0.13597822999602965,0.002262274361662956,4.0,-11.462301386182618
-0.11462301386182619,0.019454449085208502,1.0,-11.619318493712143
-0.11619318493712143,0.01742114203245426,0.0,-13.373883365131844
-0.13373883365131845,9.964996653657011e-05,3.0,-12.951718840155879
-0.1295171884015588,0.07576449115975291,3.0,-11.645895429936843
-0.11645895429936844,0.08143464644683555,2.0,-10.978370522436174
-0.10978370522436173,0.08064194374392779,3.0,-9.555550473892064
-0.09555550473892063,0.08697315465411602,4.0,-6.963142778904249
-0.0696314277890425,0.10429464672003373,4.0,-3.882401201810779
-0.03882401201810779,0.12148682144357928,1.0,-3.0602916467208106
-0.030602916467208106,0.11945351439082504,0.0,-3.9459467038195237
-0.03945946703819524,0.10213202232490735,1.0,-3.9162032056319243
-0.03916203205631924,0.09520046474819734,0.0,-4.994786000209003
-0.04994786000209003,0.07811018071915206,2.0,-4.601141923088562
-0.04601141923088562,0.07537471858973352,1.0,-4.849003398196555
-0.048490033981965545,0.06890734444936769,1.0,-4.796339997244576
-0.04796339997244577,0.06323718916228503,4.0,-2.662486685071108
-0.026624866850711082,0.0767671636265718,1.0,-2.1124277462047427
-0.021124277462047425,0.07521386329846605,4.0,-0.09953660247203897
0.0009953660247203895,0.08826306338996112,4.0,-3.0468495833839397
0.0304684958338394,0.10545523811350667,0.0,-2.9457506168847463
0.029457506168847465,0.09776396927803542,0.0,-1.6768717663874693
0.016768717663874694,0.08057179455448987,2.0,-2.1341612370120715
0.021341612370120715,0.07818017591954224,1.0,-2.0898482170809087
0.020898482170809085,0.07171280177917641,0.0,-0.5981494052629293
0.005981494052629293,0.054391309713258715,4.0,-1.935670791980229
0.01935670791980229,0.06137136378720903,2.0,-2.861050212185037
0.028610502121850373,0.06410682591662757,4.0,-5.16010238520344
0.0516010238520344,0.07970028239279671,3.0,-6.838377806877331
0.0683837780687733,0.08663183996950742,4.0,-9.828131707766982
0.09828131707766982,0.12718109671120983,0.0,-10.036421890350528
0.10036421890350529,0.12020104263725953,3.0,-11.3740249827428
0.11374024982742799,0.12175434296536526,0.0,-10.706073605682075
0.10706073605682076,0.10870514287387018,1.0,-10.838287044975106
0.10838287044975106,0.10177358529715945,1.0,-10.841688722613483
0.10841688722613482,0.09496542378827957,3.0,-12.418542941270958
0.12418542941270957,0.10027578976520587,1.0,-12.685284227750472
0.12685284227750473,0.09496542378827957,3.0,-14.262169251561383
0.14262169251561382,0.10027578976520587,2.0,-14.906359952657342
0.14906359952657341,0.09961914190980732,2.0,-15.890281454039794
0.15890281454039795,0.09961914190980732,2.0,-16.64845770034878
0.1664845770034878,0.09848655482142948,3.0,-18.4736609914239
0.184736609914239,0.10481776573161772,3.0,-20.198731194506998
0.20198731194506997,0.11048792101870038,1.0,-20.33228039321834
0.2033228039321834,0.1049279887058548,3.0,-22.185910273103403
0.221859102731034,0.11023835468278112,0.0,-21.247539887288248
0.21247539887288247,0.09718915459128603,0.0,-19.732513251083926
0.19732513251083925,0.07999697986774049,4.0,-21.41780727110216
0.21417807271102157,0.08768824870321174,1.0,-21.95812352692255
0.21958123526922552,0.086134948375106,4.0,-24.62615091344557
0.24626150913445571,0.09918414846660109,1.0,-25.25733813370318
0.2525733813370318,0.09763084813849536,3.0,-27.03731378727097
0.2703731378727097,0.10294121411542166,4.0,-30.55519740553592
0.3055519740553592,0.12026270618133933,4.0,-34.57423844374187
0.34574238443741867,0.1374548809048849,2.0,-36.24175867435701
0.36241758674357005,0.13984649953983247,2.0,-37.33121309246527
0.3733121309246527,0.13871391245145462,3.0,-39.701326527062754
0.3970132652706276,0.14504512336164282,3.0,-42.619181482696206
0.426191814826962,0.24325904938232118,3.0,-47.136506756181014
0.4713650675618101,0.25006721089120104,1.0,-48.514122846636035
0.4851412284663604,0.24475684491427474,1.0,-49.693232201886005
0.49693232201886006,0.23908668962719298,3.0,-53.726157944447834
0.5372615794444784,0.24464662194003853,2.0,-56.368676787295215
0.5636867678729521,0.24398997408463993,3.0,-60.95466511030543
0.6095466511030543,0.25032118499482814,3.0,-65.50226060666405
0.6550226060666404,0.2559913402819099,1.0,-66.51835277329087
0.6651835277329087,0.2504314079690644,4.0,-73.9095178412617
0.739095178412617,0.26348060806055945,1.0,-76.33378378885521
0.7633378378885521,0.2619273077324537,4.0,-84.72177609293225
0.8472177609293224,0.2749765078239488,2.0,-89.52135492497716
0.8952135492497716,0.36353746701355283,3.0,-100.9629516060271
1.009629516060271,0.3700048411539186,0.0,-96.56643567691047
0.9656643567691047,0.35695564106242356,0.0,-90.23712617727344
0.9023712617727344,0.339763466338878,2.0,-93.53240231558243
0.9353240231558242,0.3373718477039304,3.0,-103.08557805285267
1.0308557805285266,0.3438392218442962,1.0,-104.49283047565169
1.044928304756517,0.33852885586736986,1.0,-105.27640034167418
1.0527640034167418,0.3328587005802881,2.0,-109.98812946248322
1.0998812946248322,0.33263207490365587,1.0,-110.14807909523684
1.1014807909523685,0.32616470076329007,1.0,-110.7800012702908
1.107800012702908,0.32049454547620826,0.0,-104.24567753373097
1.0424567753373097,0.303404261447163,2.0,-106.66025412413006
1.0666025412413007,0.3006687993177445,4.0,-120.49166361151944
1.2049166361151944,0.3162622557939136,0.0,-119.98791352427008
1.199879135242701,0.3092822017199633,4.0,-127.95229288382495
1.2795229288382495,0.24997065430374998,2.0,-132.10805353184676
1.3210805353184676,0.2527061164331685,4.0,-144.0667655484148
1.4406676554841478,0.2682995729093376,2.0,-148.96352614118467
1.4896352614118469,0.2710350350387561,2.0,-151.52265204650485
1.5152265204650484,0.2699024479503782,2.0,-154.5708999160388
1.545708999160388,0.2699024479503782,4.0,-169.2352493738686
1.6923524937386862,0.2854959044265473,4.0,-183.35969987753606
1.8335969987753606,0.23142195273902796,1.0,-184.6326313383421
1.8463263133834211,0.2293886456862737,0.0,-176.7362997299016
1.767362997299016,0.21206715362035602,2.0,-177.26549892108898
1.7726549892108898,0.20933169149093753,3.0,-183.0847201650749
1.830847201650749,0.21579906563130333,4.0,-196.25367341973853
1.9625367341973852,0.233120557697221,1.0,-197.72066208490946
1.9772066208490948,0.23156725736911526,0.0,-189.10911909430962
1.891091190943096,0.21424576530319758,4.0,-195.58354826250647
1.9558354826250646,0.22122581937714791,3.0,-300.1062075035093
